106
1 2 3 4 5 6 7 8 10 11 12 13 14 15 9 
1 2 3 4 5 6 7 8 10 11 12 14 15 13 9 
1 2 3 4 5 6 7 8 10 11 13 15 14 12 9 
1 2 3 4 5 6 7 8 10 12 13 14 15 11 9 
1 2 3 4 5 6 7 8 10 13 15 14 12 11 9 
1 2 3 4 5 6 7 8 11 12 13 15 14 10 9 
1 2 3 4 5 6 7 8 11 13 14 15 12 10 9 
1 2 3 4 5 6 7 8 12 13 15 14 11 10 9 
1 2 3 4 5 6 7 8 12 15 14 13 11 10 9 
1 2 3 4 5 6 7 9 10 11 12 13 15 14 8 
1 2 3 4 5 6 7 9 10 11 12 15 14 13 8 
1 2 3 4 5 6 7 9 10 11 13 14 15 12 8 
1 2 3 4 5 6 7 9 10 11 14 15 13 12 8 
1 2 3 4 5 6 7 9 10 12 13 15 14 11 8 
1 2 3 4 5 6 7 9 10 12 15 14 13 11 8 
1 2 3 4 5 6 7 9 10 13 14 15 12 11 8 
1 2 3 4 5 6 7 9 10 14 15 13 12 11 8 
1 2 3 4 5 6 7 9 11 12 13 14 15 10 8 
1 2 3 4 5 6 7 9 11 12 14 15 13 10 8 
1 2 3 4 5 6 7 9 11 13 15 14 12 10 8 
1 2 3 4 5 6 7 9 11 15 14 13 12 10 8 
1 2 3 4 5 6 7 9 12 13 14 15 11 10 8 
1 2 3 4 5 6 7 9 12 14 15 13 11 10 8 
1 2 3 4 5 6 7 9 13 15 14 12 11 10 8 
1 2 3 4 5 6 7 10 11 12 13 15 14 9 8 
1 2 3 4 5 6 7 10 11 12 15 14 13 9 8 
1 2 3 4 5 6 7 10 11 13 14 15 12 9 8 
1 2 3 4 5 6 7 10 11 14 15 13 12 9 8 
1 2 3 4 5 6 7 10 12 13 15 14 11 9 8 
1 2 3 4 5 6 7 10 12 15 14 13 11 9 8 
1 2 3 4 5 6 7 10 13 14 15 12 11 9 8 
1 2 3 4 5 6 7 11 12 13 14 15 10 9 8 
1 2 3 4 5 6 7 11 12 14 15 13 10 9 8 
1 2 3 4 5 6 7 11 13 15 14 12 10 9 8 
1 2 3 4 5 6 7 11 15 14 13 12 10 9 8 
1 2 3 4 5 6 7 12 13 14 15 11 10 9 8 
1 2 3 4 5 6 7 12 14 15 13 11 10 9 8 
1 2 3 4 5 6 7 13 15 14 12 11 10 9 8 
1 2 3 4 5 6 8 9 10 11 15 14 13 12 7 
1 2 3 4 5 6 8 9 10 12 14 15 13 11 7 
1 2 3 4 5 6 8 9 10 15 14 13 12 11 7 
1 2 3 4 5 6 8 9 11 12 15 14 13 10 7 
1 2 3 4 5 6 8 9 11 14 15 13 12 10 7 
1 2 3 4 5 6 8 9 13 14 15 12 11 10 7 
1 2 3 4 5 6 8 9 14 15 13 12 11 10 7 
1 2 3 4 5 6 8 10 11 12 14 15 13 9 7 
1 2 3 4 5 6 8 10 11 15 14 13 12 9 7 
1 2 3 4 5 6 8 10 13 15 14 12 11 9 7 
1 2 3 4 5 6 8 10 15 14 13 12 11 9 7 
1 2 3 4 5 6 8 11 12 13 15 14 10 9 7 
1 2 3 4 5 6 8 11 13 14 15 12 10 9 7 
1 2 3 4 5 6 8 11 14 15 13 12 10 9 7 
1 2 3 4 5 6 8 13 14 15 12 11 10 9 7 
1 2 3 4 5 6 8 14 15 13 12 11 10 9 7 
1 2 3 4 5 6 9 10 11 12 15 14 13 8 7 
1 2 3 4 5 6 9 10 11 14 15 13 12 8 7 
1 2 3 4 5 6 9 10 13 14 15 12 11 8 7 
1 2 3 4 5 6 9 10 14 15 13 12 11 8 7 
1 2 3 4 5 6 9 11 12 13 14 15 10 8 7 
1 2 3 4 5 6 9 11 13 15 14 12 10 8 7 
1 2 3 4 5 6 9 11 15 14 13 12 10 8 7 
1 2 3 4 5 6 9 13 15 14 12 11 10 8 7 
1 2 3 4 5 6 9 15 14 13 12 11 10 8 7 
1 2 3 4 5 6 10 11 12 15 14 13 9 8 7 
1 2 3 4 5 6 10 11 13 14 15 12 9 8 7 
1 2 3 4 5 6 10 11 14 15 13 12 9 8 7 
1 2 3 4 5 6 10 12 13 15 14 11 9 8 7 
1 2 3 4 5 6 10 13 14 15 12 11 9 8 7 
1 2 3 4 5 6 10 14 15 13 12 11 9 8 7 
1 2 3 4 5 6 11 12 13 14 15 10 9 8 7 
1 2 3 4 5 6 12 13 14 15 11 10 9 8 7 
1 2 3 4 5 6 12 14 15 13 11 10 9 8 7 
1 2 3 4 5 6 13 15 14 12 11 10 9 8 7 
1 2 3 4 5 7 8 9 15 14 13 12 11 10 6 
1 2 3 4 5 7 8 10 14 15 13 12 11 9 6 
1 2 3 4 5 7 8 15 14 13 12 11 10 9 6 
1 2 3 4 5 7 9 10 15 14 13 12 11 8 6 
1 2 3 4 5 7 9 14 15 13 12 11 10 8 6 
1 2 3 4 5 7 10 11 13 15 14 12 9 8 6 
1 2 3 4 5 7 13 14 15 12 11 10 9 8 6 
1 2 3 4 5 7 14 15 13 12 11 10 9 8 6 
1 2 3 4 5 8 9 10 14 15 13 12 11 7 6 
1 2 3 4 5 8 9 15 14 13 12 11 10 7 6 
1 2 3 4 5 8 10 11 13 14 15 12 9 7 6 
1 2 3 4 5 8 13 15 14 12 11 10 9 7 6 
1 2 3 4 5 8 15 14 13 12 11 10 9 7 6 
1 2 3 4 5 9 10 11 15 14 13 12 8 7 6 
1 2 3 4 5 9 10 13 15 14 12 11 8 7 6 
1 2 3 4 5 9 12 13 15 14 11 10 8 7 6 
1 2 3 4 5 9 13 14 15 12 11 10 8 7 6 
1 2 3 4 5 9 14 15 13 12 11 10 8 7 6 
1 2 3 4 5 10 12 13 14 15 11 9 8 7 6 
1 2 3 4 5 13 14 15 12 11 10 9 8 7 6 
1 2 3 4 5 14 15 13 12 11 10 9 8 7 6 
1 2 3 4 6 7 15 14 13 12 11 10 9 8 5 
1 2 3 4 6 8 14 15 13 12 11 10 9 7 5 
1 2 3 4 6 15 14 13 12 11 10 9 8 7 5 
1 2 3 4 7 8 15 14 13 12 11 10 9 6 5 
1 2 3 4 7 14 15 13 12 11 10 9 8 6 5 
1 2 3 4 8 9 13 15 14 12 11 10 7 6 5 
1 2 3 4 13 14 15 12 11 10 9 8 7 6 5 
1 2 3 4 14 15 13 12 11 10 9 8 7 6 5 
1 2 3 5 15 14 13 12 11 10 9 8 7 6 4 
1 2 3 6 14 15 13 12 11 10 9 8 7 5 4 
1 2 3 15 14 13 12 11 10 9 8 7 6 5 4 
1 2 15 14 13 12 11 10 9 8 7 6 5 4 3 
