22
1 2 3 4 5 6 7 8 9 10 12 13 14 15 11 
1 2 3 4 5 6 7 8 9 10 12 14 15 13 11 
1 2 3 4 5 6 7 8 9 10 13 15 14 12 11 
1 2 3 4 5 6 7 8 9 11 12 13 15 14 10 
1 2 3 4 5 6 7 8 9 11 12 15 14 13 10 
1 2 3 4 5 6 7 8 9 11 13 14 15 12 10 
1 2 3 4 5 6 7 8 9 11 14 15 13 12 10 
1 2 3 4 5 6 7 8 9 12 13 15 14 11 10 
1 2 3 4 5 6 7 8 9 12 15 14 13 11 10 
1 2 3 4 5 6 7 8 9 13 14 15 12 11 10 
1 2 3 4 5 6 7 8 9 14 15 13 12 11 10 
1 2 3 4 5 6 7 8 10 11 15 14 13 12 9 
1 2 3 4 5 6 7 8 10 12 14 15 13 11 9 
1 2 3 4 5 6 7 8 10 15 14 13 12 11 9 
1 2 3 4 5 6 7 8 11 12 15 14 13 10 9 
1 2 3 4 5 6 7 8 11 14 15 13 12 10 9 
1 2 3 4 5 6 7 8 13 14 15 12 11 10 9 
1 2 3 4 5 6 7 8 14 15 13 12 11 10 9 
1 2 3 4 5 6 7 9 15 14 13 12 11 10 8 
1 2 3 4 5 6 7 10 14 15 13 12 11 9 8 
1 2 3 4 5 6 7 15 14 13 12 11 10 9 8 
1 2 3 4 5 6 15 14 13 12 11 10 9 8 7 
