1060
1 2 3 4 5 6 7 8 9 10 12 13 14 15 16 17 18 19 20 11 
1 2 3 4 5 6 7 8 9 10 12 13 14 15 16 17 19 20 18 11 
1 2 3 4 5 6 7 8 9 10 12 13 14 15 16 18 20 19 17 11 
1 2 3 4 5 6 7 8 9 10 12 13 14 15 17 18 19 20 16 11 
1 2 3 4 5 6 7 8 9 10 12 13 14 15 18 20 19 17 16 11 
1 2 3 4 5 6 7 8 9 10 12 13 14 16 17 18 20 19 15 11 
1 2 3 4 5 6 7 8 9 10 12 13 14 16 18 19 20 17 15 11 
1 2 3 4 5 6 7 8 9 10 12 13 14 17 18 20 19 16 15 11 
1 2 3 4 5 6 7 8 9 10 12 13 14 17 20 19 18 16 15 11 
1 2 3 4 5 6 7 8 9 10 12 13 15 16 17 18 19 20 14 11 
1 2 3 4 5 6 7 8 9 10 12 13 15 16 18 20 19 17 14 11 
1 2 3 4 5 6 7 8 9 10 12 13 15 17 18 19 20 16 14 11 
1 2 3 4 5 6 7 8 9 10 12 13 15 17 19 20 18 16 14 11 
1 2 3 4 5 6 7 8 9 10 12 13 16 17 20 19 18 15 14 11 
1 2 3 4 5 6 7 8 9 10 12 13 17 18 20 19 16 15 14 11 
1 2 3 4 5 6 7 8 9 10 12 13 17 20 19 18 16 15 14 11 
1 2 3 4 5 6 7 8 9 10 12 14 15 16 17 18 20 19 13 11 
1 2 3 4 5 6 7 8 9 10 12 14 15 16 18 19 20 17 13 11 
1 2 3 4 5 6 7 8 9 10 12 14 15 17 18 20 19 16 13 11 
1 2 3 4 5 6 7 8 9 10 12 14 15 17 20 19 18 16 13 11 
1 2 3 4 5 6 7 8 9 10 12 14 16 17 19 20 18 15 13 11 
1 2 3 4 5 6 7 8 9 10 12 14 17 18 19 20 16 15 13 11 
1 2 3 4 5 6 7 8 9 10 12 14 17 19 20 18 16 15 13 11 
1 2 3 4 5 6 7 8 9 10 12 15 16 17 18 20 19 14 13 11 
1 2 3 4 5 6 7 8 9 10 12 15 17 20 19 18 16 14 13 11 
1 2 3 4 5 6 7 8 9 10 12 16 17 19 20 18 15 14 13 11 
1 2 3 4 5 6 7 8 9 10 12 16 18 20 19 17 15 14 13 11 
1 2 3 4 5 6 7 8 9 10 12 16 20 19 18 17 15 14 13 11 
1 2 3 4 5 6 7 8 9 10 13 14 15 16 17 18 19 20 12 11 
1 2 3 4 5 6 7 8 9 10 13 14 15 16 18 20 19 17 12 11 
1 2 3 4 5 6 7 8 9 10 13 14 15 17 18 19 20 16 12 11 
1 2 3 4 5 6 7 8 9 10 13 14 15 17 19 20 18 16 12 11 
1 2 3 4 5 6 7 8 9 10 13 14 16 17 20 19 18 15 12 11 
1 2 3 4 5 6 7 8 9 10 13 14 17 18 20 19 16 15 12 11 
1 2 3 4 5 6 7 8 9 10 13 14 17 20 19 18 16 15 12 11 
1 2 3 4 5 6 7 8 9 10 13 15 16 17 18 19 20 14 12 11 
1 2 3 4 5 6 7 8 9 10 13 15 17 19 20 18 16 14 12 11 
1 2 3 4 5 6 7 8 9 10 13 16 17 20 19 18 15 14 12 11 
1 2 3 4 5 6 7 8 9 10 13 16 18 19 20 17 15 14 12 11 
1 2 3 4 5 6 7 8 9 10 13 16 19 20 18 17 15 14 12 11 
1 2 3 4 5 6 7 8 9 10 14 15 16 17 18 20 19 13 12 11 
1 2 3 4 5 6 7 8 9 10 14 15 16 17 20 19 18 13 12 11 
1 2 3 4 5 6 7 8 9 10 14 15 17 18 20 19 16 13 12 11 
1 2 3 4 5 6 7 8 9 10 14 16 17 18 19 20 15 13 12 11 
1 2 3 4 5 6 7 8 9 10 14 16 17 19 20 18 15 13 12 11 
1 2 3 4 5 6 7 8 9 10 14 16 20 19 18 17 15 13 12 11 
1 2 3 4 5 6 7 8 9 10 15 16 17 20 19 18 14 13 12 11 
1 2 3 4 5 6 7 8 9 10 15 16 19 20 18 17 14 13 12 11 
1 2 3 4 5 6 7 8 9 10 16 17 19 20 18 15 14 13 12 11 
1 2 3 4 5 6 7 8 9 10 16 18 20 19 17 15 14 13 12 11 
1 2 3 4 5 6 7 8 9 10 16 20 19 18 17 15 14 13 12 11 
1 2 3 4 5 6 7 8 9 11 12 13 14 15 16 17 18 20 19 10 
1 2 3 4 5 6 7 8 9 11 12 13 14 15 16 17 20 19 18 10 
1 2 3 4 5 6 7 8 9 11 12 13 14 15 16 18 19 20 17 10 
1 2 3 4 5 6 7 8 9 11 12 13 14 15 16 19 20 18 17 10 
1 2 3 4 5 6 7 8 9 11 12 13 14 15 17 18 20 19 16 10 
1 2 3 4 5 6 7 8 9 11 12 13 14 15 17 20 19 18 16 10 
1 2 3 4 5 6 7 8 9 11 12 13 14 15 18 19 20 17 16 10 
1 2 3 4 5 6 7 8 9 11 12 13 14 15 19 20 18 17 16 10 
1 2 3 4 5 6 7 8 9 11 12 13 14 16 17 18 19 20 15 10 
1 2 3 4 5 6 7 8 9 11 12 13 14 16 17 19 20 18 15 10 
1 2 3 4 5 6 7 8 9 11 12 13 14 16 18 20 19 17 15 10 
1 2 3 4 5 6 7 8 9 11 12 13 14 16 20 19 18 17 15 10 
1 2 3 4 5 6 7 8 9 11 12 13 14 17 18 19 20 16 15 10 
1 2 3 4 5 6 7 8 9 11 12 13 14 17 19 20 18 16 15 10 
1 2 3 4 5 6 7 8 9 11 12 13 14 18 20 19 17 16 15 10 
1 2 3 4 5 6 7 8 9 11 12 13 15 16 17 18 20 19 14 10 
1 2 3 4 5 6 7 8 9 11 12 13 15 16 17 20 19 18 14 10 
1 2 3 4 5 6 7 8 9 11 12 13 15 16 18 19 20 17 14 10 
1 2 3 4 5 6 7 8 9 11 12 13 15 16 19 20 18 17 14 10 
1 2 3 4 5 6 7 8 9 11 12 13 15 17 18 20 19 16 14 10 
1 2 3 4 5 6 7 8 9 11 12 13 15 17 20 19 18 16 14 10 
1 2 3 4 5 6 7 8 9 11 12 13 15 18 19 20 17 16 14 10 
1 2 3 4 5 6 7 8 9 11 12 13 16 17 18 19 20 15 14 10 
1 2 3 4 5 6 7 8 9 11 12 13 16 17 19 20 18 15 14 10 
1 2 3 4 5 6 7 8 9 11 12 13 16 18 20 19 17 15 14 10 
1 2 3 4 5 6 7 8 9 11 12 13 16 20 19 18 17 15 14 10 
1 2 3 4 5 6 7 8 9 11 12 13 17 18 19 20 16 15 14 10 
1 2 3 4 5 6 7 8 9 11 12 13 17 19 20 18 16 15 14 10 
1 2 3 4 5 6 7 8 9 11 12 13 18 20 19 17 16 15 14 10 
1 2 3 4 5 6 7 8 9 11 12 14 15 16 17 18 19 20 13 10 
1 2 3 4 5 6 7 8 9 11 12 14 15 16 17 19 20 18 13 10 
1 2 3 4 5 6 7 8 9 11 12 14 15 16 18 20 19 17 13 10 
1 2 3 4 5 6 7 8 9 11 12 14 15 16 20 19 18 17 13 10 
1 2 3 4 5 6 7 8 9 11 12 14 15 17 18 19 20 16 13 10 
1 2 3 4 5 6 7 8 9 11 12 14 15 17 19 20 18 16 13 10 
1 2 3 4 5 6 7 8 9 11 12 14 15 18 20 19 17 16 13 10 
1 2 3 4 5 6 7 8 9 11 12 14 16 17 18 20 19 15 13 10 
1 2 3 4 5 6 7 8 9 11 12 14 16 17 20 19 18 15 13 10 
1 2 3 4 5 6 7 8 9 11 12 14 16 18 19 20 17 15 13 10 
1 2 3 4 5 6 7 8 9 11 12 14 16 19 20 18 17 15 13 10 
1 2 3 4 5 6 7 8 9 11 12 14 17 18 20 19 16 15 13 10 
1 2 3 4 5 6 7 8 9 11 12 14 17 20 19 18 16 15 13 10 
1 2 3 4 5 6 7 8 9 11 12 14 18 19 20 17 16 15 13 10 
1 2 3 4 5 6 7 8 9 11 12 15 16 17 18 19 20 14 13 10 
1 2 3 4 5 6 7 8 9 11 12 15 16 17 19 20 18 14 13 10 
1 2 3 4 5 6 7 8 9 11 12 15 16 20 19 18 17 14 13 10 
1 2 3 4 5 6 7 8 9 11 12 15 17 18 19 20 16 14 13 10 
1 2 3 4 5 6 7 8 9 11 12 15 17 19 20 18 16 14 13 10 
1 2 3 4 5 6 7 8 9 11 12 15 18 20 19 17 16 14 13 10 
1 2 3 4 5 6 7 8 9 11 12 15 20 19 18 17 16 14 13 10 
1 2 3 4 5 6 7 8 9 11 12 16 17 18 20 19 15 14 13 10 
1 2 3 4 5 6 7 8 9 11 12 16 17 20 19 18 15 14 13 10 
1 2 3 4 5 6 7 8 9 11 12 16 18 19 20 17 15 14 13 10 
1 2 3 4 5 6 7 8 9 11 12 16 19 20 18 17 15 14 13 10 
1 2 3 4 5 6 7 8 9 11 12 17 18 20 19 16 15 14 13 10 
1 2 3 4 5 6 7 8 9 11 12 17 20 19 18 16 15 14 13 10 
1 2 3 4 5 6 7 8 9 11 13 14 15 16 17 18 20 19 12 10 
1 2 3 4 5 6 7 8 9 11 13 14 15 16 17 20 19 18 12 10 
1 2 3 4 5 6 7 8 9 11 13 14 15 16 18 19 20 17 12 10 
1 2 3 4 5 6 7 8 9 11 13 14 15 16 19 20 18 17 12 10 
1 2 3 4 5 6 7 8 9 11 13 14 15 17 18 20 19 16 12 10 
1 2 3 4 5 6 7 8 9 11 13 14 15 17 20 19 18 16 12 10 
1 2 3 4 5 6 7 8 9 11 13 14 15 18 19 20 17 16 12 10 
1 2 3 4 5 6 7 8 9 11 13 14 16 17 18 19 20 15 12 10 
1 2 3 4 5 6 7 8 9 11 13 14 16 17 19 20 18 15 12 10 
1 2 3 4 5 6 7 8 9 11 13 14 16 18 20 19 17 15 12 10 
1 2 3 4 5 6 7 8 9 11 13 14 16 20 19 18 17 15 12 10 
1 2 3 4 5 6 7 8 9 11 13 14 17 18 19 20 16 15 12 10 
1 2 3 4 5 6 7 8 9 11 13 14 17 19 20 18 16 15 12 10 
1 2 3 4 5 6 7 8 9 11 13 14 18 20 19 17 16 15 12 10 
1 2 3 4 5 6 7 8 9 11 13 15 16 17 18 20 19 14 12 10 
1 2 3 4 5 6 7 8 9 11 13 15 16 17 20 19 18 14 12 10 
1 2 3 4 5 6 7 8 9 11 13 15 16 19 20 18 17 14 12 10 
1 2 3 4 5 6 7 8 9 11 13 15 17 18 20 19 16 14 12 10 
1 2 3 4 5 6 7 8 9 11 13 15 17 20 19 18 16 14 12 10 
1 2 3 4 5 6 7 8 9 11 13 15 18 19 20 17 16 14 12 10 
1 2 3 4 5 6 7 8 9 11 13 15 19 20 18 17 16 14 12 10 
1 2 3 4 5 6 7 8 9 11 13 16 17 18 19 20 15 14 12 10 
1 2 3 4 5 6 7 8 9 11 13 16 17 19 20 18 15 14 12 10 
1 2 3 4 5 6 7 8 9 11 13 16 18 20 19 17 15 14 12 10 
1 2 3 4 5 6 7 8 9 11 13 16 20 19 18 17 15 14 12 10 
1 2 3 4 5 6 7 8 9 11 13 17 18 19 20 16 15 14 12 10 
1 2 3 4 5 6 7 8 9 11 13 17 19 20 18 16 15 14 12 10 
1 2 3 4 5 6 7 8 9 11 14 15 16 17 18 19 20 13 12 10 
1 2 3 4 5 6 7 8 9 11 14 15 16 17 19 20 18 13 12 10 
1 2 3 4 5 6 7 8 9 11 14 15 16 18 20 19 17 13 12 10 
1 2 3 4 5 6 7 8 9 11 14 15 17 18 19 20 16 13 12 10 
1 2 3 4 5 6 7 8 9 11 14 15 17 19 20 18 16 13 12 10 
1 2 3 4 5 6 7 8 9 11 14 15 20 19 18 17 16 13 12 10 
1 2 3 4 5 6 7 8 9 11 14 16 17 18 20 19 15 13 12 10 
1 2 3 4 5 6 7 8 9 11 14 16 17 20 19 18 15 13 12 10 
1 2 3 4 5 6 7 8 9 11 14 16 18 19 20 17 15 13 12 10 
1 2 3 4 5 6 7 8 9 11 14 16 19 20 18 17 15 13 12 10 
1 2 3 4 5 6 7 8 9 11 14 17 20 19 18 16 15 13 12 10 
1 2 3 4 5 6 7 8 9 11 15 16 17 18 19 20 14 13 12 10 
1 2 3 4 5 6 7 8 9 11 15 16 17 19 20 18 14 13 12 10 
1 2 3 4 5 6 7 8 9 11 15 16 18 20 19 17 14 13 12 10 
1 2 3 4 5 6 7 8 9 11 15 16 20 19 18 17 14 13 12 10 
1 2 3 4 5 6 7 8 9 11 15 17 19 20 18 16 14 13 12 10 
1 2 3 4 5 6 7 8 9 11 15 18 20 19 17 16 14 13 12 10 
1 2 3 4 5 6 7 8 9 11 15 20 19 18 17 16 14 13 12 10 
1 2 3 4 5 6 7 8 9 11 16 17 18 20 19 15 14 13 12 10 
1 2 3 4 5 6 7 8 9 11 16 17 20 19 18 15 14 13 12 10 
1 2 3 4 5 6 7 8 9 11 16 18 19 20 17 15 14 13 12 10 
1 2 3 4 5 6 7 8 9 11 16 19 20 18 17 15 14 13 12 10 
1 2 3 4 5 6 7 8 9 11 17 18 20 19 16 15 14 13 12 10 
1 2 3 4 5 6 7 8 9 11 17 20 19 18 16 15 14 13 12 10 
1 2 3 4 5 6 7 8 9 12 13 14 15 16 17 18 19 20 11 10 
1 2 3 4 5 6 7 8 9 12 13 14 15 16 17 19 20 18 11 10 
1 2 3 4 5 6 7 8 9 12 13 14 15 16 18 20 19 17 11 10 
1 2 3 4 5 6 7 8 9 12 13 14 15 16 20 19 18 17 11 10 
1 2 3 4 5 6 7 8 9 12 13 14 15 17 18 19 20 16 11 10 
1 2 3 4 5 6 7 8 9 12 13 14 15 17 19 20 18 16 11 10 
1 2 3 4 5 6 7 8 9 12 13 14 15 18 20 19 17 16 11 10 
1 2 3 4 5 6 7 8 9 12 13 14 16 17 18 20 19 15 11 10 
1 2 3 4 5 6 7 8 9 12 13 14 16 17 20 19 18 15 11 10 
1 2 3 4 5 6 7 8 9 12 13 14 16 18 19 20 17 15 11 10 
1 2 3 4 5 6 7 8 9 12 13 14 16 19 20 18 17 15 11 10 
1 2 3 4 5 6 7 8 9 12 13 14 17 18 20 19 16 15 11 10 
1 2 3 4 5 6 7 8 9 12 13 14 17 20 19 18 16 15 11 10 
1 2 3 4 5 6 7 8 9 12 13 14 18 19 20 17 16 15 11 10 
1 2 3 4 5 6 7 8 9 12 13 15 16 17 18 19 20 14 11 10 
1 2 3 4 5 6 7 8 9 12 13 15 16 17 19 20 18 14 11 10 
1 2 3 4 5 6 7 8 9 12 13 15 16 20 19 18 17 14 11 10 
1 2 3 4 5 6 7 8 9 12 13 15 17 18 19 20 16 14 11 10 
1 2 3 4 5 6 7 8 9 12 13 15 17 19 20 18 16 14 11 10 
1 2 3 4 5 6 7 8 9 12 13 15 18 20 19 17 16 14 11 10 
1 2 3 4 5 6 7 8 9 12 13 15 20 19 18 17 16 14 11 10 
1 2 3 4 5 6 7 8 9 12 13 16 17 18 20 19 15 14 11 10 
1 2 3 4 5 6 7 8 9 12 13 16 17 20 19 18 15 14 11 10 
1 2 3 4 5 6 7 8 9 12 13 16 18 19 20 17 15 14 11 10 
1 2 3 4 5 6 7 8 9 12 13 16 19 20 18 17 15 14 11 10 
1 2 3 4 5 6 7 8 9 12 13 17 18 20 19 16 15 14 11 10 
1 2 3 4 5 6 7 8 9 12 13 17 20 19 18 16 15 14 11 10 
1 2 3 4 5 6 7 8 9 12 14 15 16 17 18 20 19 13 11 10 
1 2 3 4 5 6 7 8 9 12 14 15 16 17 20 19 18 13 11 10 
1 2 3 4 5 6 7 8 9 12 14 15 16 18 19 20 17 13 11 10 
1 2 3 4 5 6 7 8 9 12 14 15 17 18 20 19 16 13 11 10 
1 2 3 4 5 6 7 8 9 12 14 15 17 20 19 18 16 13 11 10 
1 2 3 4 5 6 7 8 9 12 14 15 19 20 18 17 16 13 11 10 
1 2 3 4 5 6 7 8 9 12 14 16 17 18 19 20 15 13 11 10 
1 2 3 4 5 6 7 8 9 12 14 16 17 19 20 18 15 13 11 10 
1 2 3 4 5 6 7 8 9 12 14 16 18 20 19 17 15 13 11 10 
1 2 3 4 5 6 7 8 9 12 14 16 20 19 18 17 15 13 11 10 
1 2 3 4 5 6 7 8 9 12 14 17 19 20 18 16 15 13 11 10 
1 2 3 4 5 6 7 8 9 12 15 16 17 18 20 19 14 13 11 10 
1 2 3 4 5 6 7 8 9 12 15 16 17 20 19 18 14 13 11 10 
1 2 3 4 5 6 7 8 9 12 15 16 18 19 20 17 14 13 11 10 
1 2 3 4 5 6 7 8 9 12 15 16 19 20 18 17 14 13 11 10 
1 2 3 4 5 6 7 8 9 12 15 17 20 19 18 16 14 13 11 10 
1 2 3 4 5 6 7 8 9 12 15 18 19 20 17 16 14 13 11 10 
1 2 3 4 5 6 7 8 9 12 15 19 20 18 17 16 14 13 11 10 
1 2 3 4 5 6 7 8 9 12 16 17 18 19 20 15 14 13 11 10 
1 2 3 4 5 6 7 8 9 12 16 17 19 20 18 15 14 13 11 10 
1 2 3 4 5 6 7 8 9 12 16 18 20 19 17 15 14 13 11 10 
1 2 3 4 5 6 7 8 9 12 16 20 19 18 17 15 14 13 11 10 
1 2 3 4 5 6 7 8 9 12 17 18 19 20 16 15 14 13 11 10 
1 2 3 4 5 6 7 8 9 12 17 19 20 18 16 15 14 13 11 10 
1 2 3 4 5 6 7 8 9 13 14 15 16 17 18 19 20 12 11 10 
1 2 3 4 5 6 7 8 9 13 14 15 16 17 19 20 18 12 11 10 
1 2 3 4 5 6 7 8 9 13 14 15 16 18 20 19 17 12 11 10 
1 2 3 4 5 6 7 8 9 13 14 15 16 20 19 18 17 12 11 10 
1 2 3 4 5 6 7 8 9 13 14 15 17 18 19 20 16 12 11 10 
1 2 3 4 5 6 7 8 9 13 14 15 17 19 20 18 16 12 11 10 
1 2 3 4 5 6 7 8 9 13 14 15 18 20 19 17 16 12 11 10 
1 2 3 4 5 6 7 8 9 13 14 16 17 18 20 19 15 12 11 10 
1 2 3 4 5 6 7 8 9 13 14 16 17 20 19 18 15 12 11 10 
1 2 3 4 5 6 7 8 9 13 14 16 18 19 20 17 15 12 11 10 
1 2 3 4 5 6 7 8 9 13 14 16 19 20 18 17 15 12 11 10 
1 2 3 4 5 6 7 8 9 13 14 17 18 20 19 16 15 12 11 10 
1 2 3 4 5 6 7 8 9 13 15 16 17 18 19 20 14 12 11 10 
1 2 3 4 5 6 7 8 9 13 15 16 17 19 20 18 14 12 11 10 
1 2 3 4 5 6 7 8 9 13 15 16 18 20 19 17 14 12 11 10 
1 2 3 4 5 6 7 8 9 13 15 16 20 19 18 17 14 12 11 10 
1 2 3 4 5 6 7 8 9 13 15 17 18 19 20 16 14 12 11 10 
1 2 3 4 5 6 7 8 9 13 15 17 19 20 18 16 14 12 11 10 
1 2 3 4 5 6 7 8 9 13 15 20 19 18 17 16 14 12 11 10 
1 2 3 4 5 6 7 8 9 13 16 17 18 20 19 15 14 12 11 10 
1 2 3 4 5 6 7 8 9 13 16 17 20 19 18 15 14 12 11 10 
1 2 3 4 5 6 7 8 9 13 16 18 19 20 17 15 14 12 11 10 
1 2 3 4 5 6 7 8 9 13 16 19 20 18 17 15 14 12 11 10 
1 2 3 4 5 6 7 8 9 13 17 20 19 18 16 15 14 12 11 10 
1 2 3 4 5 6 7 8 9 14 15 16 17 18 20 19 13 12 11 10 
1 2 3 4 5 6 7 8 9 14 15 16 18 19 20 17 13 12 11 10 
1 2 3 4 5 6 7 8 9 14 15 16 19 20 18 17 13 12 11 10 
1 2 3 4 5 6 7 8 9 14 15 17 20 19 18 16 13 12 11 10 
1 2 3 4 5 6 7 8 9 14 15 19 20 18 17 16 13 12 11 10 
1 2 3 4 5 6 7 8 9 14 16 17 18 19 20 15 13 12 11 10 
1 2 3 4 5 6 7 8 9 14 16 17 19 20 18 15 13 12 11 10 
1 2 3 4 5 6 7 8 9 14 16 18 20 19 17 15 13 12 11 10 
1 2 3 4 5 6 7 8 9 14 16 20 19 18 17 15 13 12 11 10 
1 2 3 4 5 6 7 8 9 14 17 19 20 18 16 15 13 12 11 10 
1 2 3 4 5 6 7 8 9 14 18 20 19 17 16 15 13 12 11 10 
1 2 3 4 5 6 7 8 9 14 20 19 18 17 16 15 13 12 11 10 
1 2 3 4 5 6 7 8 9 15 16 17 18 20 19 14 13 12 11 10 
1 2 3 4 5 6 7 8 9 15 16 17 20 19 18 14 13 12 11 10 
1 2 3 4 5 6 7 8 9 15 16 18 19 20 17 14 13 12 11 10 
1 2 3 4 5 6 7 8 9 15 16 19 20 18 17 14 13 12 11 10 
1 2 3 4 5 6 7 8 9 15 17 18 20 19 16 14 13 12 11 10 
1 2 3 4 5 6 7 8 9 15 17 20 19 18 16 14 13 12 11 10 
1 2 3 4 5 6 7 8 9 15 18 19 20 17 16 14 13 12 11 10 
1 2 3 4 5 6 7 8 9 15 19 20 18 17 16 14 13 12 11 10 
1 2 3 4 5 6 7 8 9 16 17 19 20 18 15 14 13 12 11 10 
1 2 3 4 5 6 7 8 9 16 18 20 19 17 15 14 13 12 11 10 
1 2 3 4 5 6 7 8 9 16 20 19 18 17 15 14 13 12 11 10 
1 2 3 4 5 6 7 8 10 11 12 13 14 15 16 20 19 18 17 9 
1 2 3 4 5 6 7 8 10 11 12 13 14 15 17 19 20 18 16 9 
1 2 3 4 5 6 7 8 10 11 12 13 14 15 20 19 18 17 16 9 
1 2 3 4 5 6 7 8 10 11 12 13 14 16 17 20 19 18 15 9 
1 2 3 4 5 6 7 8 10 11 12 13 14 16 19 20 18 17 15 9 
1 2 3 4 5 6 7 8 10 11 12 13 14 18 19 20 17 16 15 9 
1 2 3 4 5 6 7 8 10 11 12 13 14 19 20 18 17 16 15 9 
1 2 3 4 5 6 7 8 10 11 12 13 15 16 17 19 20 18 14 9 
1 2 3 4 5 6 7 8 10 11 12 13 15 16 20 19 18 17 14 9 
1 2 3 4 5 6 7 8 10 11 12 13 15 18 20 19 17 16 14 9 
1 2 3 4 5 6 7 8 10 11 12 13 15 20 19 18 17 16 14 9 
1 2 3 4 5 6 7 8 10 11 12 13 16 17 18 20 19 15 14 9 
1 2 3 4 5 6 7 8 10 11 12 13 16 18 19 20 17 15 14 9 
1 2 3 4 5 6 7 8 10 11 12 13 16 19 20 18 17 15 14 9 
1 2 3 4 5 6 7 8 10 11 12 13 18 19 20 17 16 15 14 9 
1 2 3 4 5 6 7 8 10 11 12 13 19 20 18 17 16 15 14 9 
1 2 3 4 5 6 7 8 10 11 12 14 15 16 17 20 19 18 13 9 
1 2 3 4 5 6 7 8 10 11 12 14 15 16 19 20 18 17 13 9 
1 2 3 4 5 6 7 8 10 11 12 14 15 18 19 20 17 16 13 9 
1 2 3 4 5 6 7 8 10 11 12 14 15 19 20 18 17 16 13 9 
1 2 3 4 5 6 7 8 10 11 12 14 16 17 18 19 20 15 13 9 
1 2 3 4 5 6 7 8 10 11 12 14 16 18 20 19 17 15 13 9 
1 2 3 4 5 6 7 8 10 11 12 14 16 20 19 18 17 15 13 9 
1 2 3 4 5 6 7 8 10 11 12 14 18 20 19 17 16 15 13 9 
1 2 3 4 5 6 7 8 10 11 12 14 20 19 18 17 16 15 13 9 
1 2 3 4 5 6 7 8 10 11 12 15 16 17 20 19 18 14 13 9 
1 2 3 4 5 6 7 8 10 11 12 15 16 18 19 20 17 14 13 9 
1 2 3 4 5 6 7 8 10 11 12 15 16 19 20 18 17 14 13 9 
1 2 3 4 5 6 7 8 10 11 12 15 17 18 20 19 16 14 13 9 
1 2 3 4 5 6 7 8 10 11 12 15 18 19 20 17 16 14 13 9 
1 2 3 4 5 6 7 8 10 11 12 15 19 20 18 17 16 14 13 9 
1 2 3 4 5 6 7 8 10 11 12 16 17 18 19 20 15 14 13 9 
1 2 3 4 5 6 7 8 10 11 12 17 18 19 20 16 15 14 13 9 
1 2 3 4 5 6 7 8 10 11 12 17 19 20 18 16 15 14 13 9 
1 2 3 4 5 6 7 8 10 11 12 18 20 19 17 16 15 14 13 9 
1 2 3 4 5 6 7 8 10 11 13 14 15 16 17 19 20 18 12 9 
1 2 3 4 5 6 7 8 10 11 13 14 15 16 20 19 18 17 12 9 
1 2 3 4 5 6 7 8 10 11 13 14 15 18 20 19 17 16 12 9 
1 2 3 4 5 6 7 8 10 11 13 14 15 20 19 18 17 16 12 9 
1 2 3 4 5 6 7 8 10 11 13 14 16 17 18 20 19 15 12 9 
1 2 3 4 5 6 7 8 10 11 13 14 16 18 19 20 17 15 12 9 
1 2 3 4 5 6 7 8 10 11 13 14 16 19 20 18 17 15 12 9 
1 2 3 4 5 6 7 8 10 11 13 14 18 19 20 17 16 15 12 9 
1 2 3 4 5 6 7 8 10 11 13 14 19 20 18 17 16 15 12 9 
1 2 3 4 5 6 7 8 10 11 13 15 16 17 19 20 18 14 12 9 
1 2 3 4 5 6 7 8 10 11 13 15 16 18 20 19 17 14 12 9 
1 2 3 4 5 6 7 8 10 11 13 15 16 20 19 18 17 14 12 9 
1 2 3 4 5 6 7 8 10 11 13 15 17 18 19 20 16 14 12 9 
1 2 3 4 5 6 7 8 10 11 13 15 18 20 19 17 16 14 12 9 
1 2 3 4 5 6 7 8 10 11 13 15 20 19 18 17 16 14 12 9 
1 2 3 4 5 6 7 8 10 11 13 16 17 18 20 19 15 14 12 9 
1 2 3 4 5 6 7 8 10 11 13 17 18 20 19 16 15 14 12 9 
1 2 3 4 5 6 7 8 10 11 13 17 20 19 18 16 15 14 12 9 
1 2 3 4 5 6 7 8 10 11 13 18 19 20 17 16 15 14 12 9 
1 2 3 4 5 6 7 8 10 11 14 15 16 18 19 20 17 13 12 9 
1 2 3 4 5 6 7 8 10 11 14 15 16 19 20 18 17 13 12 9 
1 2 3 4 5 6 7 8 10 11 14 15 17 20 19 18 16 13 12 9 
1 2 3 4 5 6 7 8 10 11 14 15 18 19 20 17 16 13 12 9 
1 2 3 4 5 6 7 8 10 11 14 15 19 20 18 17 16 13 12 9 
1 2 3 4 5 6 7 8 10 11 14 16 18 20 19 17 15 13 12 9 
1 2 3 4 5 6 7 8 10 11 14 17 18 19 20 16 15 13 12 9 
1 2 3 4 5 6 7 8 10 11 14 17 19 20 18 16 15 13 12 9 
1 2 3 4 5 6 7 8 10 11 14 18 20 19 17 16 15 13 12 9 
1 2 3 4 5 6 7 8 10 11 14 20 19 18 17 16 15 13 12 9 
1 2 3 4 5 6 7 8 10 11 15 16 17 18 20 19 14 13 12 9 
1 2 3 4 5 6 7 8 10 11 15 16 18 19 20 17 14 13 12 9 
1 2 3 4 5 6 7 8 10 11 15 17 18 20 19 16 14 13 12 9 
1 2 3 4 5 6 7 8 10 11 15 17 20 19 18 16 14 13 12 9 
1 2 3 4 5 6 7 8 10 11 15 18 19 20 17 16 14 13 12 9 
1 2 3 4 5 6 7 8 10 11 15 19 20 18 17 16 14 13 12 9 
1 2 3 4 5 6 7 8 10 11 16 17 18 19 20 15 14 13 12 9 
1 2 3 4 5 6 7 8 10 11 17 18 19 20 16 15 14 13 12 9 
1 2 3 4 5 6 7 8 10 11 17 19 20 18 16 15 14 13 12 9 
1 2 3 4 5 6 7 8 10 11 18 20 19 17 16 15 14 13 12 9 
1 2 3 4 5 6 7 8 10 12 13 14 15 16 17 20 19 18 11 9 
1 2 3 4 5 6 7 8 10 12 13 14 15 16 19 20 18 17 11 9 
1 2 3 4 5 6 7 8 10 12 13 14 15 18 19 20 17 16 11 9 
1 2 3 4 5 6 7 8 10 12 13 14 15 19 20 18 17 16 11 9 
1 2 3 4 5 6 7 8 10 12 13 14 16 17 18 19 20 15 11 9 
1 2 3 4 5 6 7 8 10 12 13 14 16 18 20 19 17 15 11 9 
1 2 3 4 5 6 7 8 10 12 13 14 16 20 19 18 17 15 11 9 
1 2 3 4 5 6 7 8 10 12 13 14 18 20 19 17 16 15 11 9 
1 2 3 4 5 6 7 8 10 12 13 14 20 19 18 17 16 15 11 9 
1 2 3 4 5 6 7 8 10 12 13 15 16 17 20 19 18 14 11 9 
1 2 3 4 5 6 7 8 10 12 13 15 16 18 19 20 17 14 11 9 
1 2 3 4 5 6 7 8 10 12 13 15 16 19 20 18 17 14 11 9 
1 2 3 4 5 6 7 8 10 12 13 15 17 18 20 19 16 14 11 9 
1 2 3 4 5 6 7 8 10 12 13 15 18 19 20 17 16 14 11 9 
1 2 3 4 5 6 7 8 10 12 13 15 19 20 18 17 16 14 11 9 
1 2 3 4 5 6 7 8 10 12 13 16 17 18 19 20 15 14 11 9 
1 2 3 4 5 6 7 8 10 12 13 17 18 19 20 16 15 14 11 9 
1 2 3 4 5 6 7 8 10 12 13 17 19 20 18 16 15 14 11 9 
1 2 3 4 5 6 7 8 10 12 13 18 20 19 17 16 15 14 11 9 
1 2 3 4 5 6 7 8 10 12 14 15 16 18 20 19 17 13 11 9 
1 2 3 4 5 6 7 8 10 12 14 15 16 20 19 18 17 13 11 9 
1 2 3 4 5 6 7 8 10 12 14 15 17 19 20 18 16 13 11 9 
1 2 3 4 5 6 7 8 10 12 14 15 18 20 19 17 16 13 11 9 
1 2 3 4 5 6 7 8 10 12 14 15 20 19 18 17 16 13 11 9 
1 2 3 4 5 6 7 8 10 12 14 16 18 19 20 17 15 13 11 9 
1 2 3 4 5 6 7 8 10 12 14 17 18 20 19 16 15 13 11 9 
1 2 3 4 5 6 7 8 10 12 14 17 20 19 18 16 15 13 11 9 
1 2 3 4 5 6 7 8 10 12 14 18 19 20 17 16 15 13 11 9 
1 2 3 4 5 6 7 8 10 12 14 19 20 18 17 16 15 13 11 9 
1 2 3 4 5 6 7 8 10 12 15 16 17 18 19 20 14 13 11 9 
1 2 3 4 5 6 7 8 10 12 15 16 18 20 19 17 14 13 11 9 
1 2 3 4 5 6 7 8 10 12 15 17 18 19 20 16 14 13 11 9 
1 2 3 4 5 6 7 8 10 12 15 17 19 20 18 16 14 13 11 9 
1 2 3 4 5 6 7 8 10 12 15 18 20 19 17 16 14 13 11 9 
1 2 3 4 5 6 7 8 10 12 15 20 19 18 17 16 14 13 11 9 
1 2 3 4 5 6 7 8 10 12 16 17 18 20 19 15 14 13 11 9 
1 2 3 4 5 6 7 8 10 12 17 18 20 19 16 15 14 13 11 9 
1 2 3 4 5 6 7 8 10 12 17 20 19 18 16 15 14 13 11 9 
1 2 3 4 5 6 7 8 10 12 18 19 20 17 16 15 14 13 11 9 
1 2 3 4 5 6 7 8 10 13 14 15 16 17 18 20 19 12 11 9 
1 2 3 4 5 6 7 8 10 13 14 15 16 18 19 20 17 12 11 9 
1 2 3 4 5 6 7 8 10 13 14 15 16 19 20 18 17 12 11 9 
1 2 3 4 5 6 7 8 10 13 14 15 18 19 20 17 16 12 11 9 
1 2 3 4 5 6 7 8 10 13 14 15 19 20 18 17 16 12 11 9 
1 2 3 4 5 6 7 8 10 13 14 16 17 19 20 18 15 12 11 9 
1 2 3 4 5 6 7 8 10 13 14 16 20 19 18 17 15 12 11 9 
1 2 3 4 5 6 7 8 10 13 14 17 18 19 20 16 15 12 11 9 
1 2 3 4 5 6 7 8 10 13 14 17 19 20 18 16 15 12 11 9 
1 2 3 4 5 6 7 8 10 13 14 20 19 18 17 16 15 12 11 9 
1 2 3 4 5 6 7 8 10 13 15 16 17 20 19 18 14 12 11 9 
1 2 3 4 5 6 7 8 10 13 15 17 18 20 19 16 14 12 11 9 
1 2 3 4 5 6 7 8 10 13 15 17 20 19 18 16 14 12 11 9 
1 2 3 4 5 6 7 8 10 13 15 18 19 20 17 16 14 12 11 9 
1 2 3 4 5 6 7 8 10 13 15 19 20 18 17 16 14 12 11 9 
1 2 3 4 5 6 7 8 10 13 16 18 20 19 17 15 14 12 11 9 
1 2 3 4 5 6 7 8 10 13 17 18 19 20 16 15 14 12 11 9 
1 2 3 4 5 6 7 8 10 13 17 19 20 18 16 15 14 12 11 9 
1 2 3 4 5 6 7 8 10 13 18 20 19 17 16 15 14 12 11 9 
1 2 3 4 5 6 7 8 10 13 20 19 18 17 16 15 14 12 11 9 
1 2 3 4 5 6 7 8 10 14 15 16 17 18 19 20 13 12 11 9 
1 2 3 4 5 6 7 8 10 14 15 16 17 19 20 18 13 12 11 9 
1 2 3 4 5 6 7 8 10 14 15 16 18 20 19 17 13 12 11 9 
1 2 3 4 5 6 7 8 10 14 15 17 18 19 20 16 13 12 11 9 
1 2 3 4 5 6 7 8 10 14 15 17 19 20 18 16 13 12 11 9 
1 2 3 4 5 6 7 8 10 14 15 18 20 19 17 16 13 12 11 9 
1 2 3 4 5 6 7 8 10 14 15 20 19 18 17 16 13 12 11 9 
1 2 3 4 5 6 7 8 10 14 16 17 18 20 19 15 13 12 11 9 
1 2 3 4 5 6 7 8 10 14 16 18 19 20 17 15 13 12 11 9 
1 2 3 4 5 6 7 8 10 14 17 18 20 19 16 15 13 12 11 9 
1 2 3 4 5 6 7 8 10 14 17 20 19 18 16 15 13 12 11 9 
1 2 3 4 5 6 7 8 10 14 18 19 20 17 16 15 13 12 11 9 
1 2 3 4 5 6 7 8 10 14 19 20 18 17 16 15 13 12 11 9 
1 2 3 4 5 6 7 8 10 15 16 17 18 19 20 14 13 12 11 9 
1 2 3 4 5 6 7 8 10 15 16 18 20 19 17 14 13 12 11 9 
1 2 3 4 5 6 7 8 10 15 17 18 19 20 16 14 13 12 11 9 
1 2 3 4 5 6 7 8 10 16 17 18 20 19 15 14 13 12 11 9 
1 2 3 4 5 6 7 8 10 16 17 20 19 18 15 14 13 12 11 9 
1 2 3 4 5 6 7 8 10 16 18 19 20 17 15 14 13 12 11 9 
1 2 3 4 5 6 7 8 10 16 19 20 18 17 15 14 13 12 11 9 
1 2 3 4 5 6 7 8 10 17 18 20 19 16 15 14 13 12 11 9 
1 2 3 4 5 6 7 8 10 17 20 19 18 16 15 14 13 12 11 9 
1 2 3 4 5 6 7 8 11 12 13 14 15 16 17 19 20 18 10 9 
1 2 3 4 5 6 7 8 11 12 13 14 15 16 20 19 18 17 10 9 
1 2 3 4 5 6 7 8 11 12 13 14 15 18 20 19 17 16 10 9 
1 2 3 4 5 6 7 8 11 12 13 14 15 20 19 18 17 16 10 9 
1 2 3 4 5 6 7 8 11 12 13 14 16 17 18 20 19 15 10 9 
1 2 3 4 5 6 7 8 11 12 13 14 16 18 19 20 17 15 10 9 
1 2 3 4 5 6 7 8 11 12 13 14 16 19 20 18 17 15 10 9 
1 2 3 4 5 6 7 8 11 12 13 14 18 19 20 17 16 15 10 9 
1 2 3 4 5 6 7 8 11 12 13 14 19 20 18 17 16 15 10 9 
1 2 3 4 5 6 7 8 11 12 13 15 16 17 19 20 18 14 10 9 
1 2 3 4 5 6 7 8 11 12 13 15 16 18 20 19 17 14 10 9 
1 2 3 4 5 6 7 8 11 12 13 15 16 20 19 18 17 14 10 9 
1 2 3 4 5 6 7 8 11 12 13 15 17 18 19 20 16 14 10 9 
1 2 3 4 5 6 7 8 11 12 13 15 18 20 19 17 16 14 10 9 
1 2 3 4 5 6 7 8 11 12 13 15 20 19 18 17 16 14 10 9 
1 2 3 4 5 6 7 8 11 12 13 16 17 18 20 19 15 14 10 9 
1 2 3 4 5 6 7 8 11 12 13 17 18 20 19 16 15 14 10 9 
1 2 3 4 5 6 7 8 11 12 13 17 20 19 18 16 15 14 10 9 
1 2 3 4 5 6 7 8 11 12 13 18 19 20 17 16 15 14 10 9 
1 2 3 4 5 6 7 8 11 12 14 15 16 18 19 20 17 13 10 9 
1 2 3 4 5 6 7 8 11 12 14 15 16 19 20 18 17 13 10 9 
1 2 3 4 5 6 7 8 11 12 14 15 17 20 19 18 16 13 10 9 
1 2 3 4 5 6 7 8 11 12 14 15 18 19 20 17 16 13 10 9 
1 2 3 4 5 6 7 8 11 12 14 15 19 20 18 17 16 13 10 9 
1 2 3 4 5 6 7 8 11 12 14 16 18 20 19 17 15 13 10 9 
1 2 3 4 5 6 7 8 11 12 14 17 18 19 20 16 15 13 10 9 
1 2 3 4 5 6 7 8 11 12 14 17 19 20 18 16 15 13 10 9 
1 2 3 4 5 6 7 8 11 12 14 18 20 19 17 16 15 13 10 9 
1 2 3 4 5 6 7 8 11 12 14 20 19 18 17 16 15 13 10 9 
1 2 3 4 5 6 7 8 11 12 15 16 17 18 20 19 14 13 10 9 
1 2 3 4 5 6 7 8 11 12 15 16 18 19 20 17 14 13 10 9 
1 2 3 4 5 6 7 8 11 12 15 17 18 20 19 16 14 13 10 9 
1 2 3 4 5 6 7 8 11 12 15 17 20 19 18 16 14 13 10 9 
1 2 3 4 5 6 7 8 11 12 15 18 19 20 17 16 14 13 10 9 
1 2 3 4 5 6 7 8 11 12 15 19 20 18 17 16 14 13 10 9 
1 2 3 4 5 6 7 8 11 12 16 17 18 19 20 15 14 13 10 9 
1 2 3 4 5 6 7 8 11 12 17 18 19 20 16 15 14 13 10 9 
1 2 3 4 5 6 7 8 11 12 17 19 20 18 16 15 14 13 10 9 
1 2 3 4 5 6 7 8 11 12 18 20 19 17 16 15 14 13 10 9 
1 2 3 4 5 6 7 8 11 13 14 15 16 17 18 19 20 12 10 9 
1 2 3 4 5 6 7 8 11 13 14 15 16 18 20 19 17 12 10 9 
1 2 3 4 5 6 7 8 11 13 14 15 16 20 19 18 17 12 10 9 
1 2 3 4 5 6 7 8 11 13 14 15 18 20 19 17 16 12 10 9 
1 2 3 4 5 6 7 8 11 13 14 15 20 19 18 17 16 12 10 9 
1 2 3 4 5 6 7 8 11 13 14 16 17 20 19 18 15 12 10 9 
1 2 3 4 5 6 7 8 11 13 14 16 19 20 18 17 15 12 10 9 
1 2 3 4 5 6 7 8 11 13 14 17 18 20 19 16 15 12 10 9 
1 2 3 4 5 6 7 8 11 13 14 17 20 19 18 16 15 12 10 9 
1 2 3 4 5 6 7 8 11 13 14 19 20 18 17 16 15 12 10 9 
1 2 3 4 5 6 7 8 11 13 15 16 17 19 20 18 14 12 10 9 
1 2 3 4 5 6 7 8 11 13 15 17 18 19 20 16 14 12 10 9 
1 2 3 4 5 6 7 8 11 13 15 17 19 20 18 16 14 12 10 9 
1 2 3 4 5 6 7 8 11 13 15 18 20 19 17 16 14 12 10 9 
1 2 3 4 5 6 7 8 11 13 15 20 19 18 17 16 14 12 10 9 
1 2 3 4 5 6 7 8 11 13 16 18 19 20 17 15 14 12 10 9 
1 2 3 4 5 6 7 8 11 13 17 18 20 19 16 15 14 12 10 9 
1 2 3 4 5 6 7 8 11 13 17 20 19 18 16 15 14 12 10 9 
1 2 3 4 5 6 7 8 11 13 18 19 20 17 16 15 14 12 10 9 
1 2 3 4 5 6 7 8 11 13 19 20 18 17 16 15 14 12 10 9 
1 2 3 4 5 6 7 8 11 14 15 16 17 18 20 19 13 12 10 9 
1 2 3 4 5 6 7 8 11 14 15 16 17 20 19 18 13 12 10 9 
1 2 3 4 5 6 7 8 11 14 15 16 18 19 20 17 13 12 10 9 
1 2 3 4 5 6 7 8 11 14 15 17 18 20 19 16 13 12 10 9 
1 2 3 4 5 6 7 8 11 14 15 17 20 19 18 16 13 12 10 9 
1 2 3 4 5 6 7 8 11 14 15 18 19 20 17 16 13 12 10 9 
1 2 3 4 5 6 7 8 11 14 15 19 20 18 17 16 13 12 10 9 
1 2 3 4 5 6 7 8 11 14 16 17 18 19 20 15 13 12 10 9 
1 2 3 4 5 6 7 8 11 14 16 18 20 19 17 15 13 12 10 9 
1 2 3 4 5 6 7 8 11 14 17 18 19 20 16 15 13 12 10 9 
1 2 3 4 5 6 7 8 11 14 17 19 20 18 16 15 13 12 10 9 
1 2 3 4 5 6 7 8 11 14 18 20 19 17 16 15 13 12 10 9 
1 2 3 4 5 6 7 8 11 14 20 19 18 17 16 15 13 12 10 9 
1 2 3 4 5 6 7 8 11 15 16 17 18 20 19 14 13 12 10 9 
1 2 3 4 5 6 7 8 11 15 16 18 19 20 17 14 13 12 10 9 
1 2 3 4 5 6 7 8 11 15 17 18 20 19 16 14 13 12 10 9 
1 2 3 4 5 6 7 8 11 16 17 18 19 20 15 14 13 12 10 9 
1 2 3 4 5 6 7 8 11 16 17 19 20 18 15 14 13 12 10 9 
1 2 3 4 5 6 7 8 11 16 18 20 19 17 15 14 13 12 10 9 
1 2 3 4 5 6 7 8 11 16 20 19 18 17 15 14 13 12 10 9 
1 2 3 4 5 6 7 8 11 17 18 19 20 16 15 14 13 12 10 9 
1 2 3 4 5 6 7 8 11 17 19 20 18 16 15 14 13 12 10 9 
1 2 3 4 5 6 7 8 12 13 14 15 16 17 20 19 18 11 10 9 
1 2 3 4 5 6 7 8 12 13 14 15 16 18 19 20 17 11 10 9 
1 2 3 4 5 6 7 8 12 13 14 15 16 19 20 18 17 11 10 9 
1 2 3 4 5 6 7 8 12 13 14 15 17 18 20 19 16 11 10 9 
1 2 3 4 5 6 7 8 12 13 14 15 18 19 20 17 16 11 10 9 
1 2 3 4 5 6 7 8 12 13 14 15 19 20 18 17 16 11 10 9 
1 2 3 4 5 6 7 8 12 13 14 16 17 18 19 20 15 11 10 9 
1 2 3 4 5 6 7 8 12 13 14 17 18 19 20 16 15 11 10 9 
1 2 3 4 5 6 7 8 12 13 14 17 19 20 18 16 15 11 10 9 
1 2 3 4 5 6 7 8 12 13 14 18 20 19 17 16 15 11 10 9 
1 2 3 4 5 6 7 8 12 13 15 16 19 20 18 17 14 11 10 9 
1 2 3 4 5 6 7 8 12 13 15 17 18 20 19 16 14 11 10 9 
1 2 3 4 5 6 7 8 12 13 15 17 20 19 18 16 14 11 10 9 
1 2 3 4 5 6 7 8 12 13 15 18 19 20 17 16 14 11 10 9 
1 2 3 4 5 6 7 8 12 13 15 19 20 18 17 16 14 11 10 9 
1 2 3 4 5 6 7 8 12 13 16 17 19 20 18 15 14 11 10 9 
1 2 3 4 5 6 7 8 12 13 16 20 19 18 17 15 14 11 10 9 
1 2 3 4 5 6 7 8 12 13 17 18 19 20 16 15 14 11 10 9 
1 2 3 4 5 6 7 8 12 13 17 19 20 18 16 15 14 11 10 9 
1 2 3 4 5 6 7 8 12 13 20 19 18 17 16 15 14 11 10 9 
1 2 3 4 5 6 7 8 12 14 15 16 17 18 19 20 13 11 10 9 
1 2 3 4 5 6 7 8 12 14 15 16 17 19 20 18 13 11 10 9 
1 2 3 4 5 6 7 8 12 14 15 16 20 19 18 17 13 11 10 9 
1 2 3 4 5 6 7 8 12 14 15 17 18 19 20 16 13 11 10 9 
1 2 3 4 5 6 7 8 12 14 15 17 19 20 18 16 13 11 10 9 
1 2 3 4 5 6 7 8 12 14 15 18 20 19 17 16 13 11 10 9 
1 2 3 4 5 6 7 8 12 14 15 20 19 18 17 16 13 11 10 9 
1 2 3 4 5 6 7 8 12 14 16 17 20 19 18 15 13 11 10 9 
1 2 3 4 5 6 7 8 12 14 17 18 20 19 16 15 13 11 10 9 
1 2 3 4 5 6 7 8 12 14 17 20 19 18 16 15 13 11 10 9 
1 2 3 4 5 6 7 8 12 14 18 19 20 17 16 15 13 11 10 9 
1 2 3 4 5 6 7 8 12 14 19 20 18 17 16 15 13 11 10 9 
1 2 3 4 5 6 7 8 12 15 16 20 19 18 17 14 13 11 10 9 
1 2 3 4 5 6 7 8 12 15 18 20 19 17 16 14 13 11 10 9 
1 2 3 4 5 6 7 8 12 16 17 18 20 19 15 14 13 11 10 9 
1 2 3 4 5 6 7 8 12 16 17 20 19 18 15 14 13 11 10 9 
1 2 3 4 5 6 7 8 12 16 18 19 20 17 15 14 13 11 10 9 
1 2 3 4 5 6 7 8 12 16 19 20 18 17 15 14 13 11 10 9 
1 2 3 4 5 6 7 8 12 17 20 19 18 16 15 14 13 11 10 9 
1 2 3 4 5 6 7 8 13 14 15 16 18 19 20 17 12 11 10 9 
1 2 3 4 5 6 7 8 13 14 15 16 19 20 18 17 12 11 10 9 
1 2 3 4 5 6 7 8 13 14 15 17 18 20 19 16 12 11 10 9 
1 2 3 4 5 6 7 8 13 14 15 18 19 20 17 16 12 11 10 9 
1 2 3 4 5 6 7 8 13 14 15 19 20 18 17 16 12 11 10 9 
1 2 3 4 5 6 7 8 13 14 16 17 18 19 20 15 12 11 10 9 
1 2 3 4 5 6 7 8 13 14 16 17 19 20 18 15 12 11 10 9 
1 2 3 4 5 6 7 8 13 14 16 18 20 19 17 15 12 11 10 9 
1 2 3 4 5 6 7 8 13 14 17 18 19 20 16 15 12 11 10 9 
1 2 3 4 5 6 7 8 13 14 17 19 20 18 16 15 12 11 10 9 
1 2 3 4 5 6 7 8 13 14 18 20 19 17 16 15 12 11 10 9 
1 2 3 4 5 6 7 8 13 14 20 19 18 17 16 15 12 11 10 9 
1 2 3 4 5 6 7 8 13 15 16 17 18 20 19 14 12 11 10 9 
1 2 3 4 5 6 7 8 13 15 16 17 20 19 18 14 12 11 10 9 
1 2 3 4 5 6 7 8 13 15 16 19 20 18 17 14 12 11 10 9 
1 2 3 4 5 6 7 8 13 15 17 18 20 19 16 14 12 11 10 9 
1 2 3 4 5 6 7 8 13 15 18 19 20 17 16 14 12 11 10 9 
1 2 3 4 5 6 7 8 13 16 17 18 19 20 15 14 12 11 10 9 
1 2 3 4 5 6 7 8 13 16 17 19 20 18 15 14 12 11 10 9 
1 2 3 4 5 6 7 8 13 16 18 20 19 17 15 14 12 11 10 9 
1 2 3 4 5 6 7 8 13 16 20 19 18 17 15 14 12 11 10 9 
1 2 3 4 5 6 7 8 13 17 19 20 18 16 15 14 12 11 10 9 
1 2 3 4 5 6 7 8 13 18 20 19 17 16 15 14 12 11 10 9 
1 2 3 4 5 6 7 8 13 20 19 18 17 16 15 14 12 11 10 9 
1 2 3 4 5 6 7 8 14 15 16 17 18 19 20 13 12 11 10 9 
1 2 3 4 5 6 7 8 14 15 16 17 19 20 18 13 12 11 10 9 
1 2 3 4 5 6 7 8 14 15 17 18 19 20 16 13 12 11 10 9 
1 2 3 4 5 6 7 8 14 15 18 20 19 17 16 13 12 11 10 9 
1 2 3 4 5 6 7 8 14 16 17 18 20 19 15 13 12 11 10 9 
1 2 3 4 5 6 7 8 14 16 17 20 19 18 15 13 12 11 10 9 
1 2 3 4 5 6 7 8 14 16 18 19 20 17 15 13 12 11 10 9 
1 2 3 4 5 6 7 8 14 16 19 20 18 17 15 13 12 11 10 9 
1 2 3 4 5 6 7 8 14 17 18 20 19 16 15 13 12 11 10 9 
1 2 3 4 5 6 7 8 14 17 20 19 18 16 15 13 12 11 10 9 
1 2 3 4 5 6 7 8 14 18 19 20 17 16 15 13 12 11 10 9 
1 2 3 4 5 6 7 8 14 19 20 18 17 16 15 13 12 11 10 9 
1 2 3 4 5 6 7 8 15 16 17 18 19 20 14 13 12 11 10 9 
1 2 3 4 5 6 7 8 15 16 18 20 19 17 14 13 12 11 10 9 
1 2 3 4 5 6 7 8 15 17 18 19 20 16 14 13 12 11 10 9 
1 2 3 4 5 6 7 8 16 17 18 20 19 15 14 13 12 11 10 9 
1 2 3 4 5 6 7 8 16 17 20 19 18 15 14 13 12 11 10 9 
1 2 3 4 5 6 7 8 16 18 19 20 17 15 14 13 12 11 10 9 
1 2 3 4 5 6 7 8 16 19 20 18 17 15 14 13 12 11 10 9 
1 2 3 4 5 6 7 8 17 18 20 19 16 15 14 13 12 11 10 9 
1 2 3 4 5 6 7 8 17 20 19 18 16 15 14 13 12 11 10 9 
1 2 3 4 5 6 7 9 10 11 12 13 14 20 19 18 17 16 15 8 
1 2 3 4 5 6 7 9 10 11 12 13 15 19 20 18 17 16 14 8 
1 2 3 4 5 6 7 9 10 11 12 13 20 19 18 17 16 15 14 8 
1 2 3 4 5 6 7 9 10 11 12 14 15 20 19 18 17 16 13 8 
1 2 3 4 5 6 7 9 10 11 12 14 19 20 18 17 16 15 13 8 
1 2 3 4 5 6 7 9 10 11 12 15 16 18 20 19 17 14 13 8 
1 2 3 4 5 6 7 9 10 11 12 18 19 20 17 16 15 14 13 8 
1 2 3 4 5 6 7 9 10 11 12 19 20 18 17 16 15 14 13 8 
1 2 3 4 5 6 7 9 10 11 13 14 15 19 20 18 17 16 12 8 
1 2 3 4 5 6 7 9 10 11 13 14 20 19 18 17 16 15 12 8 
1 2 3 4 5 6 7 9 10 11 13 15 16 18 19 20 17 14 12 8 
1 2 3 4 5 6 7 9 10 11 13 18 20 19 17 16 15 14 12 8 
1 2 3 4 5 6 7 9 10 11 13 20 19 18 17 16 15 14 12 8 
1 2 3 4 5 6 7 9 10 11 14 15 16 20 19 18 17 13 12 8 
1 2 3 4 5 6 7 9 10 11 14 15 18 20 19 17 16 13 12 8 
1 2 3 4 5 6 7 9 10 11 14 17 18 20 19 16 15 13 12 8 
1 2 3 4 5 6 7 9 10 11 14 18 19 20 17 16 15 13 12 8 
1 2 3 4 5 6 7 9 10 11 14 19 20 18 17 16 15 13 12 8 
1 2 3 4 5 6 7 9 10 11 15 17 18 19 20 16 14 13 12 8 
1 2 3 4 5 6 7 9 10 11 18 19 20 17 16 15 14 13 12 8 
1 2 3 4 5 6 7 9 10 11 19 20 18 17 16 15 14 13 12 8 
1 2 3 4 5 6 7 9 10 12 13 14 15 20 19 18 17 16 11 8 
1 2 3 4 5 6 7 9 10 12 13 14 19 20 18 17 16 15 11 8 
1 2 3 4 5 6 7 9 10 12 13 15 16 18 20 19 17 14 11 8 
1 2 3 4 5 6 7 9 10 12 13 18 19 20 17 16 15 14 11 8 
1 2 3 4 5 6 7 9 10 12 13 19 20 18 17 16 15 14 11 8 
1 2 3 4 5 6 7 9 10 12 14 15 16 19 20 18 17 13 11 8 
1 2 3 4 5 6 7 9 10 12 14 15 18 19 20 17 16 13 11 8 
1 2 3 4 5 6 7 9 10 12 14 17 18 19 20 16 15 13 11 8 
1 2 3 4 5 6 7 9 10 12 14 18 20 19 17 16 15 13 11 8 
1 2 3 4 5 6 7 9 10 12 14 20 19 18 17 16 15 13 11 8 
1 2 3 4 5 6 7 9 10 12 15 17 18 20 19 16 14 13 11 8 
1 2 3 4 5 6 7 9 10 12 18 20 19 17 16 15 14 13 11 8 
1 2 3 4 5 6 7 9 10 12 20 19 18 17 16 15 14 13 11 8 
1 2 3 4 5 6 7 9 10 13 14 15 20 19 18 17 16 12 11 8 
1 2 3 4 5 6 7 9 10 13 14 17 20 19 18 16 15 12 11 8 
1 2 3 4 5 6 7 9 10 13 14 18 19 20 17 16 15 12 11 8 
1 2 3 4 5 6 7 9 10 13 14 19 20 18 17 16 15 12 11 8 
1 2 3 4 5 6 7 9 10 13 15 18 20 19 17 16 14 12 11 8 
1 2 3 4 5 6 7 9 10 13 17 18 20 19 16 15 14 12 11 8 
1 2 3 4 5 6 7 9 10 13 18 19 20 17 16 15 14 12 11 8 
1 2 3 4 5 6 7 9 10 13 19 20 18 17 16 15 14 12 11 8 
1 2 3 4 5 6 7 9 10 14 15 16 17 20 19 18 13 12 11 8 
1 2 3 4 5 6 7 9 10 14 15 17 18 20 19 16 13 12 11 8 
1 2 3 4 5 6 7 9 10 14 15 18 19 20 17 16 13 12 11 8 
1 2 3 4 5 6 7 9 10 14 17 18 19 20 16 15 13 12 11 8 
1 2 3 4 5 6 7 9 10 16 17 18 19 20 15 14 13 12 11 8 
1 2 3 4 5 6 7 9 10 17 18 19 20 16 15 14 13 12 11 8 
1 2 3 4 5 6 7 9 10 17 19 20 18 16 15 14 13 12 11 8 
1 2 3 4 5 6 7 9 10 18 20 19 17 16 15 14 13 12 11 8 
1 2 3 4 5 6 7 9 11 12 13 14 15 19 20 18 17 16 10 8 
1 2 3 4 5 6 7 9 11 12 13 14 20 19 18 17 16 15 10 8 
1 2 3 4 5 6 7 9 11 12 13 15 16 18 19 20 17 14 10 8 
1 2 3 4 5 6 7 9 11 12 13 18 20 19 17 16 15 14 10 8 
1 2 3 4 5 6 7 9 11 12 13 20 19 18 17 16 15 14 10 8 
1 2 3 4 5 6 7 9 11 12 14 15 16 20 19 18 17 13 10 8 
1 2 3 4 5 6 7 9 11 12 14 15 18 20 19 17 16 13 10 8 
1 2 3 4 5 6 7 9 11 12 14 17 18 20 19 16 15 13 10 8 
1 2 3 4 5 6 7 9 11 12 14 18 19 20 17 16 15 13 10 8 
1 2 3 4 5 6 7 9 11 12 14 19 20 18 17 16 15 13 10 8 
1 2 3 4 5 6 7 9 11 12 15 17 18 19 20 16 14 13 10 8 
1 2 3 4 5 6 7 9 11 12 18 19 20 17 16 15 14 13 10 8 
1 2 3 4 5 6 7 9 11 12 19 20 18 17 16 15 14 13 10 8 
1 2 3 4 5 6 7 9 11 13 14 15 19 20 18 17 16 12 10 8 
1 2 3 4 5 6 7 9 11 13 14 17 19 20 18 16 15 12 10 8 
1 2 3 4 5 6 7 9 11 13 14 18 20 19 17 16 15 12 10 8 
1 2 3 4 5 6 7 9 11 13 14 20 19 18 17 16 15 12 10 8 
1 2 3 4 5 6 7 9 11 13 15 18 19 20 17 16 14 12 10 8 
1 2 3 4 5 6 7 9 11 13 17 18 19 20 16 15 14 12 10 8 
1 2 3 4 5 6 7 9 11 13 18 20 19 17 16 15 14 12 10 8 
1 2 3 4 5 6 7 9 11 13 20 19 18 17 16 15 14 12 10 8 
1 2 3 4 5 6 7 9 11 14 15 16 17 19 20 18 13 12 10 8 
1 2 3 4 5 6 7 9 11 14 15 17 18 19 20 16 13 12 10 8 
1 2 3 4 5 6 7 9 11 14 15 18 20 19 17 16 13 12 10 8 
1 2 3 4 5 6 7 9 11 14 17 18 20 19 16 15 13 12 10 8 
1 2 3 4 5 6 7 9 11 16 17 18 20 19 15 14 13 12 10 8 
1 2 3 4 5 6 7 9 11 17 18 20 19 16 15 14 13 12 10 8 
1 2 3 4 5 6 7 9 11 17 20 19 18 16 15 14 13 12 10 8 
1 2 3 4 5 6 7 9 11 18 19 20 17 16 15 14 13 12 10 8 
1 2 3 4 5 6 7 9 12 13 14 15 16 18 20 19 17 11 10 8 
1 2 3 4 5 6 7 9 12 13 14 18 19 20 17 16 15 11 10 8 
1 2 3 4 5 6 7 9 12 13 14 19 20 18 17 16 15 11 10 8 
1 2 3 4 5 6 7 9 12 13 15 17 19 20 18 16 14 11 10 8 
1 2 3 4 5 6 7 9 12 13 15 20 19 18 17 16 14 11 10 8 
1 2 3 4 5 6 7 9 12 13 17 20 19 18 16 15 14 11 10 8 
1 2 3 4 5 6 7 9 12 13 18 19 20 17 16 15 14 11 10 8 
1 2 3 4 5 6 7 9 12 13 19 20 18 17 16 15 14 11 10 8 
1 2 3 4 5 6 7 9 12 14 15 17 20 19 18 16 13 11 10 8 
1 2 3 4 5 6 7 9 12 14 18 20 19 17 16 15 13 11 10 8 
1 2 3 4 5 6 7 9 12 16 18 20 19 17 15 14 13 11 10 8 
1 2 3 4 5 6 7 9 12 17 18 19 20 16 15 14 13 11 10 8 
1 2 3 4 5 6 7 9 12 17 19 20 18 16 15 14 13 11 10 8 
1 2 3 4 5 6 7 9 12 18 20 19 17 16 15 14 13 11 10 8 
1 2 3 4 5 6 7 9 12 20 19 18 17 16 15 14 13 11 10 8 
1 2 3 4 5 6 7 9 13 14 15 16 20 19 18 17 12 11 10 8 
1 2 3 4 5 6 7 9 13 14 15 17 18 19 20 16 12 11 10 8 
1 2 3 4 5 6 7 9 13 14 15 17 19 20 18 16 12 11 10 8 
1 2 3 4 5 6 7 9 13 14 15 18 20 19 17 16 12 11 10 8 
1 2 3 4 5 6 7 9 13 14 16 17 20 19 18 15 12 11 10 8 
1 2 3 4 5 6 7 9 13 14 17 18 20 19 16 15 12 11 10 8 
1 2 3 4 5 6 7 9 13 14 18 19 20 17 16 15 12 11 10 8 
1 2 3 4 5 6 7 9 13 16 17 18 20 19 15 14 12 11 10 8 
1 2 3 4 5 6 7 9 13 16 18 19 20 17 15 14 12 11 10 8 
1 2 3 4 5 6 7 9 13 17 18 20 19 16 15 14 12 11 10 8 
1 2 3 4 5 6 7 9 13 17 20 19 18 16 15 14 12 11 10 8 
1 2 3 4 5 6 7 9 13 18 19 20 17 16 15 14 12 11 10 8 
1 2 3 4 5 6 7 9 13 19 20 18 17 16 15 14 12 11 10 8 
1 2 3 4 5 6 7 9 14 15 16 17 18 20 19 13 12 11 10 8 
1 2 3 4 5 6 7 9 14 16 17 18 19 20 15 13 12 11 10 8 
1 2 3 4 5 6 7 9 14 16 18 20 19 17 15 13 12 11 10 8 
1 2 3 4 5 6 7 9 14 17 18 19 20 16 15 13 12 11 10 8 
1 2 3 4 5 6 7 9 16 17 18 19 20 15 14 13 12 11 10 8 
1 2 3 4 5 6 7 9 17 18 19 20 16 15 14 13 12 11 10 8 
1 2 3 4 5 6 7 9 17 19 20 18 16 15 14 13 12 11 10 8 
1 2 3 4 5 6 7 9 18 20 19 17 16 15 14 13 12 11 10 8 
1 2 3 4 5 6 7 10 11 12 13 14 15 20 19 18 17 16 9 8 
1 2 3 4 5 6 7 10 11 12 13 14 19 20 18 17 16 15 9 8 
1 2 3 4 5 6 7 10 11 12 13 15 16 18 20 19 17 14 9 8 
1 2 3 4 5 6 7 10 11 12 13 18 19 20 17 16 15 14 9 8 
1 2 3 4 5 6 7 10 11 12 13 19 20 18 17 16 15 14 9 8 
1 2 3 4 5 6 7 10 11 12 14 15 16 19 20 18 17 13 9 8 
1 2 3 4 5 6 7 10 11 12 14 15 18 19 20 17 16 13 9 8 
1 2 3 4 5 6 7 10 11 12 14 17 18 19 20 16 15 13 9 8 
1 2 3 4 5 6 7 10 11 12 14 18 20 19 17 16 15 13 9 8 
1 2 3 4 5 6 7 10 11 12 14 20 19 18 17 16 15 13 9 8 
1 2 3 4 5 6 7 10 11 12 15 17 18 20 19 16 14 13 9 8 
1 2 3 4 5 6 7 10 11 12 18 20 19 17 16 15 14 13 9 8 
1 2 3 4 5 6 7 10 11 12 20 19 18 17 16 15 14 13 9 8 
1 2 3 4 5 6 7 10 11 13 14 15 20 19 18 17 16 12 9 8 
1 2 3 4 5 6 7 10 11 13 14 17 20 19 18 16 15 12 9 8 
1 2 3 4 5 6 7 10 11 13 14 18 19 20 17 16 15 12 9 8 
1 2 3 4 5 6 7 10 11 13 14 19 20 18 17 16 15 12 9 8 
1 2 3 4 5 6 7 10 11 13 15 18 20 19 17 16 14 12 9 8 
1 2 3 4 5 6 7 10 11 13 17 18 20 19 16 15 14 12 9 8 
1 2 3 4 5 6 7 10 11 13 18 19 20 17 16 15 14 12 9 8 
1 2 3 4 5 6 7 10 11 13 19 20 18 17 16 15 14 12 9 8 
1 2 3 4 5 6 7 10 11 14 15 16 17 20 19 18 13 12 9 8 
1 2 3 4 5 6 7 10 11 14 15 17 18 20 19 16 13 12 9 8 
1 2 3 4 5 6 7 10 11 14 15 18 19 20 17 16 13 12 9 8 
1 2 3 4 5 6 7 10 11 14 17 18 19 20 16 15 13 12 9 8 
1 2 3 4 5 6 7 10 11 16 17 18 19 20 15 14 13 12 9 8 
1 2 3 4 5 6 7 10 11 17 18 19 20 16 15 14 13 12 9 8 
1 2 3 4 5 6 7 10 11 17 19 20 18 16 15 14 13 12 9 8 
1 2 3 4 5 6 7 10 11 18 20 19 17 16 15 14 13 12 9 8 
1 2 3 4 5 6 7 10 12 13 14 15 16 18 19 20 17 11 9 8 
1 2 3 4 5 6 7 10 12 13 14 18 20 19 17 16 15 11 9 8 
1 2 3 4 5 6 7 10 12 13 14 20 19 18 17 16 15 11 9 8 
1 2 3 4 5 6 7 10 12 13 15 17 20 19 18 16 14 11 9 8 
1 2 3 4 5 6 7 10 12 13 15 19 20 18 17 16 14 11 9 8 
1 2 3 4 5 6 7 10 12 13 17 19 20 18 16 15 14 11 9 8 
1 2 3 4 5 6 7 10 12 13 18 20 19 17 16 15 14 11 9 8 
1 2 3 4 5 6 7 10 12 13 20 19 18 17 16 15 14 11 9 8 
1 2 3 4 5 6 7 10 12 14 15 17 19 20 18 16 13 11 9 8 
1 2 3 4 5 6 7 10 12 14 18 19 20 17 16 15 13 11 9 8 
1 2 3 4 5 6 7 10 12 16 18 19 20 17 15 14 13 11 9 8 
1 2 3 4 5 6 7 10 12 17 18 20 19 16 15 14 13 11 9 8 
1 2 3 4 5 6 7 10 12 17 20 19 18 16 15 14 13 11 9 8 
1 2 3 4 5 6 7 10 12 18 19 20 17 16 15 14 13 11 9 8 
1 2 3 4 5 6 7 10 12 19 20 18 17 16 15 14 13 11 9 8 
1 2 3 4 5 6 7 10 13 14 15 16 19 20 18 17 12 11 9 8 
1 2 3 4 5 6 7 10 13 14 15 17 18 20 19 16 12 11 9 8 
1 2 3 4 5 6 7 10 13 14 15 17 20 19 18 16 12 11 9 8 
1 2 3 4 5 6 7 10 13 14 15 18 19 20 17 16 12 11 9 8 
1 2 3 4 5 6 7 10 13 14 16 17 19 20 18 15 12 11 9 8 
1 2 3 4 5 6 7 10 13 14 17 18 19 20 16 15 12 11 9 8 
1 2 3 4 5 6 7 10 13 14 18 20 19 17 16 15 12 11 9 8 
1 2 3 4 5 6 7 10 13 16 17 18 19 20 15 14 12 11 9 8 
1 2 3 4 5 6 7 10 13 16 18 20 19 17 15 14 12 11 9 8 
1 2 3 4 5 6 7 10 13 17 18 19 20 16 15 14 12 11 9 8 
1 2 3 4 5 6 7 10 13 17 19 20 18 16 15 14 12 11 9 8 
1 2 3 4 5 6 7 10 13 18 20 19 17 16 15 14 12 11 9 8 
1 2 3 4 5 6 7 10 13 20 19 18 17 16 15 14 12 11 9 8 
1 2 3 4 5 6 7 10 14 15 16 17 18 19 20 13 12 11 9 8 
1 2 3 4 5 6 7 10 14 16 17 18 20 19 15 13 12 11 9 8 
1 2 3 4 5 6 7 10 14 16 18 19 20 17 15 13 12 11 9 8 
1 2 3 4 5 6 7 10 14 17 18 20 19 16 15 13 12 11 9 8 
1 2 3 4 5 6 7 10 16 17 18 20 19 15 14 13 12 11 9 8 
1 2 3 4 5 6 7 10 17 18 20 19 16 15 14 13 12 11 9 8 
1 2 3 4 5 6 7 10 17 20 19 18 16 15 14 13 12 11 9 8 
1 2 3 4 5 6 7 10 18 19 20 17 16 15 14 13 12 11 9 8 
1 2 3 4 5 6 7 11 12 13 14 15 16 20 19 18 17 10 9 8 
1 2 3 4 5 6 7 11 12 13 14 15 18 20 19 17 16 10 9 8 
1 2 3 4 5 6 7 11 12 13 14 17 18 20 19 16 15 10 9 8 
1 2 3 4 5 6 7 11 12 13 14 18 19 20 17 16 15 10 9 8 
1 2 3 4 5 6 7 11 12 13 14 19 20 18 17 16 15 10 9 8 
1 2 3 4 5 6 7 11 12 13 15 17 18 19 20 16 14 10 9 8 
1 2 3 4 5 6 7 11 12 13 18 19 20 17 16 15 14 10 9 8 
1 2 3 4 5 6 7 11 12 13 19 20 18 17 16 15 14 10 9 8 
1 2 3 4 5 6 7 11 12 14 15 16 17 18 20 19 13 10 9 8 
1 2 3 4 5 6 7 11 12 14 15 19 20 18 17 16 13 10 9 8 
1 2 3 4 5 6 7 11 12 14 17 19 20 18 16 15 13 10 9 8 
1 2 3 4 5 6 7 11 12 14 20 19 18 17 16 15 13 10 9 8 
1 2 3 4 5 6 7 11 12 16 17 19 20 18 15 14 13 10 9 8 
1 2 3 4 5 6 7 11 12 16 20 19 18 17 15 14 13 10 9 8 
1 2 3 4 5 6 7 11 12 17 18 19 20 16 15 14 13 10 9 8 
1 2 3 4 5 6 7 11 12 17 19 20 18 16 15 14 13 10 9 8 
1 2 3 4 5 6 7 11 12 20 19 18 17 16 15 14 13 10 9 8 
1 2 3 4 5 6 7 11 13 14 15 17 18 19 20 16 12 10 9 8 
1 2 3 4 5 6 7 11 13 14 15 17 19 20 18 16 12 10 9 8 
1 2 3 4 5 6 7 11 13 14 15 20 19 18 17 16 12 10 9 8 
1 2 3 4 5 6 7 11 13 14 17 20 19 18 16 15 12 10 9 8 
1 2 3 4 5 6 7 11 13 15 16 17 19 20 18 14 12 10 9 8 
1 2 3 4 5 6 7 11 13 16 17 20 19 18 15 14 12 10 9 8 
1 2 3 4 5 6 7 11 13 17 18 20 19 16 15 14 12 10 9 8 
1 2 3 4 5 6 7 11 13 17 20 19 18 16 15 14 12 10 9 8 
1 2 3 4 5 6 7 11 13 18 19 20 17 16 15 14 12 10 9 8 
1 2 3 4 5 6 7 11 13 19 20 18 17 16 15 14 12 10 9 8 
1 2 3 4 5 6 7 11 14 15 16 17 20 19 18 13 12 10 9 8 
1 2 3 4 5 6 7 11 14 16 20 19 18 17 15 13 12 10 9 8 
1 2 3 4 5 6 7 11 14 18 20 19 17 16 15 13 12 10 9 8 
1 2 3 4 5 6 7 11 16 18 20 19 17 15 14 13 12 10 9 8 
1 2 3 4 5 6 7 11 17 18 19 20 16 15 14 13 12 10 9 8 
1 2 3 4 5 6 7 11 17 19 20 18 16 15 14 13 12 10 9 8 
1 2 3 4 5 6 7 11 18 20 19 17 16 15 14 13 12 10 9 8 
1 2 3 4 5 6 7 11 20 19 18 17 16 15 14 13 12 10 9 8 
1 2 3 4 5 6 7 12 13 14 15 18 19 20 17 16 11 10 9 8 
1 2 3 4 5 6 7 12 13 14 15 19 20 18 17 16 11 10 9 8 
1 2 3 4 5 6 7 12 13 14 16 20 19 18 17 15 11 10 9 8 
1 2 3 4 5 6 7 12 13 14 17 18 19 20 16 15 11 10 9 8 
1 2 3 4 5 6 7 12 13 14 17 19 20 18 16 15 11 10 9 8 
1 2 3 4 5 6 7 12 13 14 18 20 19 17 16 15 11 10 9 8 
1 2 3 4 5 6 7 12 13 15 17 20 19 18 16 14 11 10 9 8 
1 2 3 4 5 6 7 12 13 16 17 18 19 20 15 14 11 10 9 8 
1 2 3 4 5 6 7 12 13 16 17 19 20 18 15 14 11 10 9 8 
1 2 3 4 5 6 7 12 13 16 18 20 19 17 15 14 11 10 9 8 
1 2 3 4 5 6 7 12 13 17 18 19 20 16 15 14 11 10 9 8 
1 2 3 4 5 6 7 12 13 17 19 20 18 16 15 14 11 10 9 8 
1 2 3 4 5 6 7 12 13 18 20 19 17 16 15 14 11 10 9 8 
1 2 3 4 5 6 7 12 13 20 19 18 17 16 15 14 11 10 9 8 
1 2 3 4 5 6 7 12 14 16 17 18 20 19 15 13 11 10 9 8 
1 2 3 4 5 6 7 12 14 16 17 20 19 18 15 13 11 10 9 8 
1 2 3 4 5 6 7 12 14 16 19 20 18 17 15 13 11 10 9 8 
1 2 3 4 5 6 7 12 14 17 18 20 19 16 15 13 11 10 9 8 
1 2 3 4 5 6 7 12 14 18 19 20 17 16 15 13 11 10 9 8 
1 2 3 4 5 6 7 12 16 17 18 20 19 15 14 13 11 10 9 8 
1 2 3 4 5 6 7 12 16 18 19 20 17 15 14 13 11 10 9 8 
1 2 3 4 5 6 7 12 17 18 20 19 16 15 14 13 11 10 9 8 
1 2 3 4 5 6 7 12 17 20 19 18 16 15 14 13 11 10 9 8 
1 2 3 4 5 6 7 12 18 19 20 17 16 15 14 13 11 10 9 8 
1 2 3 4 5 6 7 12 19 20 18 17 16 15 14 13 11 10 9 8 
1 2 3 4 5 6 7 13 14 15 16 17 20 19 18 12 11 10 9 8 
1 2 3 4 5 6 7 13 14 15 17 18 20 19 16 12 11 10 9 8 
1 2 3 4 5 6 7 13 14 16 17 18 19 20 15 12 11 10 9 8 
1 2 3 4 5 6 7 13 14 16 17 19 20 18 15 12 11 10 9 8 
1 2 3 4 5 6 7 13 14 17 18 19 20 16 15 12 11 10 9 8 
1 2 3 4 5 6 7 13 14 18 20 19 17 16 15 12 11 10 9 8 
1 2 3 4 5 6 7 13 15 16 17 18 20 19 14 12 11 10 9 8 
1 2 3 4 5 6 7 13 16 17 18 19 20 15 14 12 11 10 9 8 
1 2 3 4 5 6 7 13 16 18 20 19 17 15 14 12 11 10 9 8 
1 2 3 4 5 6 7 13 17 18 19 20 16 15 14 12 11 10 9 8 
1 2 3 4 5 6 7 14 15 16 17 18 19 20 13 12 11 10 9 8 
1 2 3 4 5 6 7 15 16 17 18 19 20 14 13 12 11 10 9 8 
1 2 3 4 5 6 7 15 16 18 20 19 17 14 13 12 11 10 9 8 
1 2 3 4 5 6 7 15 17 18 19 20 16 14 13 12 11 10 9 8 
1 2 3 4 5 6 7 16 17 18 20 19 15 14 13 12 11 10 9 8 
1 2 3 4 5 6 7 16 17 20 19 18 15 14 13 12 11 10 9 8 
1 2 3 4 5 6 7 16 18 19 20 17 15 14 13 12 11 10 9 8 
1 2 3 4 5 6 7 16 19 20 18 17 15 14 13 12 11 10 9 8 
1 2 3 4 5 6 7 17 18 20 19 16 15 14 13 12 11 10 9 8 
1 2 3 4 5 6 7 17 20 19 18 16 15 14 13 12 11 10 9 8 
1 2 3 4 5 6 8 9 10 11 12 20 19 18 17 16 15 14 13 7 
1 2 3 4 5 6 8 9 10 11 13 19 20 18 17 16 15 14 12 7 
1 2 3 4 5 6 8 9 10 11 20 19 18 17 16 15 14 13 12 7 
1 2 3 4 5 6 8 9 10 12 13 20 19 18 17 16 15 14 11 7 
1 2 3 4 5 6 8 9 10 12 19 20 18 17 16 15 14 13 11 7 
1 2 3 4 5 6 8 9 10 13 14 18 20 19 17 16 15 12 11 7 
1 2 3 4 5 6 8 9 10 18 19 20 17 16 15 14 13 12 11 7 
1 2 3 4 5 6 8 9 10 19 20 18 17 16 15 14 13 12 11 7 
1 2 3 4 5 6 8 9 11 12 13 19 20 18 17 16 15 14 10 7 
1 2 3 4 5 6 8 9 11 12 20 19 18 17 16 15 14 13 10 7 
1 2 3 4 5 6 8 9 11 13 14 18 19 20 17 16 15 12 10 7 
1 2 3 4 5 6 8 9 11 18 20 19 17 16 15 14 13 12 10 7 
1 2 3 4 5 6 8 9 11 20 19 18 17 16 15 14 13 12 10 7 
1 2 3 4 5 6 8 9 12 13 14 20 19 18 17 16 15 11 10 7 
1 2 3 4 5 6 8 9 12 13 18 20 19 17 16 15 14 11 10 7 
1 2 3 4 5 6 8 9 12 17 18 20 19 16 15 14 13 11 10 7 
1 2 3 4 5 6 8 9 12 18 19 20 17 16 15 14 13 11 10 7 
1 2 3 4 5 6 8 9 12 19 20 18 17 16 15 14 13 11 10 7 
1 2 3 4 5 6 8 9 13 14 15 17 20 19 18 16 12 11 10 7 
1 2 3 4 5 6 8 9 13 17 18 19 20 16 15 14 12 11 10 7 
1 2 3 4 5 6 8 9 18 19 20 17 16 15 14 13 12 11 10 7 
1 2 3 4 5 6 8 9 19 20 18 17 16 15 14 13 12 11 10 7 
1 2 3 4 5 6 8 10 11 12 13 20 19 18 17 16 15 14 9 7 
1 2 3 4 5 6 8 10 11 12 19 20 18 17 16 15 14 13 9 7 
1 2 3 4 5 6 8 10 11 13 14 18 20 19 17 16 15 12 9 7 
1 2 3 4 5 6 8 10 11 18 19 20 17 16 15 14 13 12 9 7 
1 2 3 4 5 6 8 10 11 19 20 18 17 16 15 14 13 12 9 7 
1 2 3 4 5 6 8 10 12 13 14 19 20 18 17 16 15 11 9 7 
1 2 3 4 5 6 8 10 12 13 18 19 20 17 16 15 14 11 9 7 
1 2 3 4 5 6 8 10 12 17 18 19 20 16 15 14 13 11 9 7 
1 2 3 4 5 6 8 10 12 18 20 19 17 16 15 14 13 11 9 7 
1 2 3 4 5 6 8 10 12 20 19 18 17 16 15 14 13 11 9 7 
1 2 3 4 5 6 8 10 13 14 15 17 19 20 18 16 12 11 9 7 
1 2 3 4 5 6 8 10 13 17 18 20 19 16 15 14 12 11 9 7 
1 2 3 4 5 6 8 10 18 20 19 17 16 15 14 13 12 11 9 7 
1 2 3 4 5 6 8 10 20 19 18 17 16 15 14 13 12 11 9 7 
1 2 3 4 5 6 8 11 12 13 20 19 18 17 16 15 14 10 9 7 
1 2 3 4 5 6 8 11 12 17 20 19 18 16 15 14 13 10 9 7 
1 2 3 4 5 6 8 11 12 18 19 20 17 16 15 14 13 10 9 7 
1 2 3 4 5 6 8 11 12 19 20 18 17 16 15 14 13 10 9 7 
1 2 3 4 5 6 8 11 13 18 20 19 17 16 15 14 12 10 9 7 
1 2 3 4 5 6 8 11 17 18 20 19 16 15 14 13 12 10 9 7 
1 2 3 4 5 6 8 11 18 19 20 17 16 15 14 13 12 10 9 7 
1 2 3 4 5 6 8 11 19 20 18 17 16 15 14 13 12 10 9 7 
1 2 3 4 5 6 8 12 13 14 15 20 19 18 17 16 11 10 9 7 
1 2 3 4 5 6 8 12 13 14 17 20 19 18 16 15 11 10 9 7 
1 2 3 4 5 6 8 12 13 16 17 20 19 18 15 14 11 10 9 7 
1 2 3 4 5 6 8 12 13 17 18 20 19 16 15 14 11 10 9 7 
1 2 3 4 5 6 8 12 13 18 19 20 17 16 15 14 11 10 9 7 
1 2 3 4 5 6 8 12 17 18 19 20 16 15 14 13 11 10 9 7 
1 2 3 4 5 6 8 13 14 16 17 18 20 19 15 12 11 10 9 7 
1 2 3 4 5 6 8 16 17 18 19 20 15 14 13 12 11 10 9 7 
1 2 3 4 5 6 8 17 18 19 20 16 15 14 13 12 11 10 9 7 
1 2 3 4 5 6 8 17 19 20 18 16 15 14 13 12 11 10 9 7 
1 2 3 4 5 6 8 18 20 19 17 16 15 14 13 12 11 10 9 7 
1 2 3 4 5 6 9 10 11 12 13 19 20 18 17 16 15 14 8 7 
1 2 3 4 5 6 9 10 11 12 20 19 18 17 16 15 14 13 8 7 
1 2 3 4 5 6 9 10 11 13 14 18 19 20 17 16 15 12 8 7 
1 2 3 4 5 6 9 10 11 18 20 19 17 16 15 14 13 12 8 7 
1 2 3 4 5 6 9 10 11 20 19 18 17 16 15 14 13 12 8 7 
1 2 3 4 5 6 9 10 12 13 14 20 19 18 17 16 15 11 8 7 
1 2 3 4 5 6 9 10 12 13 18 20 19 17 16 15 14 11 8 7 
1 2 3 4 5 6 9 10 12 17 18 20 19 16 15 14 13 11 8 7 
1 2 3 4 5 6 9 10 12 18 19 20 17 16 15 14 13 11 8 7 
1 2 3 4 5 6 9 10 12 19 20 18 17 16 15 14 13 11 8 7 
1 2 3 4 5 6 9 10 13 14 15 17 20 19 18 16 12 11 8 7 
1 2 3 4 5 6 9 10 13 17 18 19 20 16 15 14 12 11 8 7 
1 2 3 4 5 6 9 10 18 19 20 17 16 15 14 13 12 11 8 7 
1 2 3 4 5 6 9 10 19 20 18 17 16 15 14 13 12 11 8 7 
1 2 3 4 5 6 9 11 12 13 19 20 18 17 16 15 14 10 8 7 
1 2 3 4 5 6 9 11 12 17 19 20 18 16 15 14 13 10 8 7 
1 2 3 4 5 6 9 11 12 18 20 19 17 16 15 14 13 10 8 7 
1 2 3 4 5 6 9 11 12 20 19 18 17 16 15 14 13 10 8 7 
1 2 3 4 5 6 9 11 13 18 19 20 17 16 15 14 12 10 8 7 
1 2 3 4 5 6 9 11 17 18 19 20 16 15 14 13 12 10 8 7 
1 2 3 4 5 6 9 11 18 20 19 17 16 15 14 13 12 10 8 7 
1 2 3 4 5 6 9 11 20 19 18 17 16 15 14 13 12 10 8 7 
1 2 3 4 5 6 9 12 13 14 15 19 20 18 17 16 11 10 8 7 
1 2 3 4 5 6 9 12 13 14 17 19 20 18 16 15 11 10 8 7 
1 2 3 4 5 6 9 12 13 16 17 19 20 18 15 14 11 10 8 7 
1 2 3 4 5 6 9 12 13 17 18 19 20 16 15 14 11 10 8 7 
1 2 3 4 5 6 9 12 13 18 20 19 17 16 15 14 11 10 8 7 
1 2 3 4 5 6 9 12 17 18 20 19 16 15 14 13 11 10 8 7 
1 2 3 4 5 6 9 13 14 16 17 18 19 20 15 12 11 10 8 7 
1 2 3 4 5 6 9 16 17 18 20 19 15 14 13 12 11 10 8 7 
1 2 3 4 5 6 9 17 18 20 19 16 15 14 13 12 11 10 8 7 
1 2 3 4 5 6 9 17 20 19 18 16 15 14 13 12 11 10 8 7 
1 2 3 4 5 6 9 18 19 20 17 16 15 14 13 12 11 10 8 7 
1 2 3 4 5 6 10 11 12 13 14 18 20 19 17 16 15 9 8 7 
1 2 3 4 5 6 10 11 12 18 19 20 17 16 15 14 13 9 8 7 
1 2 3 4 5 6 10 11 12 19 20 18 17 16 15 14 13 9 8 7 
1 2 3 4 5 6 10 11 13 14 15 17 18 20 19 16 12 9 8 7 
1 2 3 4 5 6 10 11 13 17 19 20 18 16 15 14 12 9 8 7 
1 2 3 4 5 6 10 11 13 20 19 18 17 16 15 14 12 9 8 7 
1 2 3 4 5 6 10 11 17 20 19 18 16 15 14 13 12 9 8 7 
1 2 3 4 5 6 10 11 18 19 20 17 16 15 14 13 12 9 8 7 
1 2 3 4 5 6 10 11 19 20 18 17 16 15 14 13 12 9 8 7 
1 2 3 4 5 6 10 12 13 17 20 19 18 16 15 14 11 9 8 7 
1 2 3 4 5 6 10 12 14 16 17 19 20 18 15 13 11 9 8 7 
1 2 3 4 5 6 10 12 18 20 19 17 16 15 14 13 11 9 8 7 
1 2 3 4 5 6 10 13 14 16 17 20 19 18 15 12 11 9 8 7 
1 2 3 4 5 6 10 16 18 20 19 17 15 14 13 12 11 9 8 7 
1 2 3 4 5 6 10 17 18 19 20 16 15 14 13 12 11 9 8 7 
1 2 3 4 5 6 10 17 19 20 18 16 15 14 13 12 11 9 8 7 
1 2 3 4 5 6 10 18 20 19 17 16 15 14 13 12 11 9 8 7 
1 2 3 4 5 6 10 20 19 18 17 16 15 14 13 12 11 9 8 7 
1 2 3 4 5 6 11 12 13 14 20 19 18 17 16 15 10 9 8 7 
1 2 3 4 5 6 11 12 13 16 20 19 18 17 15 14 10 9 8 7 
1 2 3 4 5 6 11 12 13 17 18 19 20 16 15 14 10 9 8 7 
1 2 3 4 5 6 11 12 13 17 19 20 18 16 15 14 10 9 8 7 
1 2 3 4 5 6 11 12 13 18 20 19 17 16 15 14 10 9 8 7 
1 2 3 4 5 6 11 12 14 17 20 19 18 16 15 13 10 9 8 7 
1 2 3 4 5 6 11 12 16 17 20 19 18 15 14 13 10 9 8 7 
1 2 3 4 5 6 11 12 17 18 20 19 16 15 14 13 10 9 8 7 
1 2 3 4 5 6 11 12 18 19 20 17 16 15 14 13 10 9 8 7 
1 2 3 4 5 6 11 16 17 18 20 19 15 14 13 12 10 9 8 7 
1 2 3 4 5 6 11 16 18 19 20 17 15 14 13 12 10 9 8 7 
1 2 3 4 5 6 11 17 18 20 19 16 15 14 13 12 10 9 8 7 
1 2 3 4 5 6 11 17 20 19 18 16 15 14 13 12 10 9 8 7 
1 2 3 4 5 6 11 18 19 20 17 16 15 14 13 12 10 9 8 7 
1 2 3 4 5 6 11 19 20 18 17 16 15 14 13 12 10 9 8 7 
1 2 3 4 5 6 12 13 14 15 16 20 19 18 17 11 10 9 8 7 
1 2 3 4 5 6 12 13 14 16 17 20 19 18 15 11 10 9 8 7 
1 2 3 4 5 6 12 13 14 17 18 20 19 16 15 11 10 9 8 7 
1 2 3 4 5 6 12 13 16 17 18 20 19 15 14 11 10 9 8 7 
1 2 3 4 5 6 12 15 16 17 18 20 19 14 13 11 10 9 8 7 
1 2 3 4 5 6 12 16 17 18 19 20 15 14 13 11 10 9 8 7 
1 2 3 4 5 6 12 16 18 20 19 17 15 14 13 11 10 9 8 7 
1 2 3 4 5 6 12 17 18 19 20 16 15 14 13 11 10 9 8 7 
1 2 3 4 5 6 13 15 16 17 18 19 20 14 12 11 10 9 8 7 
1 2 3 4 5 6 16 17 18 19 20 15 14 13 12 11 10 9 8 7 
1 2 3 4 5 6 17 18 19 20 16 15 14 13 12 11 10 9 8 7 
1 2 3 4 5 6 17 19 20 18 16 15 14 13 12 11 10 9 8 7 
1 2 3 4 5 6 18 20 19 17 16 15 14 13 12 11 10 9 8 7 
1 2 3 4 5 7 8 9 10 20 19 18 17 16 15 14 13 12 11 6 
1 2 3 4 5 7 8 9 11 19 20 18 17 16 15 14 13 12 10 6 
1 2 3 4 5 7 8 9 20 19 18 17 16 15 14 13 12 11 10 6 
1 2 3 4 5 7 8 10 11 20 19 18 17 16 15 14 13 12 9 6 
1 2 3 4 5 7 8 10 19 20 18 17 16 15 14 13 12 11 9 6 
1 2 3 4 5 7 8 11 12 18 20 19 17 16 15 14 13 10 9 6 
1 2 3 4 5 7 8 18 19 20 17 16 15 14 13 12 11 10 9 6 
1 2 3 4 5 7 8 19 20 18 17 16 15 14 13 12 11 10 9 6 
1 2 3 4 5 7 9 10 11 19 20 18 17 16 15 14 13 12 8 6 
1 2 3 4 5 7 9 10 20 19 18 17 16 15 14 13 12 11 8 6 
1 2 3 4 5 7 9 11 12 18 19 20 17 16 15 14 13 10 8 6 
1 2 3 4 5 7 9 18 20 19 17 16 15 14 13 12 11 10 8 6 
1 2 3 4 5 7 9 20 19 18 17 16 15 14 13 12 11 10 8 6 
1 2 3 4 5 7 10 11 12 20 19 18 17 16 15 14 13 9 8 6 
1 2 3 4 5 7 10 11 18 20 19 17 16 15 14 13 12 9 8 6 
1 2 3 4 5 7 10 17 18 20 19 16 15 14 13 12 11 9 8 6 
1 2 3 4 5 7 10 18 19 20 17 16 15 14 13 12 11 9 8 6 
1 2 3 4 5 7 10 19 20 18 17 16 15 14 13 12 11 9 8 6 
1 2 3 4 5 7 11 12 13 17 20 19 18 16 15 14 10 9 8 6 
1 2 3 4 5 7 11 17 18 19 20 16 15 14 13 12 10 9 8 6 
1 2 3 4 5 7 18 19 20 17 16 15 14 13 12 11 10 9 8 6 
1 2 3 4 5 7 19 20 18 17 16 15 14 13 12 11 10 9 8 6 
1 2 3 4 5 8 9 10 11 20 19 18 17 16 15 14 13 12 7 6 
1 2 3 4 5 8 9 10 19 20 18 17 16 15 14 13 12 11 7 6 
1 2 3 4 5 8 9 11 12 18 20 19 17 16 15 14 13 10 7 6 
1 2 3 4 5 8 9 18 19 20 17 16 15 14 13 12 11 10 7 6 
1 2 3 4 5 8 9 19 20 18 17 16 15 14 13 12 11 10 7 6 
1 2 3 4 5 8 10 11 12 19 20 18 17 16 15 14 13 9 7 6 
1 2 3 4 5 8 10 11 18 19 20 17 16 15 14 13 12 9 7 6 
1 2 3 4 5 8 10 17 18 19 20 16 15 14 13 12 11 9 7 6 
1 2 3 4 5 8 10 18 20 19 17 16 15 14 13 12 11 9 7 6 
1 2 3 4 5 8 10 20 19 18 17 16 15 14 13 12 11 9 7 6 
1 2 3 4 5 8 11 12 13 17 19 20 18 16 15 14 10 9 7 6 
1 2 3 4 5 8 11 17 18 20 19 16 15 14 13 12 10 9 7 6 
1 2 3 4 5 8 18 20 19 17 16 15 14 13 12 11 10 9 7 6 
1 2 3 4 5 8 20 19 18 17 16 15 14 13 12 11 10 9 7 6 
1 2 3 4 5 9 10 11 20 19 18 17 16 15 14 13 12 8 7 6 
1 2 3 4 5 9 10 17 20 19 18 16 15 14 13 12 11 8 7 6 
1 2 3 4 5 9 10 18 19 20 17 16 15 14 13 12 11 8 7 6 
1 2 3 4 5 9 10 19 20 18 17 16 15 14 13 12 11 8 7 6 
1 2 3 4 5 9 11 18 20 19 17 16 15 14 13 12 10 8 7 6 
1 2 3 4 5 9 17 18 20 19 16 15 14 13 12 11 10 8 7 6 
1 2 3 4 5 9 18 19 20 17 16 15 14 13 12 11 10 8 7 6 
1 2 3 4 5 9 19 20 18 17 16 15 14 13 12 11 10 8 7 6 
1 2 3 4 5 10 11 12 13 20 19 18 17 16 15 14 9 8 7 6 
1 2 3 4 5 10 11 12 17 20 19 18 16 15 14 13 9 8 7 6 
1 2 3 4 5 10 11 16 17 20 19 18 15 14 13 12 9 8 7 6 
1 2 3 4 5 10 11 17 18 20 19 16 15 14 13 12 9 8 7 6 
1 2 3 4 5 10 11 18 19 20 17 16 15 14 13 12 9 8 7 6 
1 2 3 4 5 10 17 18 19 20 16 15 14 13 12 11 9 8 7 6 
1 2 3 4 5 11 12 13 14 16 20 19 18 17 15 10 9 8 7 6 
1 2 3 4 5 11 12 16 17 18 20 19 15 14 13 10 9 8 7 6 
1 2 3 4 5 16 17 18 19 20 15 14 13 12 11 10 9 8 7 6 
1 2 3 4 5 17 18 19 20 16 15 14 13 12 11 10 9 8 7 6 
1 2 3 4 5 17 19 20 18 16 15 14 13 12 11 10 9 8 7 6 
1 2 3 4 5 18 20 19 17 16 15 14 13 12 11 10 9 8 7 6 
1 2 3 4 6 7 8 20 19 18 17 16 15 14 13 12 11 10 9 5 
1 2 3 4 6 7 9 19 20 18 17 16 15 14 13 12 11 10 8 5 
1 2 3 4 6 7 20 19 18 17 16 15 14 13 12 11 10 9 8 5 
1 2 3 4 6 8 9 20 19 18 17 16 15 14 13 12 11 10 7 5 
1 2 3 4 6 8 19 20 18 17 16 15 14 13 12 11 10 9 7 5 
1 2 3 4 6 9 10 18 20 19 17 16 15 14 13 12 11 8 7 5 
1 2 3 4 6 18 19 20 17 16 15 14 13 12 11 10 9 8 7 5 
1 2 3 4 6 19 20 18 17 16 15 14 13 12 11 10 9 8 7 5 
1 2 3 4 7 8 9 19 20 18 17 16 15 14 13 12 11 10 6 5 
1 2 3 4 7 8 20 19 18 17 16 15 14 13 12 11 10 9 6 5 
1 2 3 4 7 9 10 18 19 20 17 16 15 14 13 12 11 8 6 5 
1 2 3 4 7 18 20 19 17 16 15 14 13 12 11 10 9 8 6 5 
1 2 3 4 7 20 19 18 17 16 15 14 13 12 11 10 9 8 6 5 
1 2 3 4 8 9 10 20 19 18 17 16 15 14 13 12 11 7 6 5 
1 2 3 4 8 9 18 20 19 17 16 15 14 13 12 11 10 7 6 5 
1 2 3 4 8 17 18 20 19 16 15 14 13 12 11 10 9 7 6 5 
1 2 3 4 8 18 19 20 17 16 15 14 13 12 11 10 9 7 6 5 
1 2 3 4 8 19 20 18 17 16 15 14 13 12 11 10 9 7 6 5 
1 2 3 4 9 10 11 17 20 19 18 16 15 14 13 12 8 7 6 5 
1 2 3 4 9 17 18 19 20 16 15 14 13 12 11 10 8 7 6 5 
1 2 3 4 18 19 20 17 16 15 14 13 12 11 10 9 8 7 6 5 
1 2 3 4 19 20 18 17 16 15 14 13 12 11 10 9 8 7 6 5 
1 2 3 5 6 20 19 18 17 16 15 14 13 12 11 10 9 8 7 4 
1 2 3 5 7 19 20 18 17 16 15 14 13 12 11 10 9 8 6 4 
1 2 3 5 20 19 18 17 16 15 14 13 12 11 10 9 8 7 6 4 
1 2 3 6 7 20 19 18 17 16 15 14 13 12 11 10 9 8 5 4 
1 2 3 6 19 20 18 17 16 15 14 13 12 11 10 9 8 7 5 4 
1 2 3 7 8 18 20 19 17 16 15 14 13 12 11 10 9 6 5 4 
1 2 3 18 19 20 17 16 15 14 13 12 11 10 9 8 7 6 5 4 
1 2 3 19 20 18 17 16 15 14 13 12 11 10 9 8 7 6 5 4 
1 2 4 20 19 18 17 16 15 14 13 12 11 10 9 8 7 6 5 3 
1 2 5 19 20 18 17 16 15 14 13 12 11 10 9 8 7 6 4 3 
1 2 20 19 18 17 16 15 14 13 12 11 10 9 8 7 6 5 4 3 
1 20 19 18 17 16 15 14 13 12 11 10 9 8 7 6 5 4 3 2 
