48
1 2 3 4 5 6 7 8 9 10 11 12 13 14 16 17 18 19 20 15 
1 2 3 4 5 6 7 8 9 10 11 12 13 14 16 17 19 20 18 15 
1 2 3 4 5 6 7 8 9 10 11 12 13 14 16 18 20 19 17 15 
1 2 3 4 5 6 7 8 9 10 11 12 13 14 17 18 19 20 16 15 
1 2 3 4 5 6 7 8 9 10 11 12 13 14 18 20 19 17 16 15 
1 2 3 4 5 6 7 8 9 10 11 12 13 15 16 17 18 20 19 14 
1 2 3 4 5 6 7 8 9 10 11 12 13 15 16 17 20 19 18 14 
1 2 3 4 5 6 7 8 9 10 11 12 13 15 16 18 19 20 17 14 
1 2 3 4 5 6 7 8 9 10 11 12 13 15 16 19 20 18 17 14 
1 2 3 4 5 6 7 8 9 10 11 12 13 15 17 18 20 19 16 14 
1 2 3 4 5 6 7 8 9 10 11 12 13 15 17 20 19 18 16 14 
1 2 3 4 5 6 7 8 9 10 11 12 13 15 18 19 20 17 16 14 
1 2 3 4 5 6 7 8 9 10 11 12 13 15 19 20 18 17 16 14 
1 2 3 4 5 6 7 8 9 10 11 12 13 16 17 18 19 20 15 14 
1 2 3 4 5 6 7 8 9 10 11 12 13 16 17 19 20 18 15 14 
1 2 3 4 5 6 7 8 9 10 11 12 13 16 18 20 19 17 15 14 
1 2 3 4 5 6 7 8 9 10 11 12 13 16 20 19 18 17 15 14 
1 2 3 4 5 6 7 8 9 10 11 12 13 17 18 19 20 16 15 14 
1 2 3 4 5 6 7 8 9 10 11 12 13 17 19 20 18 16 15 14 
1 2 3 4 5 6 7 8 9 10 11 12 13 18 20 19 17 16 15 14 
1 2 3 4 5 6 7 8 9 10 11 12 14 15 16 20 19 18 17 13 
1 2 3 4 5 6 7 8 9 10 11 12 14 15 17 19 20 18 16 13 
1 2 3 4 5 6 7 8 9 10 11 12 14 15 20 19 18 17 16 13 
1 2 3 4 5 6 7 8 9 10 11 12 14 16 17 20 19 18 15 13 
1 2 3 4 5 6 7 8 9 10 11 12 14 16 19 20 18 17 15 13 
1 2 3 4 5 6 7 8 9 10 11 12 14 18 19 20 17 16 15 13 
1 2 3 4 5 6 7 8 9 10 11 12 14 19 20 18 17 16 15 13 
1 2 3 4 5 6 7 8 9 10 11 12 15 16 17 19 20 18 14 13 
1 2 3 4 5 6 7 8 9 10 11 12 15 16 20 19 18 17 14 13 
1 2 3 4 5 6 7 8 9 10 11 12 15 18 20 19 17 16 14 13 
1 2 3 4 5 6 7 8 9 10 11 12 15 20 19 18 17 16 14 13 
1 2 3 4 5 6 7 8 9 10 11 12 16 17 18 20 19 15 14 13 
1 2 3 4 5 6 7 8 9 10 11 12 16 18 19 20 17 15 14 13 
1 2 3 4 5 6 7 8 9 10 11 12 16 19 20 18 17 15 14 13 
1 2 3 4 5 6 7 8 9 10 11 12 18 19 20 17 16 15 14 13 
1 2 3 4 5 6 7 8 9 10 11 12 19 20 18 17 16 15 14 13 
1 2 3 4 5 6 7 8 9 10 11 13 14 20 19 18 17 16 15 12 
1 2 3 4 5 6 7 8 9 10 11 13 15 19 20 18 17 16 14 12 
1 2 3 4 5 6 7 8 9 10 11 13 20 19 18 17 16 15 14 12 
1 2 3 4 5 6 7 8 9 10 11 14 15 20 19 18 17 16 13 12 
1 2 3 4 5 6 7 8 9 10 11 14 19 20 18 17 16 15 13 12 
1 2 3 4 5 6 7 8 9 10 11 15 16 18 20 19 17 14 13 12 
1 2 3 4 5 6 7 8 9 10 11 18 19 20 17 16 15 14 13 12 
1 2 3 4 5 6 7 8 9 10 11 19 20 18 17 16 15 14 13 12 
1 2 3 4 5 6 7 8 9 10 12 20 19 18 17 16 15 14 13 11 
1 2 3 4 5 6 7 8 9 10 13 19 20 18 17 16 15 14 12 11 
1 2 3 4 5 6 7 8 9 10 20 19 18 17 16 15 14 13 12 11 
1 2 3 4 5 6 7 8 9 20 19 18 17 16 15 14 13 12 11 10 
