51
2 3 4 5 6 7 8 9 10 1 
2 3 4 5 6 7 9 10 8 1 
2 3 4 5 6 8 10 9 7 1 
2 3 4 5 7 8 9 10 6 1 
2 3 4 5 8 10 9 7 6 1 
2 3 4 6 7 8 10 9 5 1 
2 3 4 6 8 9 10 7 5 1 
2 3 4 7 8 10 9 6 5 1 
2 3 4 7 10 9 8 6 5 1 
2 3 5 6 7 8 9 10 4 1 
2 3 5 6 8 10 9 7 4 1 
2 3 5 7 8 9 10 6 4 1 
2 3 5 7 9 10 8 6 4 1 
2 3 6 7 10 9 8 5 4 1 
2 3 7 8 10 9 6 5 4 1 
2 3 7 10 9 8 6 5 4 1 
2 4 5 6 7 8 10 9 3 1 
2 4 5 6 8 9 10 7 3 1 
2 4 5 7 8 10 9 6 3 1 
2 4 5 7 10 9 8 6 3 1 
2 4 6 7 9 10 8 5 3 1 
2 4 7 8 9 10 6 5 3 1 
2 4 7 9 10 8 6 5 3 1 
2 5 6 7 8 10 9 4 3 1 
2 5 7 10 9 8 6 4 3 1 
2 6 7 9 10 8 5 4 3 1 
2 6 8 10 9 7 5 4 3 1 
2 6 10 9 8 7 5 4 3 1 
3 4 5 6 7 8 9 10 2 1 
3 4 5 6 8 10 9 7 2 1 
3 4 5 7 8 9 10 6 2 1 
3 4 5 7 9 10 8 6 2 1 
3 4 6 7 10 9 8 5 2 1 
3 4 7 8 10 9 6 5 2 1 
3 4 7 10 9 8 6 5 2 1 
3 5 6 7 8 9 10 4 2 1 
3 5 7 9 10 8 6 4 2 1 
3 6 7 10 9 8 5 4 2 1 
3 6 8 9 10 7 5 4 2 1 
3 6 9 10 8 7 5 4 2 1 
4 5 6 7 8 10 9 3 2 1 
4 5 6 7 10 9 8 3 2 1 
4 5 7 8 10 9 6 3 2 1 
4 6 7 8 9 10 5 3 2 1 
4 6 7 9 10 8 5 3 2 1 
4 6 10 9 8 7 5 3 2 1 
5 6 7 10 9 8 4 3 2 1 
5 6 9 10 8 7 4 3 2 1 
6 7 9 10 8 5 4 3 2 1 
6 8 10 9 7 5 4 3 2 1 
6 10 9 8 7 5 4 3 2 1 
