48
1 2 3 4 5 6 7 8 9 10 11 12 14 15 16 17 18 13 
1 2 3 4 5 6 7 8 9 10 11 12 14 15 17 18 16 13 
1 2 3 4 5 6 7 8 9 10 11 12 14 16 18 17 15 13 
1 2 3 4 5 6 7 8 9 10 11 12 15 16 17 18 14 13 
1 2 3 4 5 6 7 8 9 10 11 12 16 18 17 15 14 13 
1 2 3 4 5 6 7 8 9 10 11 13 14 15 16 18 17 12 
1 2 3 4 5 6 7 8 9 10 11 13 14 15 18 17 16 12 
1 2 3 4 5 6 7 8 9 10 11 13 14 16 17 18 15 12 
1 2 3 4 5 6 7 8 9 10 11 13 14 17 18 16 15 12 
1 2 3 4 5 6 7 8 9 10 11 13 15 16 18 17 14 12 
1 2 3 4 5 6 7 8 9 10 11 13 15 18 17 16 14 12 
1 2 3 4 5 6 7 8 9 10 11 13 16 17 18 15 14 12 
1 2 3 4 5 6 7 8 9 10 11 13 17 18 16 15 14 12 
1 2 3 4 5 6 7 8 9 10 11 14 15 16 17 18 13 12 
1 2 3 4 5 6 7 8 9 10 11 14 15 17 18 16 13 12 
1 2 3 4 5 6 7 8 9 10 11 14 16 18 17 15 13 12 
1 2 3 4 5 6 7 8 9 10 11 14 18 17 16 15 13 12 
1 2 3 4 5 6 7 8 9 10 11 15 16 17 18 14 13 12 
1 2 3 4 5 6 7 8 9 10 11 15 17 18 16 14 13 12 
1 2 3 4 5 6 7 8 9 10 11 16 18 17 15 14 13 12 
1 2 3 4 5 6 7 8 9 10 12 13 14 18 17 16 15 11 
1 2 3 4 5 6 7 8 9 10 12 13 15 17 18 16 14 11 
1 2 3 4 5 6 7 8 9 10 12 13 18 17 16 15 14 11 
1 2 3 4 5 6 7 8 9 10 12 14 15 18 17 16 13 11 
1 2 3 4 5 6 7 8 9 10 12 14 17 18 16 15 13 11 
1 2 3 4 5 6 7 8 9 10 12 16 17 18 15 14 13 11 
1 2 3 4 5 6 7 8 9 10 12 17 18 16 15 14 13 11 
1 2 3 4 5 6 7 8 9 10 13 14 15 17 18 16 12 11 
1 2 3 4 5 6 7 8 9 10 13 14 18 17 16 15 12 11 
1 2 3 4 5 6 7 8 9 10 13 16 18 17 15 14 12 11 
1 2 3 4 5 6 7 8 9 10 13 18 17 16 15 14 12 11 
1 2 3 4 5 6 7 8 9 10 14 15 16 18 17 13 12 11 
1 2 3 4 5 6 7 8 9 10 14 16 17 18 15 13 12 11 
1 2 3 4 5 6 7 8 9 10 14 17 18 16 15 13 12 11 
1 2 3 4 5 6 7 8 9 10 16 17 18 15 14 13 12 11 
1 2 3 4 5 6 7 8 9 10 17 18 16 15 14 13 12 11 
1 2 3 4 5 6 7 8 9 11 12 18 17 16 15 14 13 10 
1 2 3 4 5 6 7 8 9 11 13 17 18 16 15 14 12 10 
1 2 3 4 5 6 7 8 9 11 18 17 16 15 14 13 12 10 
1 2 3 4 5 6 7 8 9 12 13 18 17 16 15 14 11 10 
1 2 3 4 5 6 7 8 9 12 17 18 16 15 14 13 11 10 
1 2 3 4 5 6 7 8 9 13 14 16 18 17 15 12 11 10 
1 2 3 4 5 6 7 8 9 16 17 18 15 14 13 12 11 10 
1 2 3 4 5 6 7 8 9 17 18 16 15 14 13 12 11 10 
1 2 3 4 5 6 7 8 10 18 17 16 15 14 13 12 11 9 
1 2 3 4 5 6 7 8 11 17 18 16 15 14 13 12 10 9 
1 2 3 4 5 6 7 8 18 17 16 15 14 13 12 11 10 9 
1 2 3 4 5 6 7 18 17 16 15 14 13 12 11 10 9 8 
