47
1 2 3 4 6 7 8 9 10 5 
1 2 3 4 6 7 9 10 8 5 
1 2 3 4 6 8 10 9 7 5 
1 2 3 4 7 8 9 10 6 5 
1 2 3 4 8 10 9 7 6 5 
1 2 3 5 6 7 8 10 9 4 
1 2 3 5 6 7 10 9 8 4 
1 2 3 5 6 8 9 10 7 4 
1 2 3 5 6 9 10 8 7 4 
1 2 3 5 7 8 10 9 6 4 
1 2 3 5 7 10 9 8 6 4 
1 2 3 5 8 9 10 7 6 4 
1 2 3 5 9 10 8 7 6 4 
1 2 3 6 7 8 9 10 5 4 
1 2 3 6 7 9 10 8 5 4 
1 2 3 6 8 10 9 7 5 4 
1 2 3 6 10 9 8 7 5 4 
1 2 3 7 8 9 10 6 5 4 
1 2 3 7 9 10 8 6 5 4 
1 2 3 8 10 9 7 6 5 4 
1 2 4 5 6 10 9 8 7 3 
1 2 4 5 7 9 10 8 6 3 
1 2 4 5 10 9 8 7 6 3 
1 2 4 6 7 10 9 8 5 3 
1 2 4 6 9 10 8 7 5 3 
1 2 4 8 9 10 7 6 5 3 
1 2 4 9 10 8 7 6 5 3 
1 2 5 6 7 9 10 8 4 3 
1 2 5 6 10 9 8 7 4 3 
1 2 5 8 10 9 7 6 4 3 
1 2 5 10 9 8 7 6 4 3 
1 2 6 7 8 10 9 5 4 3 
1 2 6 8 9 10 7 5 4 3 
1 2 6 9 10 8 7 5 4 3 
1 2 8 9 10 7 6 5 4 3 
1 2 9 10 8 7 6 5 4 3 
1 3 4 10 9 8 7 6 5 2 
1 3 5 9 10 8 7 6 4 2 
1 3 10 9 8 7 6 5 4 2 
1 4 5 10 9 8 7 6 3 2 
1 4 9 10 8 7 6 5 3 2 
1 5 6 8 10 9 7 4 3 2 
1 8 9 10 7 6 5 4 3 2 
1 9 10 8 7 6 5 4 3 2 
2 10 9 8 7 6 5 4 3 1 
3 9 10 8 7 6 5 4 2 1 
10 9 8 7 6 5 4 3 2 1 
