1056
1 2 3 4 5 6 7 9 10 11 12 13 14 15 16 17 8 
1 2 3 4 5 6 7 9 10 11 12 13 14 16 17 15 8 
1 2 3 4 5 6 7 9 10 11 12 13 15 17 16 14 8 
1 2 3 4 5 6 7 9 10 11 12 14 15 16 17 13 8 
1 2 3 4 5 6 7 9 10 11 12 15 17 16 14 13 8 
1 2 3 4 5 6 7 9 10 11 13 14 15 17 16 12 8 
1 2 3 4 5 6 7 9 10 11 13 15 16 17 14 12 8 
1 2 3 4 5 6 7 9 10 11 14 15 17 16 13 12 8 
1 2 3 4 5 6 7 9 10 11 14 17 16 15 13 12 8 
1 2 3 4 5 6 7 9 10 12 13 14 15 16 17 11 8 
1 2 3 4 5 6 7 9 10 12 13 15 17 16 14 11 8 
1 2 3 4 5 6 7 9 10 12 14 15 16 17 13 11 8 
1 2 3 4 5 6 7 9 10 12 14 16 17 15 13 11 8 
1 2 3 4 5 6 7 9 10 13 14 17 16 15 12 11 8 
1 2 3 4 5 6 7 9 10 14 15 17 16 13 12 11 8 
1 2 3 4 5 6 7 9 10 14 17 16 15 13 12 11 8 
1 2 3 4 5 6 7 9 11 12 13 14 15 17 16 10 8 
1 2 3 4 5 6 7 9 11 12 13 15 16 17 14 10 8 
1 2 3 4 5 6 7 9 11 12 14 15 17 16 13 10 8 
1 2 3 4 5 6 7 9 11 12 14 17 16 15 13 10 8 
1 2 3 4 5 6 7 9 11 13 14 16 17 15 12 10 8 
1 2 3 4 5 6 7 9 11 14 15 16 17 13 12 10 8 
1 2 3 4 5 6 7 9 11 14 16 17 15 13 12 10 8 
1 2 3 4 5 6 7 9 12 13 14 15 17 16 11 10 8 
1 2 3 4 5 6 7 9 12 14 17 16 15 13 11 10 8 
1 2 3 4 5 6 7 9 13 14 16 17 15 12 11 10 8 
1 2 3 4 5 6 7 9 13 15 17 16 14 12 11 10 8 
1 2 3 4 5 6 7 9 13 17 16 15 14 12 11 10 8 
1 2 3 4 5 6 7 10 11 12 13 14 15 16 17 9 8 
1 2 3 4 5 6 7 10 11 12 13 15 17 16 14 9 8 
1 2 3 4 5 6 7 10 11 12 14 15 16 17 13 9 8 
1 2 3 4 5 6 7 10 11 12 14 16 17 15 13 9 8 
1 2 3 4 5 6 7 10 11 13 14 17 16 15 12 9 8 
1 2 3 4 5 6 7 10 11 14 15 17 16 13 12 9 8 
1 2 3 4 5 6 7 10 11 14 17 16 15 13 12 9 8 
1 2 3 4 5 6 7 10 12 13 14 15 16 17 11 9 8 
1 2 3 4 5 6 7 10 12 14 16 17 15 13 11 9 8 
1 2 3 4 5 6 7 10 13 14 17 16 15 12 11 9 8 
1 2 3 4 5 6 7 10 13 15 16 17 14 12 11 9 8 
1 2 3 4 5 6 7 10 13 16 17 15 14 12 11 9 8 
1 2 3 4 5 6 7 11 12 13 14 15 17 16 10 9 8 
1 2 3 4 5 6 7 11 12 13 14 17 16 15 10 9 8 
1 2 3 4 5 6 7 11 12 14 15 17 16 13 10 9 8 
1 2 3 4 5 6 7 11 13 14 15 16 17 12 10 9 8 
1 2 3 4 5 6 7 11 13 14 16 17 15 12 10 9 8 
1 2 3 4 5 6 7 11 13 17 16 15 14 12 10 9 8 
1 2 3 4 5 6 7 12 13 14 17 16 15 11 10 9 8 
1 2 3 4 5 6 7 12 13 16 17 15 14 11 10 9 8 
1 2 3 4 5 6 7 13 14 16 17 15 12 11 10 9 8 
1 2 3 4 5 6 7 13 15 17 16 14 12 11 10 9 8 
1 2 3 4 5 6 7 13 17 16 15 14 12 11 10 9 8 
1 2 3 4 5 6 8 9 10 11 12 13 14 15 17 16 7 
1 2 3 4 5 6 8 9 10 11 12 13 14 17 16 15 7 
1 2 3 4 5 6 8 9 10 11 12 13 15 16 17 14 7 
1 2 3 4 5 6 8 9 10 11 12 13 16 17 15 14 7 
1 2 3 4 5 6 8 9 10 11 12 14 15 17 16 13 7 
1 2 3 4 5 6 8 9 10 11 12 14 17 16 15 13 7 
1 2 3 4 5 6 8 9 10 11 12 15 16 17 14 13 7 
1 2 3 4 5 6 8 9 10 11 12 16 17 15 14 13 7 
1 2 3 4 5 6 8 9 10 11 13 14 15 16 17 12 7 
1 2 3 4 5 6 8 9 10 11 13 14 16 17 15 12 7 
1 2 3 4 5 6 8 9 10 11 13 15 17 16 14 12 7 
1 2 3 4 5 6 8 9 10 11 13 17 16 15 14 12 7 
1 2 3 4 5 6 8 9 10 11 14 15 16 17 13 12 7 
1 2 3 4 5 6 8 9 10 11 14 16 17 15 13 12 7 
1 2 3 4 5 6 8 9 10 11 15 17 16 14 13 12 7 
1 2 3 4 5 6 8 9 10 12 13 14 15 17 16 11 7 
1 2 3 4 5 6 8 9 10 12 13 14 17 16 15 11 7 
1 2 3 4 5 6 8 9 10 12 13 15 16 17 14 11 7 
1 2 3 4 5 6 8 9 10 12 13 16 17 15 14 11 7 
1 2 3 4 5 6 8 9 10 12 14 15 17 16 13 11 7 
1 2 3 4 5 6 8 9 10 12 14 17 16 15 13 11 7 
1 2 3 4 5 6 8 9 10 12 15 16 17 14 13 11 7 
1 2 3 4 5 6 8 9 10 13 14 15 16 17 12 11 7 
1 2 3 4 5 6 8 9 10 13 14 16 17 15 12 11 7 
1 2 3 4 5 6 8 9 10 13 15 17 16 14 12 11 7 
1 2 3 4 5 6 8 9 10 13 17 16 15 14 12 11 7 
1 2 3 4 5 6 8 9 10 14 15 16 17 13 12 11 7 
1 2 3 4 5 6 8 9 10 14 16 17 15 13 12 11 7 
1 2 3 4 5 6 8 9 10 15 17 16 14 13 12 11 7 
1 2 3 4 5 6 8 9 11 12 13 14 15 16 17 10 7 
1 2 3 4 5 6 8 9 11 12 13 14 16 17 15 10 7 
1 2 3 4 5 6 8 9 11 12 13 15 17 16 14 10 7 
1 2 3 4 5 6 8 9 11 12 13 17 16 15 14 10 7 
1 2 3 4 5 6 8 9 11 12 14 15 16 17 13 10 7 
1 2 3 4 5 6 8 9 11 12 14 16 17 15 13 10 7 
1 2 3 4 5 6 8 9 11 12 15 17 16 14 13 10 7 
1 2 3 4 5 6 8 9 11 13 14 15 17 16 12 10 7 
1 2 3 4 5 6 8 9 11 13 14 17 16 15 12 10 7 
1 2 3 4 5 6 8 9 11 13 15 16 17 14 12 10 7 
1 2 3 4 5 6 8 9 11 13 16 17 15 14 12 10 7 
1 2 3 4 5 6 8 9 11 14 15 17 16 13 12 10 7 
1 2 3 4 5 6 8 9 11 14 17 16 15 13 12 10 7 
1 2 3 4 5 6 8 9 11 15 16 17 14 13 12 10 7 
1 2 3 4 5 6 8 9 12 13 14 15 16 17 11 10 7 
1 2 3 4 5 6 8 9 12 13 14 16 17 15 11 10 7 
1 2 3 4 5 6 8 9 12 13 17 16 15 14 11 10 7 
1 2 3 4 5 6 8 9 12 14 15 16 17 13 11 10 7 
1 2 3 4 5 6 8 9 12 14 16 17 15 13 11 10 7 
1 2 3 4 5 6 8 9 12 15 17 16 14 13 11 10 7 
1 2 3 4 5 6 8 9 12 17 16 15 14 13 11 10 7 
1 2 3 4 5 6 8 9 13 14 15 17 16 12 11 10 7 
1 2 3 4 5 6 8 9 13 14 17 16 15 12 11 10 7 
1 2 3 4 5 6 8 9 13 15 16 17 14 12 11 10 7 
1 2 3 4 5 6 8 9 13 16 17 15 14 12 11 10 7 
1 2 3 4 5 6 8 9 14 15 17 16 13 12 11 10 7 
1 2 3 4 5 6 8 9 14 17 16 15 13 12 11 10 7 
1 2 3 4 5 6 8 10 11 12 13 14 15 17 16 9 7 
1 2 3 4 5 6 8 10 11 12 13 14 17 16 15 9 7 
1 2 3 4 5 6 8 10 11 12 13 15 16 17 14 9 7 
1 2 3 4 5 6 8 10 11 12 13 16 17 15 14 9 7 
1 2 3 4 5 6 8 10 11 12 14 15 17 16 13 9 7 
1 2 3 4 5 6 8 10 11 12 14 17 16 15 13 9 7 
1 2 3 4 5 6 8 10 11 12 15 16 17 14 13 9 7 
1 2 3 4 5 6 8 10 11 13 14 15 16 17 12 9 7 
1 2 3 4 5 6 8 10 11 13 14 16 17 15 12 9 7 
1 2 3 4 5 6 8 10 11 13 15 17 16 14 12 9 7 
1 2 3 4 5 6 8 10 11 13 17 16 15 14 12 9 7 
1 2 3 4 5 6 8 10 11 14 15 16 17 13 12 9 7 
1 2 3 4 5 6 8 10 11 14 16 17 15 13 12 9 7 
1 2 3 4 5 6 8 10 11 15 17 16 14 13 12 9 7 
1 2 3 4 5 6 8 10 12 13 14 15 17 16 11 9 7 
1 2 3 4 5 6 8 10 12 13 14 17 16 15 11 9 7 
1 2 3 4 5 6 8 10 12 13 16 17 15 14 11 9 7 
1 2 3 4 5 6 8 10 12 14 15 17 16 13 11 9 7 
1 2 3 4 5 6 8 10 12 14 17 16 15 13 11 9 7 
1 2 3 4 5 6 8 10 12 15 16 17 14 13 11 9 7 
1 2 3 4 5 6 8 10 12 16 17 15 14 13 11 9 7 
1 2 3 4 5 6 8 10 13 14 15 16 17 12 11 9 7 
1 2 3 4 5 6 8 10 13 14 16 17 15 12 11 9 7 
1 2 3 4 5 6 8 10 13 15 17 16 14 12 11 9 7 
1 2 3 4 5 6 8 10 13 17 16 15 14 12 11 9 7 
1 2 3 4 5 6 8 10 14 15 16 17 13 12 11 9 7 
1 2 3 4 5 6 8 10 14 16 17 15 13 12 11 9 7 
1 2 3 4 5 6 8 11 12 13 14 15 16 17 10 9 7 
1 2 3 4 5 6 8 11 12 13 14 16 17 15 10 9 7 
1 2 3 4 5 6 8 11 12 13 15 17 16 14 10 9 7 
1 2 3 4 5 6 8 11 12 14 15 16 17 13 10 9 7 
1 2 3 4 5 6 8 11 12 14 16 17 15 13 10 9 7 
1 2 3 4 5 6 8 11 12 17 16 15 14 13 10 9 7 
1 2 3 4 5 6 8 11 13 14 15 17 16 12 10 9 7 
1 2 3 4 5 6 8 11 13 14 17 16 15 12 10 9 7 
1 2 3 4 5 6 8 11 13 15 16 17 14 12 10 9 7 
1 2 3 4 5 6 8 11 13 16 17 15 14 12 10 9 7 
1 2 3 4 5 6 8 11 14 17 16 15 13 12 10 9 7 
1 2 3 4 5 6 8 12 13 14 15 16 17 11 10 9 7 
1 2 3 4 5 6 8 12 13 14 16 17 15 11 10 9 7 
1 2 3 4 5 6 8 12 13 15 17 16 14 11 10 9 7 
1 2 3 4 5 6 8 12 13 17 16 15 14 11 10 9 7 
1 2 3 4 5 6 8 12 14 16 17 15 13 11 10 9 7 
1 2 3 4 5 6 8 12 15 17 16 14 13 11 10 9 7 
1 2 3 4 5 6 8 12 17 16 15 14 13 11 10 9 7 
1 2 3 4 5 6 8 13 14 15 17 16 12 11 10 9 7 
1 2 3 4 5 6 8 13 14 17 16 15 12 11 10 9 7 
1 2 3 4 5 6 8 13 15 16 17 14 12 11 10 9 7 
1 2 3 4 5 6 8 13 16 17 15 14 12 11 10 9 7 
1 2 3 4 5 6 8 14 15 17 16 13 12 11 10 9 7 
1 2 3 4 5 6 8 14 17 16 15 13 12 11 10 9 7 
1 2 3 4 5 6 9 10 11 12 13 14 15 16 17 8 7 
1 2 3 4 5 6 9 10 11 12 13 14 16 17 15 8 7 
1 2 3 4 5 6 9 10 11 12 13 15 17 16 14 8 7 
1 2 3 4 5 6 9 10 11 12 13 17 16 15 14 8 7 
1 2 3 4 5 6 9 10 11 12 14 15 16 17 13 8 7 
1 2 3 4 5 6 9 10 11 12 14 16 17 15 13 8 7 
1 2 3 4 5 6 9 10 11 12 15 17 16 14 13 8 7 
1 2 3 4 5 6 9 10 11 13 14 15 17 16 12 8 7 
1 2 3 4 5 6 9 10 11 13 14 17 16 15 12 8 7 
1 2 3 4 5 6 9 10 11 13 15 16 17 14 12 8 7 
1 2 3 4 5 6 9 10 11 13 16 17 15 14 12 8 7 
1 2 3 4 5 6 9 10 11 14 15 17 16 13 12 8 7 
1 2 3 4 5 6 9 10 11 14 17 16 15 13 12 8 7 
1 2 3 4 5 6 9 10 11 15 16 17 14 13 12 8 7 
1 2 3 4 5 6 9 10 12 13 14 15 16 17 11 8 7 
1 2 3 4 5 6 9 10 12 13 14 16 17 15 11 8 7 
1 2 3 4 5 6 9 10 12 13 17 16 15 14 11 8 7 
1 2 3 4 5 6 9 10 12 14 15 16 17 13 11 8 7 
1 2 3 4 5 6 9 10 12 14 16 17 15 13 11 8 7 
1 2 3 4 5 6 9 10 12 15 17 16 14 13 11 8 7 
1 2 3 4 5 6 9 10 12 17 16 15 14 13 11 8 7 
1 2 3 4 5 6 9 10 13 14 15 17 16 12 11 8 7 
1 2 3 4 5 6 9 10 13 14 17 16 15 12 11 8 7 
1 2 3 4 5 6 9 10 13 15 16 17 14 12 11 8 7 
1 2 3 4 5 6 9 10 13 16 17 15 14 12 11 8 7 
1 2 3 4 5 6 9 10 14 15 17 16 13 12 11 8 7 
1 2 3 4 5 6 9 10 14 17 16 15 13 12 11 8 7 
1 2 3 4 5 6 9 11 12 13 14 15 17 16 10 8 7 
1 2 3 4 5 6 9 11 12 13 14 17 16 15 10 8 7 
1 2 3 4 5 6 9 11 12 13 15 16 17 14 10 8 7 
1 2 3 4 5 6 9 11 12 14 15 17 16 13 10 8 7 
1 2 3 4 5 6 9 11 12 14 17 16 15 13 10 8 7 
1 2 3 4 5 6 9 11 12 16 17 15 14 13 10 8 7 
1 2 3 4 5 6 9 11 13 14 15 16 17 12 10 8 7 
1 2 3 4 5 6 9 11 13 14 16 17 15 12 10 8 7 
1 2 3 4 5 6 9 11 13 15 17 16 14 12 10 8 7 
1 2 3 4 5 6 9 11 13 17 16 15 14 12 10 8 7 
1 2 3 4 5 6 9 11 14 16 17 15 13 12 10 8 7 
1 2 3 4 5 6 9 12 13 14 15 17 16 11 10 8 7 
1 2 3 4 5 6 9 12 13 14 17 16 15 11 10 8 7 
1 2 3 4 5 6 9 12 13 15 16 17 14 11 10 8 7 
1 2 3 4 5 6 9 12 13 16 17 15 14 11 10 8 7 
1 2 3 4 5 6 9 12 14 17 16 15 13 11 10 8 7 
1 2 3 4 5 6 9 12 15 16 17 14 13 11 10 8 7 
1 2 3 4 5 6 9 12 16 17 15 14 13 11 10 8 7 
1 2 3 4 5 6 9 13 14 15 16 17 12 11 10 8 7 
1 2 3 4 5 6 9 13 14 16 17 15 12 11 10 8 7 
1 2 3 4 5 6 9 13 15 17 16 14 12 11 10 8 7 
1 2 3 4 5 6 9 13 17 16 15 14 12 11 10 8 7 
1 2 3 4 5 6 9 14 15 16 17 13 12 11 10 8 7 
1 2 3 4 5 6 9 14 16 17 15 13 12 11 10 8 7 
1 2 3 4 5 6 10 11 12 13 14 15 16 17 9 8 7 
1 2 3 4 5 6 10 11 12 13 14 16 17 15 9 8 7 
1 2 3 4 5 6 10 11 12 13 15 17 16 14 9 8 7 
1 2 3 4 5 6 10 11 12 13 17 16 15 14 9 8 7 
1 2 3 4 5 6 10 11 12 14 15 16 17 13 9 8 7 
1 2 3 4 5 6 10 11 12 14 16 17 15 13 9 8 7 
1 2 3 4 5 6 10 11 12 15 17 16 14 13 9 8 7 
1 2 3 4 5 6 10 11 13 14 15 17 16 12 9 8 7 
1 2 3 4 5 6 10 11 13 14 17 16 15 12 9 8 7 
1 2 3 4 5 6 10 11 13 15 16 17 14 12 9 8 7 
1 2 3 4 5 6 10 11 13 16 17 15 14 12 9 8 7 
1 2 3 4 5 6 10 11 14 15 17 16 13 12 9 8 7 
1 2 3 4 5 6 10 12 13 14 15 16 17 11 9 8 7 
1 2 3 4 5 6 10 12 13 14 16 17 15 11 9 8 7 
1 2 3 4 5 6 10 12 13 15 17 16 14 11 9 8 7 
1 2 3 4 5 6 10 12 13 17 16 15 14 11 9 8 7 
1 2 3 4 5 6 10 12 14 15 16 17 13 11 9 8 7 
1 2 3 4 5 6 10 12 14 16 17 15 13 11 9 8 7 
1 2 3 4 5 6 10 12 17 16 15 14 13 11 9 8 7 
1 2 3 4 5 6 10 13 14 15 17 16 12 11 9 8 7 
1 2 3 4 5 6 10 13 14 17 16 15 12 11 9 8 7 
1 2 3 4 5 6 10 13 15 16 17 14 12 11 9 8 7 
1 2 3 4 5 6 10 13 16 17 15 14 12 11 9 8 7 
1 2 3 4 5 6 10 14 17 16 15 13 12 11 9 8 7 
1 2 3 4 5 6 11 12 13 14 15 17 16 10 9 8 7 
1 2 3 4 5 6 11 12 13 15 16 17 14 10 9 8 7 
1 2 3 4 5 6 11 12 13 16 17 15 14 10 9 8 7 
1 2 3 4 5 6 11 12 14 17 16 15 13 10 9 8 7 
1 2 3 4 5 6 11 12 16 17 15 14 13 10 9 8 7 
1 2 3 4 5 6 11 13 14 15 16 17 12 10 9 8 7 
1 2 3 4 5 6 11 13 14 16 17 15 12 10 9 8 7 
1 2 3 4 5 6 11 13 15 17 16 14 12 10 9 8 7 
1 2 3 4 5 6 11 13 17 16 15 14 12 10 9 8 7 
1 2 3 4 5 6 11 14 16 17 15 13 12 10 9 8 7 
1 2 3 4 5 6 11 15 17 16 14 13 12 10 9 8 7 
1 2 3 4 5 6 11 17 16 15 14 13 12 10 9 8 7 
1 2 3 4 5 6 12 13 14 15 17 16 11 10 9 8 7 
1 2 3 4 5 6 12 13 14 17 16 15 11 10 9 8 7 
1 2 3 4 5 6 12 13 15 16 17 14 11 10 9 8 7 
1 2 3 4 5 6 12 13 16 17 15 14 11 10 9 8 7 
1 2 3 4 5 6 12 14 15 17 16 13 11 10 9 8 7 
1 2 3 4 5 6 12 14 17 16 15 13 11 10 9 8 7 
1 2 3 4 5 6 12 15 16 17 14 13 11 10 9 8 7 
1 2 3 4 5 6 12 16 17 15 14 13 11 10 9 8 7 
1 2 3 4 5 6 13 14 16 17 15 12 11 10 9 8 7 
1 2 3 4 5 6 13 15 17 16 14 12 11 10 9 8 7 
1 2 3 4 5 6 13 17 16 15 14 12 11 10 9 8 7 
1 2 3 4 5 7 8 9 10 11 12 13 17 16 15 14 6 
1 2 3 4 5 7 8 9 10 11 12 14 16 17 15 13 6 
1 2 3 4 5 7 8 9 10 11 12 17 16 15 14 13 6 
1 2 3 4 5 7 8 9 10 11 13 14 17 16 15 12 6 
1 2 3 4 5 7 8 9 10 11 13 16 17 15 14 12 6 
1 2 3 4 5 7 8 9 10 11 15 16 17 14 13 12 6 
1 2 3 4 5 7 8 9 10 11 16 17 15 14 13 12 6 
1 2 3 4 5 7 8 9 10 12 13 14 16 17 15 11 6 
1 2 3 4 5 7 8 9 10 12 13 17 16 15 14 11 6 
1 2 3 4 5 7 8 9 10 12 15 17 16 14 13 11 6 
1 2 3 4 5 7 8 9 10 12 17 16 15 14 13 11 6 
1 2 3 4 5 7 8 9 10 13 14 15 17 16 12 11 6 
1 2 3 4 5 7 8 9 10 13 15 16 17 14 12 11 6 
1 2 3 4 5 7 8 9 10 13 16 17 15 14 12 11 6 
1 2 3 4 5 7 8 9 10 15 16 17 14 13 12 11 6 
1 2 3 4 5 7 8 9 10 16 17 15 14 13 12 11 6 
1 2 3 4 5 7 8 9 11 12 13 14 17 16 15 10 6 
1 2 3 4 5 7 8 9 11 12 13 16 17 15 14 10 6 
1 2 3 4 5 7 8 9 11 12 15 16 17 14 13 10 6 
1 2 3 4 5 7 8 9 11 12 16 17 15 14 13 10 6 
1 2 3 4 5 7 8 9 11 13 14 15 16 17 12 10 6 
1 2 3 4 5 7 8 9 11 13 15 17 16 14 12 10 6 
1 2 3 4 5 7 8 9 11 13 17 16 15 14 12 10 6 
1 2 3 4 5 7 8 9 11 15 17 16 14 13 12 10 6 
1 2 3 4 5 7 8 9 11 17 16 15 14 13 12 10 6 
1 2 3 4 5 7 8 9 12 13 14 17 16 15 11 10 6 
1 2 3 4 5 7 8 9 12 13 15 16 17 14 11 10 6 
1 2 3 4 5 7 8 9 12 13 16 17 15 14 11 10 6 
1 2 3 4 5 7 8 9 12 14 15 17 16 13 11 10 6 
1 2 3 4 5 7 8 9 12 15 16 17 14 13 11 10 6 
1 2 3 4 5 7 8 9 12 16 17 15 14 13 11 10 6 
1 2 3 4 5 7 8 9 13 14 15 16 17 12 11 10 6 
1 2 3 4 5 7 8 9 14 15 16 17 13 12 11 10 6 
1 2 3 4 5 7 8 9 14 16 17 15 13 12 11 10 6 
1 2 3 4 5 7 8 9 15 17 16 14 13 12 11 10 6 
1 2 3 4 5 7 8 10 11 12 13 14 16 17 15 9 6 
1 2 3 4 5 7 8 10 11 12 13 17 16 15 14 9 6 
1 2 3 4 5 7 8 10 11 12 15 17 16 14 13 9 6 
1 2 3 4 5 7 8 10 11 12 17 16 15 14 13 9 6 
1 2 3 4 5 7 8 10 11 13 14 15 17 16 12 9 6 
1 2 3 4 5 7 8 10 11 13 15 16 17 14 12 9 6 
1 2 3 4 5 7 8 10 11 13 16 17 15 14 12 9 6 
1 2 3 4 5 7 8 10 11 15 16 17 14 13 12 9 6 
1 2 3 4 5 7 8 10 11 16 17 15 14 13 12 9 6 
1 2 3 4 5 7 8 10 12 13 14 16 17 15 11 9 6 
1 2 3 4 5 7 8 10 12 13 15 17 16 14 11 9 6 
1 2 3 4 5 7 8 10 12 13 17 16 15 14 11 9 6 
1 2 3 4 5 7 8 10 12 14 15 16 17 13 11 9 6 
1 2 3 4 5 7 8 10 12 15 17 16 14 13 11 9 6 
1 2 3 4 5 7 8 10 12 17 16 15 14 13 11 9 6 
1 2 3 4 5 7 8 10 13 14 15 17 16 12 11 9 6 
1 2 3 4 5 7 8 10 14 15 17 16 13 12 11 9 6 
1 2 3 4 5 7 8 10 14 17 16 15 13 12 11 9 6 
1 2 3 4 5 7 8 10 15 16 17 14 13 12 11 9 6 
1 2 3 4 5 7 8 11 12 13 15 16 17 14 10 9 6 
1 2 3 4 5 7 8 11 12 13 16 17 15 14 10 9 6 
1 2 3 4 5 7 8 11 12 14 17 16 15 13 10 9 6 
1 2 3 4 5 7 8 11 12 15 16 17 14 13 10 9 6 
1 2 3 4 5 7 8 11 12 16 17 15 14 13 10 9 6 
1 2 3 4 5 7 8 11 13 15 17 16 14 12 10 9 6 
1 2 3 4 5 7 8 11 14 15 16 17 13 12 10 9 6 
1 2 3 4 5 7 8 11 14 16 17 15 13 12 10 9 6 
1 2 3 4 5 7 8 11 15 17 16 14 13 12 10 9 6 
1 2 3 4 5 7 8 11 17 16 15 14 13 12 10 9 6 
1 2 3 4 5 7 8 12 13 14 15 17 16 11 10 9 6 
1 2 3 4 5 7 8 12 13 15 16 17 14 11 10 9 6 
1 2 3 4 5 7 8 12 14 15 17 16 13 11 10 9 6 
1 2 3 4 5 7 8 12 14 17 16 15 13 11 10 9 6 
1 2 3 4 5 7 8 12 15 16 17 14 13 11 10 9 6 
1 2 3 4 5 7 8 12 16 17 15 14 13 11 10 9 6 
1 2 3 4 5 7 8 13 14 15 16 17 12 11 10 9 6 
1 2 3 4 5 7 8 14 15 16 17 13 12 11 10 9 6 
1 2 3 4 5 7 8 14 16 17 15 13 12 11 10 9 6 
1 2 3 4 5 7 8 15 17 16 14 13 12 11 10 9 6 
1 2 3 4 5 7 9 10 11 12 13 14 17 16 15 8 6 
1 2 3 4 5 7 9 10 11 12 13 16 17 15 14 8 6 
1 2 3 4 5 7 9 10 11 12 15 16 17 14 13 8 6 
1 2 3 4 5 7 9 10 11 12 16 17 15 14 13 8 6 
1 2 3 4 5 7 9 10 11 13 14 15 16 17 12 8 6 
1 2 3 4 5 7 9 10 11 13 15 17 16 14 12 8 6 
1 2 3 4 5 7 9 10 11 13 17 16 15 14 12 8 6 
1 2 3 4 5 7 9 10 11 15 17 16 14 13 12 8 6 
1 2 3 4 5 7 9 10 11 17 16 15 14 13 12 8 6 
1 2 3 4 5 7 9 10 12 13 14 17 16 15 11 8 6 
1 2 3 4 5 7 9 10 12 13 15 16 17 14 11 8 6 
1 2 3 4 5 7 9 10 12 13 16 17 15 14 11 8 6 
1 2 3 4 5 7 9 10 12 14 15 17 16 13 11 8 6 
1 2 3 4 5 7 9 10 12 15 16 17 14 13 11 8 6 
1 2 3 4 5 7 9 10 12 16 17 15 14 13 11 8 6 
1 2 3 4 5 7 9 10 13 14 15 16 17 12 11 8 6 
1 2 3 4 5 7 9 10 14 15 16 17 13 12 11 8 6 
1 2 3 4 5 7 9 10 14 16 17 15 13 12 11 8 6 
1 2 3 4 5 7 9 10 15 17 16 14 13 12 11 8 6 
1 2 3 4 5 7 9 11 12 13 15 17 16 14 10 8 6 
1 2 3 4 5 7 9 11 12 13 17 16 15 14 10 8 6 
1 2 3 4 5 7 9 11 12 14 16 17 15 13 10 8 6 
1 2 3 4 5 7 9 11 12 15 17 16 14 13 10 8 6 
1 2 3 4 5 7 9 11 12 17 16 15 14 13 10 8 6 
1 2 3 4 5 7 9 11 13 15 16 17 14 12 10 8 6 
1 2 3 4 5 7 9 11 14 15 17 16 13 12 10 8 6 
1 2 3 4 5 7 9 11 14 17 16 15 13 12 10 8 6 
1 2 3 4 5 7 9 11 15 16 17 14 13 12 10 8 6 
1 2 3 4 5 7 9 11 16 17 15 14 13 12 10 8 6 
1 2 3 4 5 7 9 12 13 14 15 16 17 11 10 8 6 
1 2 3 4 5 7 9 12 13 15 17 16 14 11 10 8 6 
1 2 3 4 5 7 9 12 14 15 16 17 13 11 10 8 6 
1 2 3 4 5 7 9 12 14 16 17 15 13 11 10 8 6 
1 2 3 4 5 7 9 12 15 17 16 14 13 11 10 8 6 
1 2 3 4 5 7 9 12 17 16 15 14 13 11 10 8 6 
1 2 3 4 5 7 9 13 14 15 17 16 12 11 10 8 6 
1 2 3 4 5 7 9 14 15 17 16 13 12 11 10 8 6 
1 2 3 4 5 7 9 14 17 16 15 13 12 11 10 8 6 
1 2 3 4 5 7 9 15 16 17 14 13 12 11 10 8 6 
1 2 3 4 5 7 10 11 12 13 14 15 17 16 9 8 6 
1 2 3 4 5 7 10 11 12 13 15 16 17 14 9 8 6 
1 2 3 4 5 7 10 11 12 13 16 17 15 14 9 8 6 
1 2 3 4 5 7 10 11 12 15 16 17 14 13 9 8 6 
1 2 3 4 5 7 10 11 12 16 17 15 14 13 9 8 6 
1 2 3 4 5 7 10 11 13 14 16 17 15 12 9 8 6 
1 2 3 4 5 7 10 11 13 17 16 15 14 12 9 8 6 
1 2 3 4 5 7 10 11 14 15 16 17 13 12 9 8 6 
1 2 3 4 5 7 10 11 14 16 17 15 13 12 9 8 6 
1 2 3 4 5 7 10 11 17 16 15 14 13 12 9 8 6 
1 2 3 4 5 7 10 12 13 14 17 16 15 11 9 8 6 
1 2 3 4 5 7 10 12 14 15 17 16 13 11 9 8 6 
1 2 3 4 5 7 10 12 14 17 16 15 13 11 9 8 6 
1 2 3 4 5 7 10 12 15 16 17 14 13 11 9 8 6 
1 2 3 4 5 7 10 12 16 17 15 14 13 11 9 8 6 
1 2 3 4 5 7 10 13 15 17 16 14 12 11 9 8 6 
1 2 3 4 5 7 10 14 15 16 17 13 12 11 9 8 6 
1 2 3 4 5 7 10 14 16 17 15 13 12 11 9 8 6 
1 2 3 4 5 7 10 15 17 16 14 13 12 11 9 8 6 
1 2 3 4 5 7 10 17 16 15 14 13 12 11 9 8 6 
1 2 3 4 5 7 11 12 13 14 15 16 17 10 9 8 6 
1 2 3 4 5 7 11 12 13 14 16 17 15 10 9 8 6 
1 2 3 4 5 7 11 12 13 15 17 16 14 10 9 8 6 
1 2 3 4 5 7 11 12 14 15 16 17 13 10 9 8 6 
1 2 3 4 5 7 11 12 14 16 17 15 13 10 9 8 6 
1 2 3 4 5 7 11 12 15 17 16 14 13 10 9 8 6 
1 2 3 4 5 7 11 12 17 16 15 14 13 10 9 8 6 
1 2 3 4 5 7 11 13 14 15 17 16 12 10 9 8 6 
1 2 3 4 5 7 11 13 15 16 17 14 12 10 9 8 6 
1 2 3 4 5 7 11 14 15 17 16 13 12 10 9 8 6 
1 2 3 4 5 7 11 14 17 16 15 13 12 10 9 8 6 
1 2 3 4 5 7 11 15 16 17 14 13 12 10 9 8 6 
1 2 3 4 5 7 11 16 17 15 14 13 12 10 9 8 6 
1 2 3 4 5 7 12 13 14 15 16 17 11 10 9 8 6 
1 2 3 4 5 7 12 13 15 17 16 14 11 10 9 8 6 
1 2 3 4 5 7 12 14 15 16 17 13 11 10 9 8 6 
1 2 3 4 5 7 13 14 15 17 16 12 11 10 9 8 6 
1 2 3 4 5 7 13 14 17 16 15 12 11 10 9 8 6 
1 2 3 4 5 7 13 15 16 17 14 12 11 10 9 8 6 
1 2 3 4 5 7 13 16 17 15 14 12 11 10 9 8 6 
1 2 3 4 5 7 14 15 17 16 13 12 11 10 9 8 6 
1 2 3 4 5 7 14 17 16 15 13 12 11 10 9 8 6 
1 2 3 4 5 8 9 10 11 12 13 14 16 17 15 7 6 
1 2 3 4 5 8 9 10 11 12 13 17 16 15 14 7 6 
1 2 3 4 5 8 9 10 11 12 15 17 16 14 13 7 6 
1 2 3 4 5 8 9 10 11 12 17 16 15 14 13 7 6 
1 2 3 4 5 8 9 10 11 13 14 15 17 16 12 7 6 
1 2 3 4 5 8 9 10 11 13 15 16 17 14 12 7 6 
1 2 3 4 5 8 9 10 11 13 16 17 15 14 12 7 6 
1 2 3 4 5 8 9 10 11 15 16 17 14 13 12 7 6 
1 2 3 4 5 8 9 10 11 16 17 15 14 13 12 7 6 
1 2 3 4 5 8 9 10 12 13 14 16 17 15 11 7 6 
1 2 3 4 5 8 9 10 12 13 15 17 16 14 11 7 6 
1 2 3 4 5 8 9 10 12 13 17 16 15 14 11 7 6 
1 2 3 4 5 8 9 10 12 14 15 16 17 13 11 7 6 
1 2 3 4 5 8 9 10 12 15 17 16 14 13 11 7 6 
1 2 3 4 5 8 9 10 12 17 16 15 14 13 11 7 6 
1 2 3 4 5 8 9 10 13 14 15 17 16 12 11 7 6 
1 2 3 4 5 8 9 10 14 15 17 16 13 12 11 7 6 
1 2 3 4 5 8 9 10 14 17 16 15 13 12 11 7 6 
1 2 3 4 5 8 9 10 15 16 17 14 13 12 11 7 6 
1 2 3 4 5 8 9 11 12 13 15 16 17 14 10 7 6 
1 2 3 4 5 8 9 11 12 13 16 17 15 14 10 7 6 
1 2 3 4 5 8 9 11 12 14 17 16 15 13 10 7 6 
1 2 3 4 5 8 9 11 12 15 16 17 14 13 10 7 6 
1 2 3 4 5 8 9 11 12 16 17 15 14 13 10 7 6 
1 2 3 4 5 8 9 11 13 15 17 16 14 12 10 7 6 
1 2 3 4 5 8 9 11 14 15 16 17 13 12 10 7 6 
1 2 3 4 5 8 9 11 14 16 17 15 13 12 10 7 6 
1 2 3 4 5 8 9 11 15 17 16 14 13 12 10 7 6 
1 2 3 4 5 8 9 11 17 16 15 14 13 12 10 7 6 
1 2 3 4 5 8 9 12 13 14 15 17 16 11 10 7 6 
1 2 3 4 5 8 9 12 13 15 16 17 14 11 10 7 6 
1 2 3 4 5 8 9 12 14 15 17 16 13 11 10 7 6 
1 2 3 4 5 8 9 12 14 17 16 15 13 11 10 7 6 
1 2 3 4 5 8 9 12 15 16 17 14 13 11 10 7 6 
1 2 3 4 5 8 9 12 16 17 15 14 13 11 10 7 6 
1 2 3 4 5 8 9 13 14 15 16 17 12 11 10 7 6 
1 2 3 4 5 8 9 14 15 16 17 13 12 11 10 7 6 
1 2 3 4 5 8 9 14 16 17 15 13 12 11 10 7 6 
1 2 3 4 5 8 9 15 17 16 14 13 12 11 10 7 6 
1 2 3 4 5 8 10 11 12 13 14 15 16 17 9 7 6 
1 2 3 4 5 8 10 11 12 13 15 17 16 14 9 7 6 
1 2 3 4 5 8 10 11 12 13 17 16 15 14 9 7 6 
1 2 3 4 5 8 10 11 12 15 17 16 14 13 9 7 6 
1 2 3 4 5 8 10 11 12 17 16 15 14 13 9 7 6 
1 2 3 4 5 8 10 11 13 14 17 16 15 12 9 7 6 
1 2 3 4 5 8 10 11 13 16 17 15 14 12 9 7 6 
1 2 3 4 5 8 10 11 14 15 17 16 13 12 9 7 6 
1 2 3 4 5 8 10 11 14 17 16 15 13 12 9 7 6 
1 2 3 4 5 8 10 11 16 17 15 14 13 12 9 7 6 
1 2 3 4 5 8 10 12 13 14 16 17 15 11 9 7 6 
1 2 3 4 5 8 10 12 14 15 16 17 13 11 9 7 6 
1 2 3 4 5 8 10 12 14 16 17 15 13 11 9 7 6 
1 2 3 4 5 8 10 12 15 17 16 14 13 11 9 7 6 
1 2 3 4 5 8 10 12 17 16 15 14 13 11 9 7 6 
1 2 3 4 5 8 10 13 15 16 17 14 12 11 9 7 6 
1 2 3 4 5 8 10 14 15 17 16 13 12 11 9 7 6 
1 2 3 4 5 8 10 14 17 16 15 13 12 11 9 7 6 
1 2 3 4 5 8 10 15 16 17 14 13 12 11 9 7 6 
1 2 3 4 5 8 10 16 17 15 14 13 12 11 9 7 6 
1 2 3 4 5 8 11 12 13 14 15 17 16 10 9 7 6 
1 2 3 4 5 8 11 12 13 14 17 16 15 10 9 7 6 
1 2 3 4 5 8 11 12 13 15 16 17 14 10 9 7 6 
1 2 3 4 5 8 11 12 14 15 17 16 13 10 9 7 6 
1 2 3 4 5 8 11 12 14 17 16 15 13 10 9 7 6 
1 2 3 4 5 8 11 12 15 16 17 14 13 10 9 7 6 
1 2 3 4 5 8 11 12 16 17 15 14 13 10 9 7 6 
1 2 3 4 5 8 11 13 14 15 16 17 12 10 9 7 6 
1 2 3 4 5 8 11 13 15 17 16 14 12 10 9 7 6 
1 2 3 4 5 8 11 14 15 16 17 13 12 10 9 7 6 
1 2 3 4 5 8 11 14 16 17 15 13 12 10 9 7 6 
1 2 3 4 5 8 11 15 17 16 14 13 12 10 9 7 6 
1 2 3 4 5 8 11 17 16 15 14 13 12 10 9 7 6 
1 2 3 4 5 8 12 13 14 15 17 16 11 10 9 7 6 
1 2 3 4 5 8 12 13 15 16 17 14 11 10 9 7 6 
1 2 3 4 5 8 12 14 15 17 16 13 11 10 9 7 6 
1 2 3 4 5 8 13 14 15 16 17 12 11 10 9 7 6 
1 2 3 4 5 8 13 14 16 17 15 12 11 10 9 7 6 
1 2 3 4 5 8 13 15 17 16 14 12 11 10 9 7 6 
1 2 3 4 5 8 13 17 16 15 14 12 11 10 9 7 6 
1 2 3 4 5 8 14 15 16 17 13 12 11 10 9 7 6 
1 2 3 4 5 8 14 16 17 15 13 12 11 10 9 7 6 
1 2 3 4 5 9 10 11 12 13 14 17 16 15 8 7 6 
1 2 3 4 5 9 10 11 12 13 15 16 17 14 8 7 6 
1 2 3 4 5 9 10 11 12 13 16 17 15 14 8 7 6 
1 2 3 4 5 9 10 11 12 14 15 17 16 13 8 7 6 
1 2 3 4 5 9 10 11 12 15 16 17 14 13 8 7 6 
1 2 3 4 5 9 10 11 12 16 17 15 14 13 8 7 6 
1 2 3 4 5 9 10 11 13 14 15 16 17 12 8 7 6 
1 2 3 4 5 9 10 11 14 15 16 17 13 12 8 7 6 
1 2 3 4 5 9 10 11 14 16 17 15 13 12 8 7 6 
1 2 3 4 5 9 10 11 15 17 16 14 13 12 8 7 6 
1 2 3 4 5 9 10 12 13 16 17 15 14 11 8 7 6 
1 2 3 4 5 9 10 12 14 15 17 16 13 11 8 7 6 
1 2 3 4 5 9 10 12 14 17 16 15 13 11 8 7 6 
1 2 3 4 5 9 10 12 15 16 17 14 13 11 8 7 6 
1 2 3 4 5 9 10 12 16 17 15 14 13 11 8 7 6 
1 2 3 4 5 9 10 13 14 16 17 15 12 11 8 7 6 
1 2 3 4 5 9 10 13 17 16 15 14 12 11 8 7 6 
1 2 3 4 5 9 10 14 15 16 17 13 12 11 8 7 6 
1 2 3 4 5 9 10 14 16 17 15 13 12 11 8 7 6 
1 2 3 4 5 9 10 17 16 15 14 13 12 11 8 7 6 
1 2 3 4 5 9 11 12 13 14 15 16 17 10 8 7 6 
1 2 3 4 5 9 11 12 13 14 16 17 15 10 8 7 6 
1 2 3 4 5 9 11 12 13 17 16 15 14 10 8 7 6 
1 2 3 4 5 9 11 12 14 15 16 17 13 10 8 7 6 
1 2 3 4 5 9 11 12 14 16 17 15 13 10 8 7 6 
1 2 3 4 5 9 11 12 15 17 16 14 13 10 8 7 6 
1 2 3 4 5 9 11 12 17 16 15 14 13 10 8 7 6 
1 2 3 4 5 9 11 13 14 17 16 15 12 10 8 7 6 
1 2 3 4 5 9 11 14 15 17 16 13 12 10 8 7 6 
1 2 3 4 5 9 11 14 17 16 15 13 12 10 8 7 6 
1 2 3 4 5 9 11 15 16 17 14 13 12 10 8 7 6 
1 2 3 4 5 9 11 16 17 15 14 13 12 10 8 7 6 
1 2 3 4 5 9 12 13 17 16 15 14 11 10 8 7 6 
1 2 3 4 5 9 12 15 17 16 14 13 11 10 8 7 6 
1 2 3 4 5 9 13 14 15 17 16 12 11 10 8 7 6 
1 2 3 4 5 9 13 14 17 16 15 12 11 10 8 7 6 
1 2 3 4 5 9 13 15 16 17 14 12 11 10 8 7 6 
1 2 3 4 5 9 13 16 17 15 14 12 11 10 8 7 6 
1 2 3 4 5 9 14 17 16 15 13 12 11 10 8 7 6 
1 2 3 4 5 10 11 12 13 15 16 17 14 9 8 7 6 
1 2 3 4 5 10 11 12 13 16 17 15 14 9 8 7 6 
1 2 3 4 5 10 11 12 14 15 17 16 13 9 8 7 6 
1 2 3 4 5 10 11 12 15 16 17 14 13 9 8 7 6 
1 2 3 4 5 10 11 12 16 17 15 14 13 9 8 7 6 
1 2 3 4 5 10 11 13 14 15 16 17 12 9 8 7 6 
1 2 3 4 5 10 11 13 14 16 17 15 12 9 8 7 6 
1 2 3 4 5 10 11 13 15 17 16 14 12 9 8 7 6 
1 2 3 4 5 10 11 14 15 16 17 13 12 9 8 7 6 
1 2 3 4 5 10 11 14 16 17 15 13 12 9 8 7 6 
1 2 3 4 5 10 11 15 17 16 14 13 12 9 8 7 6 
1 2 3 4 5 10 11 17 16 15 14 13 12 9 8 7 6 
1 2 3 4 5 10 12 13 14 15 17 16 11 9 8 7 6 
1 2 3 4 5 10 12 13 14 17 16 15 11 9 8 7 6 
1 2 3 4 5 10 12 13 16 17 15 14 11 9 8 7 6 
1 2 3 4 5 10 12 14 15 17 16 13 11 9 8 7 6 
1 2 3 4 5 10 12 15 16 17 14 13 11 9 8 7 6 
1 2 3 4 5 10 13 14 15 16 17 12 11 9 8 7 6 
1 2 3 4 5 10 13 14 16 17 15 12 11 9 8 7 6 
1 2 3 4 5 10 13 15 17 16 14 12 11 9 8 7 6 
1 2 3 4 5 10 13 17 16 15 14 12 11 9 8 7 6 
1 2 3 4 5 10 14 16 17 15 13 12 11 9 8 7 6 
1 2 3 4 5 10 15 17 16 14 13 12 11 9 8 7 6 
1 2 3 4 5 10 17 16 15 14 13 12 11 9 8 7 6 
1 2 3 4 5 11 12 13 14 15 16 17 10 9 8 7 6 
1 2 3 4 5 11 12 13 14 16 17 15 10 9 8 7 6 
1 2 3 4 5 11 12 14 15 16 17 13 10 9 8 7 6 
1 2 3 4 5 11 12 15 17 16 14 13 10 9 8 7 6 
1 2 3 4 5 11 13 14 15 17 16 12 10 9 8 7 6 
1 2 3 4 5 11 13 14 17 16 15 12 10 9 8 7 6 
1 2 3 4 5 11 13 15 16 17 14 12 10 9 8 7 6 
1 2 3 4 5 11 13 16 17 15 14 12 10 9 8 7 6 
1 2 3 4 5 11 14 15 17 16 13 12 10 9 8 7 6 
1 2 3 4 5 11 14 17 16 15 13 12 10 9 8 7 6 
1 2 3 4 5 11 15 16 17 14 13 12 10 9 8 7 6 
1 2 3 4 5 11 16 17 15 14 13 12 10 9 8 7 6 
1 2 3 4 5 12 13 14 15 16 17 11 10 9 8 7 6 
1 2 3 4 5 12 13 15 17 16 14 11 10 9 8 7 6 
1 2 3 4 5 12 14 15 16 17 13 11 10 9 8 7 6 
1 2 3 4 5 13 14 15 17 16 12 11 10 9 8 7 6 
1 2 3 4 5 13 14 17 16 15 12 11 10 9 8 7 6 
1 2 3 4 5 13 15 16 17 14 12 11 10 9 8 7 6 
1 2 3 4 5 13 16 17 15 14 12 11 10 9 8 7 6 
1 2 3 4 5 14 15 17 16 13 12 11 10 9 8 7 6 
1 2 3 4 5 14 17 16 15 13 12 11 10 9 8 7 6 
1 2 3 4 6 7 8 9 10 11 17 16 15 14 13 12 5 
1 2 3 4 6 7 8 9 10 12 16 17 15 14 13 11 5 
1 2 3 4 6 7 8 9 10 17 16 15 14 13 12 11 5 
1 2 3 4 6 7 8 9 11 12 17 16 15 14 13 10 5 
1 2 3 4 6 7 8 9 11 16 17 15 14 13 12 10 5 
1 2 3 4 6 7 8 9 12 13 15 17 16 14 11 10 5 
1 2 3 4 6 7 8 9 15 16 17 14 13 12 11 10 5 
1 2 3 4 6 7 8 9 16 17 15 14 13 12 11 10 5 
1 2 3 4 6 7 8 10 11 12 16 17 15 14 13 9 5 
1 2 3 4 6 7 8 10 11 17 16 15 14 13 12 9 5 
1 2 3 4 6 7 8 10 12 13 15 16 17 14 11 9 5 
1 2 3 4 6 7 8 10 15 17 16 14 13 12 11 9 5 
1 2 3 4 6 7 8 10 17 16 15 14 13 12 11 9 5 
1 2 3 4 6 7 8 11 12 13 17 16 15 14 10 9 5 
1 2 3 4 6 7 8 11 12 15 17 16 14 13 10 9 5 
1 2 3 4 6 7 8 11 14 15 17 16 13 12 10 9 5 
1 2 3 4 6 7 8 11 15 16 17 14 13 12 10 9 5 
1 2 3 4 6 7 8 11 16 17 15 14 13 12 10 9 5 
1 2 3 4 6 7 8 12 14 15 16 17 13 11 10 9 5 
1 2 3 4 6 7 8 15 16 17 14 13 12 11 10 9 5 
1 2 3 4 6 7 8 16 17 15 14 13 12 11 10 9 5 
1 2 3 4 6 7 9 10 11 12 17 16 15 14 13 8 5 
1 2 3 4 6 7 9 10 11 16 17 15 14 13 12 8 5 
1 2 3 4 6 7 9 10 12 13 15 17 16 14 11 8 5 
1 2 3 4 6 7 9 10 15 16 17 14 13 12 11 8 5 
1 2 3 4 6 7 9 10 16 17 15 14 13 12 11 8 5 
1 2 3 4 6 7 9 11 12 13 16 17 15 14 10 8 5 
1 2 3 4 6 7 9 11 12 15 16 17 14 13 10 8 5 
1 2 3 4 6 7 9 11 14 15 16 17 13 12 10 8 5 
1 2 3 4 6 7 9 11 15 17 16 14 13 12 10 8 5 
1 2 3 4 6 7 9 11 17 16 15 14 13 12 10 8 5 
1 2 3 4 6 7 9 12 14 15 17 16 13 11 10 8 5 
1 2 3 4 6 7 9 15 17 16 14 13 12 11 10 8 5 
1 2 3 4 6 7 9 17 16 15 14 13 12 11 10 8 5 
1 2 3 4 6 7 10 11 12 17 16 15 14 13 9 8 5 
1 2 3 4 6 7 10 11 14 17 16 15 13 12 9 8 5 
1 2 3 4 6 7 10 11 15 16 17 14 13 12 9 8 5 
1 2 3 4 6 7 10 11 16 17 15 14 13 12 9 8 5 
1 2 3 4 6 7 10 12 15 17 16 14 13 11 9 8 5 
1 2 3 4 6 7 10 14 15 17 16 13 12 11 9 8 5 
1 2 3 4 6 7 10 15 16 17 14 13 12 11 9 8 5 
1 2 3 4 6 7 10 16 17 15 14 13 12 11 9 8 5 
1 2 3 4 6 7 11 12 13 14 17 16 15 10 9 8 5 
1 2 3 4 6 7 11 12 14 15 17 16 13 10 9 8 5 
1 2 3 4 6 7 11 12 15 16 17 14 13 10 9 8 5 
1 2 3 4 6 7 11 14 15 16 17 13 12 10 9 8 5 
1 2 3 4 6 7 13 14 15 16 17 12 11 10 9 8 5 
1 2 3 4 6 7 14 15 16 17 13 12 11 10 9 8 5 
1 2 3 4 6 7 14 16 17 15 13 12 11 10 9 8 5 
1 2 3 4 6 7 15 17 16 14 13 12 11 10 9 8 5 
1 2 3 4 6 8 9 10 11 12 16 17 15 14 13 7 5 
1 2 3 4 6 8 9 10 11 17 16 15 14 13 12 7 5 
1 2 3 4 6 8 9 10 12 13 15 16 17 14 11 7 5 
1 2 3 4 6 8 9 10 15 17 16 14 13 12 11 7 5 
1 2 3 4 6 8 9 10 17 16 15 14 13 12 11 7 5 
1 2 3 4 6 8 9 11 12 13 17 16 15 14 10 7 5 
1 2 3 4 6 8 9 11 12 15 17 16 14 13 10 7 5 
1 2 3 4 6 8 9 11 14 15 17 16 13 12 10 7 5 
1 2 3 4 6 8 9 11 15 16 17 14 13 12 10 7 5 
1 2 3 4 6 8 9 11 16 17 15 14 13 12 10 7 5 
1 2 3 4 6 8 9 12 14 15 16 17 13 11 10 7 5 
1 2 3 4 6 8 9 15 16 17 14 13 12 11 10 7 5 
1 2 3 4 6 8 9 16 17 15 14 13 12 11 10 7 5 
1 2 3 4 6 8 10 11 12 16 17 15 14 13 9 7 5 
1 2 3 4 6 8 10 11 14 16 17 15 13 12 9 7 5 
1 2 3 4 6 8 10 11 15 17 16 14 13 12 9 7 5 
1 2 3 4 6 8 10 11 17 16 15 14 13 12 9 7 5 
1 2 3 4 6 8 10 12 15 16 17 14 13 11 9 7 5 
1 2 3 4 6 8 10 14 15 16 17 13 12 11 9 7 5 
1 2 3 4 6 8 10 15 17 16 14 13 12 11 9 7 5 
1 2 3 4 6 8 10 17 16 15 14 13 12 11 9 7 5 
1 2 3 4 6 8 11 12 13 14 16 17 15 10 9 7 5 
1 2 3 4 6 8 11 12 14 15 16 17 13 10 9 7 5 
1 2 3 4 6 8 11 12 15 17 16 14 13 10 9 7 5 
1 2 3 4 6 8 11 14 15 17 16 13 12 10 9 7 5 
1 2 3 4 6 8 13 14 15 17 16 12 11 10 9 7 5 
1 2 3 4 6 8 14 15 17 16 13 12 11 10 9 7 5 
1 2 3 4 6 8 14 17 16 15 13 12 11 10 9 7 5 
1 2 3 4 6 8 15 16 17 14 13 12 11 10 9 7 5 
1 2 3 4 6 9 10 11 12 13 15 17 16 14 8 7 5 
1 2 3 4 6 9 10 11 15 16 17 14 13 12 8 7 5 
1 2 3 4 6 9 10 11 16 17 15 14 13 12 8 7 5 
1 2 3 4 6 9 10 12 14 16 17 15 13 11 8 7 5 
1 2 3 4 6 9 10 12 17 16 15 14 13 11 8 7 5 
1 2 3 4 6 9 10 14 17 16 15 13 12 11 8 7 5 
1 2 3 4 6 9 10 15 16 17 14 13 12 11 8 7 5 
1 2 3 4 6 9 10 16 17 15 14 13 12 11 8 7 5 
1 2 3 4 6 9 11 12 14 17 16 15 13 10 8 7 5 
1 2 3 4 6 9 11 15 17 16 14 13 12 10 8 7 5 
1 2 3 4 6 9 13 15 17 16 14 12 11 10 8 7 5 
1 2 3 4 6 9 14 15 16 17 13 12 11 10 8 7 5 
1 2 3 4 6 9 14 16 17 15 13 12 11 10 8 7 5 
1 2 3 4 6 9 15 17 16 14 13 12 11 10 8 7 5 
1 2 3 4 6 9 17 16 15 14 13 12 11 10 8 7 5 
1 2 3 4 6 10 11 12 13 17 16 15 14 9 8 7 5 
1 2 3 4 6 10 11 12 14 15 16 17 13 9 8 7 5 
1 2 3 4 6 10 11 12 14 16 17 15 13 9 8 7 5 
1 2 3 4 6 10 11 12 15 17 16 14 13 9 8 7 5 
1 2 3 4 6 10 11 13 14 17 16 15 12 9 8 7 5 
1 2 3 4 6 10 11 14 15 17 16 13 12 9 8 7 5 
1 2 3 4 6 10 11 15 16 17 14 13 12 9 8 7 5 
1 2 3 4 6 10 13 14 15 17 16 12 11 9 8 7 5 
1 2 3 4 6 10 13 15 16 17 14 12 11 9 8 7 5 
1 2 3 4 6 10 14 15 17 16 13 12 11 9 8 7 5 
1 2 3 4 6 10 14 17 16 15 13 12 11 9 8 7 5 
1 2 3 4 6 10 15 16 17 14 13 12 11 9 8 7 5 
1 2 3 4 6 10 16 17 15 14 13 12 11 9 8 7 5 
1 2 3 4 6 11 12 13 14 15 17 16 10 9 8 7 5 
1 2 3 4 6 11 13 14 15 16 17 12 10 9 8 7 5 
1 2 3 4 6 11 13 15 17 16 14 12 10 9 8 7 5 
1 2 3 4 6 11 14 15 16 17 13 12 10 9 8 7 5 
1 2 3 4 6 13 14 15 16 17 12 11 10 9 8 7 5 
1 2 3 4 6 14 15 16 17 13 12 11 10 9 8 7 5 
1 2 3 4 6 14 16 17 15 13 12 11 10 9 8 7 5 
1 2 3 4 6 15 17 16 14 13 12 11 10 9 8 7 5 
1 2 3 4 7 8 9 10 11 12 17 16 15 14 13 6 5 
1 2 3 4 7 8 9 10 11 16 17 15 14 13 12 6 5 
1 2 3 4 7 8 9 10 12 13 15 17 16 14 11 6 5 
1 2 3 4 7 8 9 10 15 16 17 14 13 12 11 6 5 
1 2 3 4 7 8 9 10 16 17 15 14 13 12 11 6 5 
1 2 3 4 7 8 9 11 12 13 16 17 15 14 10 6 5 
1 2 3 4 7 8 9 11 12 15 16 17 14 13 10 6 5 
1 2 3 4 7 8 9 11 14 15 16 17 13 12 10 6 5 
1 2 3 4 7 8 9 11 15 17 16 14 13 12 10 6 5 
1 2 3 4 7 8 9 11 17 16 15 14 13 12 10 6 5 
1 2 3 4 7 8 9 12 14 15 17 16 13 11 10 6 5 
1 2 3 4 7 8 9 15 17 16 14 13 12 11 10 6 5 
1 2 3 4 7 8 9 17 16 15 14 13 12 11 10 6 5 
1 2 3 4 7 8 10 11 12 17 16 15 14 13 9 6 5 
1 2 3 4 7 8 10 11 14 17 16 15 13 12 9 6 5 
1 2 3 4 7 8 10 11 15 16 17 14 13 12 9 6 5 
1 2 3 4 7 8 10 11 16 17 15 14 13 12 9 6 5 
1 2 3 4 7 8 10 12 15 17 16 14 13 11 9 6 5 
1 2 3 4 7 8 10 14 15 17 16 13 12 11 9 6 5 
1 2 3 4 7 8 10 15 16 17 14 13 12 11 9 6 5 
1 2 3 4 7 8 10 16 17 15 14 13 12 11 9 6 5 
1 2 3 4 7 8 11 12 13 14 17 16 15 10 9 6 5 
1 2 3 4 7 8 11 12 14 15 17 16 13 10 9 6 5 
1 2 3 4 7 8 11 12 15 16 17 14 13 10 9 6 5 
1 2 3 4 7 8 11 14 15 16 17 13 12 10 9 6 5 
1 2 3 4 7 8 13 14 15 16 17 12 11 10 9 6 5 
1 2 3 4 7 8 14 15 16 17 13 12 11 10 9 6 5 
1 2 3 4 7 8 14 16 17 15 13 12 11 10 9 6 5 
1 2 3 4 7 8 15 17 16 14 13 12 11 10 9 6 5 
1 2 3 4 7 9 10 11 12 13 15 16 17 14 8 6 5 
1 2 3 4 7 9 10 11 15 17 16 14 13 12 8 6 5 
1 2 3 4 7 9 10 11 17 16 15 14 13 12 8 6 5 
1 2 3 4 7 9 10 12 14 17 16 15 13 11 8 6 5 
1 2 3 4 7 9 10 12 16 17 15 14 13 11 8 6 5 
1 2 3 4 7 9 10 14 16 17 15 13 12 11 8 6 5 
1 2 3 4 7 9 10 15 17 16 14 13 12 11 8 6 5 
1 2 3 4 7 9 10 17 16 15 14 13 12 11 8 6 5 
1 2 3 4 7 9 11 12 14 16 17 15 13 10 8 6 5 
1 2 3 4 7 9 11 15 16 17 14 13 12 10 8 6 5 
1 2 3 4 7 9 13 15 16 17 14 12 11 10 8 6 5 
1 2 3 4 7 9 14 15 17 16 13 12 11 10 8 6 5 
1 2 3 4 7 9 14 17 16 15 13 12 11 10 8 6 5 
1 2 3 4 7 9 15 16 17 14 13 12 11 10 8 6 5 
1 2 3 4 7 9 16 17 15 14 13 12 11 10 8 6 5 
1 2 3 4 7 10 11 12 13 16 17 15 14 9 8 6 5 
1 2 3 4 7 10 11 12 14 15 17 16 13 9 8 6 5 
1 2 3 4 7 10 11 12 14 17 16 15 13 9 8 6 5 
1 2 3 4 7 10 11 12 15 16 17 14 13 9 8 6 5 
1 2 3 4 7 10 11 13 14 16 17 15 12 9 8 6 5 
1 2 3 4 7 10 11 14 15 16 17 13 12 9 8 6 5 
1 2 3 4 7 10 11 15 17 16 14 13 12 9 8 6 5 
1 2 3 4 7 10 13 14 15 16 17 12 11 9 8 6 5 
1 2 3 4 7 10 13 15 17 16 14 12 11 9 8 6 5 
1 2 3 4 7 10 14 15 16 17 13 12 11 9 8 6 5 
1 2 3 4 7 10 14 16 17 15 13 12 11 9 8 6 5 
1 2 3 4 7 10 15 17 16 14 13 12 11 9 8 6 5 
1 2 3 4 7 10 17 16 15 14 13 12 11 9 8 6 5 
1 2 3 4 7 11 12 13 14 15 16 17 10 9 8 6 5 
1 2 3 4 7 11 13 14 15 17 16 12 10 9 8 6 5 
1 2 3 4 7 11 13 15 16 17 14 12 10 9 8 6 5 
1 2 3 4 7 11 14 15 17 16 13 12 10 9 8 6 5 
1 2 3 4 7 13 14 15 17 16 12 11 10 9 8 6 5 
1 2 3 4 7 14 15 17 16 13 12 11 10 9 8 6 5 
1 2 3 4 7 14 17 16 15 13 12 11 10 9 8 6 5 
1 2 3 4 7 15 16 17 14 13 12 11 10 9 8 6 5 
1 2 3 4 8 9 10 11 12 13 17 16 15 14 7 6 5 
1 2 3 4 8 9 10 11 12 15 17 16 14 13 7 6 5 
1 2 3 4 8 9 10 11 14 15 17 16 13 12 7 6 5 
1 2 3 4 8 9 10 11 15 16 17 14 13 12 7 6 5 
1 2 3 4 8 9 10 11 16 17 15 14 13 12 7 6 5 
1 2 3 4 8 9 10 12 14 15 16 17 13 11 7 6 5 
1 2 3 4 8 9 10 15 16 17 14 13 12 11 7 6 5 
1 2 3 4 8 9 10 16 17 15 14 13 12 11 7 6 5 
1 2 3 4 8 9 11 12 13 14 15 17 16 10 7 6 5 
1 2 3 4 8 9 11 12 16 17 15 14 13 10 7 6 5 
1 2 3 4 8 9 11 14 16 17 15 13 12 10 7 6 5 
1 2 3 4 8 9 11 17 16 15 14 13 12 10 7 6 5 
1 2 3 4 8 9 13 14 16 17 15 12 11 10 7 6 5 
1 2 3 4 8 9 13 17 16 15 14 12 11 10 7 6 5 
1 2 3 4 8 9 14 15 16 17 13 12 11 10 7 6 5 
1 2 3 4 8 9 14 16 17 15 13 12 11 10 7 6 5 
1 2 3 4 8 9 17 16 15 14 13 12 11 10 7 6 5 
1 2 3 4 8 10 11 12 14 15 16 17 13 9 7 6 5 
1 2 3 4 8 10 11 12 14 16 17 15 13 9 7 6 5 
1 2 3 4 8 10 11 12 17 16 15 14 13 9 7 6 5 
1 2 3 4 8 10 11 14 17 16 15 13 12 9 7 6 5 
1 2 3 4 8 10 12 13 14 16 17 15 11 9 7 6 5 
1 2 3 4 8 10 13 14 17 16 15 12 11 9 7 6 5 
1 2 3 4 8 10 14 15 17 16 13 12 11 9 7 6 5 
1 2 3 4 8 10 14 17 16 15 13 12 11 9 7 6 5 
1 2 3 4 8 10 15 16 17 14 13 12 11 9 7 6 5 
1 2 3 4 8 10 16 17 15 14 13 12 11 9 7 6 5 
1 2 3 4 8 11 12 13 14 17 16 15 10 9 7 6 5 
1 2 3 4 8 11 13 17 16 15 14 12 10 9 7 6 5 
1 2 3 4 8 11 15 17 16 14 13 12 10 9 7 6 5 
1 2 3 4 8 13 15 17 16 14 12 11 10 9 7 6 5 
1 2 3 4 8 14 15 16 17 13 12 11 10 9 7 6 5 
1 2 3 4 8 14 16 17 15 13 12 11 10 9 7 6 5 
1 2 3 4 8 15 17 16 14 13 12 11 10 9 7 6 5 
1 2 3 4 8 17 16 15 14 13 12 11 10 9 7 6 5 
1 2 3 4 9 10 11 12 15 16 17 14 13 8 7 6 5 
1 2 3 4 9 10 11 12 16 17 15 14 13 8 7 6 5 
1 2 3 4 9 10 11 13 17 16 15 14 12 8 7 6 5 
1 2 3 4 9 10 11 14 15 16 17 13 12 8 7 6 5 
1 2 3 4 9 10 11 14 16 17 15 13 12 8 7 6 5 
1 2 3 4 9 10 11 15 17 16 14 13 12 8 7 6 5 
1 2 3 4 9 10 12 14 17 16 15 13 11 8 7 6 5 
1 2 3 4 9 10 13 14 15 16 17 12 11 8 7 6 5 
1 2 3 4 9 10 13 14 16 17 15 12 11 8 7 6 5 
1 2 3 4 9 10 13 15 17 16 14 12 11 8 7 6 5 
1 2 3 4 9 10 14 15 16 17 13 12 11 8 7 6 5 
1 2 3 4 9 10 14 16 17 15 13 12 11 8 7 6 5 
1 2 3 4 9 10 15 17 16 14 13 12 11 8 7 6 5 
1 2 3 4 9 10 17 16 15 14 13 12 11 8 7 6 5 
1 2 3 4 9 11 13 14 15 17 16 12 10 8 7 6 5 
1 2 3 4 9 11 13 14 17 16 15 12 10 8 7 6 5 
1 2 3 4 9 11 13 16 17 15 14 12 10 8 7 6 5 
1 2 3 4 9 11 14 15 17 16 13 12 10 8 7 6 5 
1 2 3 4 9 11 15 16 17 14 13 12 10 8 7 6 5 
1 2 3 4 9 13 14 15 17 16 12 11 10 8 7 6 5 
1 2 3 4 9 13 15 16 17 14 12 11 10 8 7 6 5 
1 2 3 4 9 14 15 17 16 13 12 11 10 8 7 6 5 
1 2 3 4 9 14 17 16 15 13 12 11 10 8 7 6 5 
1 2 3 4 9 15 16 17 14 13 12 11 10 8 7 6 5 
1 2 3 4 9 16 17 15 14 13 12 11 10 8 7 6 5 
1 2 3 4 10 11 12 13 14 17 16 15 9 8 7 6 5 
1 2 3 4 10 11 12 14 15 17 16 13 9 8 7 6 5 
1 2 3 4 10 11 13 14 15 16 17 12 9 8 7 6 5 
1 2 3 4 10 11 13 14 16 17 15 12 9 8 7 6 5 
1 2 3 4 10 11 14 15 16 17 13 12 9 8 7 6 5 
1 2 3 4 10 11 15 17 16 14 13 12 9 8 7 6 5 
1 2 3 4 10 12 13 14 15 17 16 11 9 8 7 6 5 
1 2 3 4 10 13 14 15 16 17 12 11 9 8 7 6 5 
1 2 3 4 10 13 15 17 16 14 12 11 9 8 7 6 5 
1 2 3 4 10 14 15 16 17 13 12 11 9 8 7 6 5 
1 2 3 4 11 12 13 14 15 16 17 10 9 8 7 6 5 
1 2 3 4 12 13 14 15 16 17 11 10 9 8 7 6 5 
1 2 3 4 12 13 15 17 16 14 11 10 9 8 7 6 5 
1 2 3 4 12 14 15 16 17 13 11 10 9 8 7 6 5 
1 2 3 4 13 14 15 17 16 12 11 10 9 8 7 6 5 
1 2 3 4 13 14 17 16 15 12 11 10 9 8 7 6 5 
1 2 3 4 13 15 16 17 14 12 11 10 9 8 7 6 5 
1 2 3 4 13 16 17 15 14 12 11 10 9 8 7 6 5 
1 2 3 4 14 15 17 16 13 12 11 10 9 8 7 6 5 
1 2 3 4 14 17 16 15 13 12 11 10 9 8 7 6 5 
1 2 3 5 6 7 8 9 17 16 15 14 13 12 11 10 4 
1 2 3 5 6 7 8 10 16 17 15 14 13 12 11 9 4 
1 2 3 5 6 7 8 17 16 15 14 13 12 11 10 9 4 
1 2 3 5 6 7 9 10 17 16 15 14 13 12 11 8 4 
1 2 3 5 6 7 9 16 17 15 14 13 12 11 10 8 4 
1 2 3 5 6 7 10 11 15 17 16 14 13 12 9 8 4 
1 2 3 5 6 7 15 16 17 14 13 12 11 10 9 8 4 
1 2 3 5 6 7 16 17 15 14 13 12 11 10 9 8 4 
1 2 3 5 6 8 9 10 16 17 15 14 13 12 11 7 4 
1 2 3 5 6 8 9 17 16 15 14 13 12 11 10 7 4 
1 2 3 5 6 8 10 11 15 16 17 14 13 12 9 7 4 
1 2 3 5 6 8 15 17 16 14 13 12 11 10 9 7 4 
1 2 3 5 6 8 17 16 15 14 13 12 11 10 9 7 4 
1 2 3 5 6 9 10 11 17 16 15 14 13 12 8 7 4 
1 2 3 5 6 9 10 15 17 16 14 13 12 11 8 7 4 
1 2 3 5 6 9 14 15 17 16 13 12 11 10 8 7 4 
1 2 3 5 6 9 15 16 17 14 13 12 11 10 8 7 4 
1 2 3 5 6 9 16 17 15 14 13 12 11 10 8 7 4 
1 2 3 5 6 10 11 12 14 17 16 15 13 9 8 7 4 
1 2 3 5 6 10 14 15 16 17 13 12 11 9 8 7 4 
1 2 3 5 6 15 16 17 14 13 12 11 10 9 8 7 4 
1 2 3 5 6 16 17 15 14 13 12 11 10 9 8 7 4 
1 2 3 5 7 8 9 10 17 16 15 14 13 12 11 6 4 
1 2 3 5 7 8 9 16 17 15 14 13 12 11 10 6 4 
1 2 3 5 7 8 10 11 15 17 16 14 13 12 9 6 4 
1 2 3 5 7 8 15 16 17 14 13 12 11 10 9 6 4 
1 2 3 5 7 8 16 17 15 14 13 12 11 10 9 6 4 
1 2 3 5 7 9 10 11 16 17 15 14 13 12 8 6 4 
1 2 3 5 7 9 10 15 16 17 14 13 12 11 8 6 4 
1 2 3 5 7 9 14 15 16 17 13 12 11 10 8 6 4 
1 2 3 5 7 9 15 17 16 14 13 12 11 10 8 6 4 
1 2 3 5 7 9 17 16 15 14 13 12 11 10 8 6 4 
1 2 3 5 7 10 11 12 14 16 17 15 13 9 8 6 4 
1 2 3 5 7 10 14 15 17 16 13 12 11 9 8 6 4 
1 2 3 5 7 15 17 16 14 13 12 11 10 9 8 6 4 
1 2 3 5 7 17 16 15 14 13 12 11 10 9 8 6 4 
1 2 3 5 8 9 10 17 16 15 14 13 12 11 7 6 4 
1 2 3 5 8 9 14 17 16 15 13 12 11 10 7 6 4 
1 2 3 5 8 9 15 16 17 14 13 12 11 10 7 6 4 
1 2 3 5 8 9 16 17 15 14 13 12 11 10 7 6 4 
1 2 3 5 8 10 15 17 16 14 13 12 11 9 7 6 4 
1 2 3 5 8 14 15 17 16 13 12 11 10 9 7 6 4 
1 2 3 5 8 15 16 17 14 13 12 11 10 9 7 6 4 
1 2 3 5 8 16 17 15 14 13 12 11 10 9 7 6 4 
1 2 3 5 9 10 11 12 17 16 15 14 13 8 7 6 4 
1 2 3 5 9 10 11 14 17 16 15 13 12 8 7 6 4 
1 2 3 5 9 10 13 14 17 16 15 12 11 8 7 6 4 
1 2 3 5 9 10 14 15 17 16 13 12 11 8 7 6 4 
1 2 3 5 9 10 15 16 17 14 13 12 11 8 7 6 4 
1 2 3 5 9 14 15 16 17 13 12 11 10 8 7 6 4 
1 2 3 5 10 11 13 14 15 17 16 12 9 8 7 6 4 
1 2 3 5 13 14 15 16 17 12 11 10 9 8 7 6 4 
1 2 3 5 14 15 16 17 13 12 11 10 9 8 7 6 4 
1 2 3 5 14 16 17 15 13 12 11 10 9 8 7 6 4 
1 2 3 5 15 17 16 14 13 12 11 10 9 8 7 6 4 
1 2 3 6 7 8 9 10 16 17 15 14 13 12 11 5 4 
1 2 3 6 7 8 9 17 16 15 14 13 12 11 10 5 4 
1 2 3 6 7 8 10 11 15 16 17 14 13 12 9 5 4 
1 2 3 6 7 8 15 17 16 14 13 12 11 10 9 5 4 
1 2 3 6 7 8 17 16 15 14 13 12 11 10 9 5 4 
1 2 3 6 7 9 10 11 17 16 15 14 13 12 8 5 4 
1 2 3 6 7 9 10 15 17 16 14 13 12 11 8 5 4 
1 2 3 6 7 9 14 15 17 16 13 12 11 10 8 5 4 
1 2 3 6 7 9 15 16 17 14 13 12 11 10 8 5 4 
1 2 3 6 7 9 16 17 15 14 13 12 11 10 8 5 4 
1 2 3 6 7 10 11 12 14 17 16 15 13 9 8 5 4 
1 2 3 6 7 10 14 15 16 17 13 12 11 9 8 5 4 
1 2 3 6 7 15 16 17 14 13 12 11 10 9 8 5 4 
1 2 3 6 7 16 17 15 14 13 12 11 10 9 8 5 4 
1 2 3 6 8 9 10 16 17 15 14 13 12 11 7 5 4 
1 2 3 6 8 9 14 16 17 15 13 12 11 10 7 5 4 
1 2 3 6 8 9 15 17 16 14 13 12 11 10 7 5 4 
1 2 3 6 8 9 17 16 15 14 13 12 11 10 7 5 4 
1 2 3 6 8 10 15 16 17 14 13 12 11 9 7 5 4 
1 2 3 6 8 14 15 16 17 13 12 11 10 9 7 5 4 
1 2 3 6 8 15 17 16 14 13 12 11 10 9 7 5 4 
1 2 3 6 8 17 16 15 14 13 12 11 10 9 7 5 4 
1 2 3 6 9 10 11 12 16 17 15 14 13 8 7 5 4 
1 2 3 6 9 10 11 14 16 17 15 13 12 8 7 5 4 
1 2 3 6 9 10 13 14 16 17 15 12 11 8 7 5 4 
1 2 3 6 9 10 14 15 16 17 13 12 11 8 7 5 4 
1 2 3 6 9 10 15 17 16 14 13 12 11 8 7 5 4 
1 2 3 6 9 14 15 17 16 13 12 11 10 8 7 5 4 
1 2 3 6 10 11 13 14 15 16 17 12 9 8 7 5 4 
1 2 3 6 13 14 15 17 16 12 11 10 9 8 7 5 4 
1 2 3 6 14 15 17 16 13 12 11 10 9 8 7 5 4 
1 2 3 6 14 17 16 15 13 12 11 10 9 8 7 5 4 
1 2 3 6 15 16 17 14 13 12 11 10 9 8 7 5 4 
1 2 3 7 8 9 10 11 15 17 16 14 13 12 6 5 4 
1 2 3 7 8 9 15 16 17 14 13 12 11 10 6 5 4 
1 2 3 7 8 9 16 17 15 14 13 12 11 10 6 5 4 
1 2 3 7 8 10 11 12 14 15 17 16 13 9 6 5 4 
1 2 3 7 8 10 14 16 17 15 13 12 11 9 6 5 4 
1 2 3 7 8 10 17 16 15 14 13 12 11 9 6 5 4 
1 2 3 7 8 14 17 16 15 13 12 11 10 9 6 5 4 
1 2 3 7 8 15 16 17 14 13 12 11 10 9 6 5 4 
1 2 3 7 8 16 17 15 14 13 12 11 10 9 6 5 4 
1 2 3 7 9 10 14 17 16 15 13 12 11 8 6 5 4 
1 2 3 7 9 11 13 14 16 17 15 12 10 8 6 5 4 
1 2 3 7 9 15 17 16 14 13 12 11 10 8 6 5 4 
1 2 3 7 10 11 13 14 17 16 15 12 9 8 6 5 4 
1 2 3 7 13 15 17 16 14 12 11 10 9 8 6 5 4 
1 2 3 7 14 15 16 17 13 12 11 10 9 8 6 5 4 
1 2 3 7 14 16 17 15 13 12 11 10 9 8 6 5 4 
1 2 3 7 15 17 16 14 13 12 11 10 9 8 6 5 4 
1 2 3 7 17 16 15 14 13 12 11 10 9 8 6 5 4 
1 2 3 8 9 10 11 17 16 15 14 13 12 7 6 5 4 
1 2 3 8 9 10 13 17 16 15 14 12 11 7 6 5 4 
1 2 3 8 9 10 14 15 16 17 13 12 11 7 6 5 4 
1 2 3 8 9 10 14 16 17 15 13 12 11 7 6 5 4 
1 2 3 8 9 10 15 17 16 14 13 12 11 7 6 5 4 
1 2 3 8 9 11 14 17 16 15 13 12 10 7 6 5 4 
1 2 3 8 9 13 14 17 16 15 12 11 10 7 6 5 4 
1 2 3 8 9 14 15 17 16 13 12 11 10 7 6 5 4 
1 2 3 8 9 15 16 17 14 13 12 11 10 7 6 5 4 
1 2 3 8 13 14 15 17 16 12 11 10 9 7 6 5 4 
1 2 3 8 13 15 16 17 14 12 11 10 9 7 6 5 4 
1 2 3 8 14 15 17 16 13 12 11 10 9 7 6 5 4 
1 2 3 8 14 17 16 15 13 12 11 10 9 7 6 5 4 
1 2 3 8 15 16 17 14 13 12 11 10 9 7 6 5 4 
1 2 3 8 16 17 15 14 13 12 11 10 9 7 6 5 4 
1 2 3 9 10 11 12 13 17 16 15 14 8 7 6 5 4 
1 2 3 9 10 11 13 14 17 16 15 12 8 7 6 5 4 
1 2 3 9 10 11 14 15 17 16 13 12 8 7 6 5 4 
1 2 3 9 10 13 14 15 17 16 12 11 8 7 6 5 4 
1 2 3 9 12 13 14 15 17 16 11 10 8 7 6 5 4 
1 2 3 9 13 14 15 16 17 12 11 10 8 7 6 5 4 
1 2 3 9 13 15 17 16 14 12 11 10 8 7 6 5 4 
1 2 3 9 14 15 16 17 13 12 11 10 8 7 6 5 4 
1 2 3 10 12 13 14 15 16 17 11 9 8 7 6 5 4 
1 2 3 13 14 15 16 17 12 11 10 9 8 7 6 5 4 
1 2 3 14 15 16 17 13 12 11 10 9 8 7 6 5 4 
1 2 3 14 16 17 15 13 12 11 10 9 8 7 6 5 4 
1 2 3 15 17 16 14 13 12 11 10 9 8 7 6 5 4 
1 2 4 5 6 7 17 16 15 14 13 12 11 10 9 8 3 
1 2 4 5 6 8 16 17 15 14 13 12 11 10 9 7 3 
1 2 4 5 6 17 16 15 14 13 12 11 10 9 8 7 3 
1 2 4 5 7 8 17 16 15 14 13 12 11 10 9 6 3 
1 2 4 5 7 16 17 15 14 13 12 11 10 9 8 6 3 
1 2 4 5 8 9 15 17 16 14 13 12 11 10 7 6 3 
1 2 4 5 15 16 17 14 13 12 11 10 9 8 7 6 3 
1 2 4 5 16 17 15 14 13 12 11 10 9 8 7 6 3 
1 2 4 6 7 8 16 17 15 14 13 12 11 10 9 5 3 
1 2 4 6 7 17 16 15 14 13 12 11 10 9 8 5 3 
1 2 4 6 8 9 15 16 17 14 13 12 11 10 7 5 3 
1 2 4 6 15 17 16 14 13 12 11 10 9 8 7 5 3 
1 2 4 6 17 16 15 14 13 12 11 10 9 8 7 5 3 
1 2 4 7 8 9 17 16 15 14 13 12 11 10 6 5 3 
1 2 4 7 8 15 17 16 14 13 12 11 10 9 6 5 3 
1 2 4 7 14 15 17 16 13 12 11 10 9 8 6 5 3 
1 2 4 7 15 16 17 14 13 12 11 10 9 8 6 5 3 
1 2 4 7 16 17 15 14 13 12 11 10 9 8 6 5 3 
1 2 4 8 9 10 14 17 16 15 13 12 11 7 6 5 3 
1 2 4 8 14 15 16 17 13 12 11 10 9 7 6 5 3 
1 2 4 15 16 17 14 13 12 11 10 9 8 7 6 5 3 
1 2 4 16 17 15 14 13 12 11 10 9 8 7 6 5 3 
1 2 5 6 7 8 17 16 15 14 13 12 11 10 9 4 3 
1 2 5 6 7 16 17 15 14 13 12 11 10 9 8 4 3 
1 2 5 6 8 9 15 17 16 14 13 12 11 10 7 4 3 
1 2 5 6 15 16 17 14 13 12 11 10 9 8 7 4 3 
1 2 5 6 16 17 15 14 13 12 11 10 9 8 7 4 3 
1 2 5 7 8 9 16 17 15 14 13 12 11 10 6 4 3 
1 2 5 7 8 15 16 17 14 13 12 11 10 9 6 4 3 
1 2 5 7 14 15 16 17 13 12 11 10 9 8 6 4 3 
1 2 5 7 15 17 16 14 13 12 11 10 9 8 6 4 3 
1 2 5 7 17 16 15 14 13 12 11 10 9 8 6 4 3 
1 2 5 8 9 10 14 16 17 15 13 12 11 7 6 4 3 
1 2 5 8 14 15 17 16 13 12 11 10 9 7 6 4 3 
1 2 5 15 17 16 14 13 12 11 10 9 8 7 6 4 3 
1 2 5 17 16 15 14 13 12 11 10 9 8 7 6 4 3 
1 2 6 7 8 17 16 15 14 13 12 11 10 9 5 4 3 
1 2 6 7 14 17 16 15 13 12 11 10 9 8 5 4 3 
1 2 6 7 15 16 17 14 13 12 11 10 9 8 5 4 3 
1 2 6 7 16 17 15 14 13 12 11 10 9 8 5 4 3 
1 2 6 8 15 17 16 14 13 12 11 10 9 7 5 4 3 
1 2 6 14 15 17 16 13 12 11 10 9 8 7 5 4 3 
1 2 6 15 16 17 14 13 12 11 10 9 8 7 5 4 3 
1 2 6 16 17 15 14 13 12 11 10 9 8 7 5 4 3 
1 2 7 8 9 10 17 16 15 14 13 12 11 6 5 4 3 
1 2 7 8 9 14 17 16 15 13 12 11 10 6 5 4 3 
1 2 7 8 13 14 17 16 15 12 11 10 9 6 5 4 3 
1 2 7 8 14 15 17 16 13 12 11 10 9 6 5 4 3 
1 2 7 8 15 16 17 14 13 12 11 10 9 6 5 4 3 
1 2 7 14 15 16 17 13 12 11 10 9 8 6 5 4 3 
1 2 8 9 10 11 13 17 16 15 14 12 7 6 5 4 3 
1 2 8 9 13 14 15 17 16 12 11 10 7 6 5 4 3 
1 2 13 14 15 16 17 12 11 10 9 8 7 6 5 4 3 
1 2 14 15 16 17 13 12 11 10 9 8 7 6 5 4 3 
1 2 14 16 17 15 13 12 11 10 9 8 7 6 5 4 3 
1 2 15 17 16 14 13 12 11 10 9 8 7 6 5 4 3 
1 3 4 5 17 16 15 14 13 12 11 10 9 8 7 6 2 
1 3 4 6 16 17 15 14 13 12 11 10 9 8 7 5 2 
1 3 4 17 16 15 14 13 12 11 10 9 8 7 6 5 2 
1 3 5 6 17 16 15 14 13 12 11 10 9 8 7 4 2 
1 3 5 16 17 15 14 13 12 11 10 9 8 7 6 4 2 
1 3 6 7 15 17 16 14 13 12 11 10 9 8 5 4 2 
1 3 15 16 17 14 13 12 11 10 9 8 7 6 5 4 2 
1 3 16 17 15 14 13 12 11 10 9 8 7 6 5 4 2 
1 4 5 6 16 17 15 14 13 12 11 10 9 8 7 3 2 
1 4 5 17 16 15 14 13 12 11 10 9 8 7 6 3 2 
1 4 6 7 15 16 17 14 13 12 11 10 9 8 5 3 2 
1 4 15 17 16 14 13 12 11 10 9 8 7 6 5 3 2 
1 4 17 16 15 14 13 12 11 10 9 8 7 6 5 3 2 
1 5 6 7 17 16 15 14 13 12 11 10 9 8 4 3 2 
1 5 6 15 17 16 14 13 12 11 10 9 8 7 4 3 2 
1 5 14 15 17 16 13 12 11 10 9 8 7 6 4 3 2 
1 5 15 16 17 14 13 12 11 10 9 8 7 6 4 3 2 
1 5 16 17 15 14 13 12 11 10 9 8 7 6 4 3 2 
1 6 7 8 14 17 16 15 13 12 11 10 9 5 4 3 2 
1 6 14 15 16 17 13 12 11 10 9 8 7 5 4 3 2 
1 15 16 17 14 13 12 11 10 9 8 7 6 5 4 3 2 
1 16 17 15 14 13 12 11 10 9 8 7 6 5 4 3 2 
2 3 17 16 15 14 13 12 11 10 9 8 7 6 5 4 1 
2 4 16 17 15 14 13 12 11 10 9 8 7 6 5 3 1 
2 17 16 15 14 13 12 11 10 9 8 7 6 5 4 3 1 
3 4 17 16 15 14 13 12 11 10 9 8 7 6 5 2 1 
3 16 17 15 14 13 12 11 10 9 8 7 6 5 4 2 1 
4 5 15 17 16 14 13 12 11 10 9 8 7 6 3 2 1 
15 16 17 14 13 12 11 10 9 8 7 6 5 4 3 2 1 
16 17 15 14 13 12 11 10 9 8 7 6 5 4 3 2 1 
