1060
1 2 3 4 5 6 7 8 9 10 11 12 14 15 16 17 18 19 20 21 22 13 
1 2 3 4 5 6 7 8 9 10 11 12 14 15 16 17 18 19 21 22 20 13 
1 2 3 4 5 6 7 8 9 10 11 12 14 15 16 17 18 20 22 21 19 13 
1 2 3 4 5 6 7 8 9 10 11 12 14 15 16 17 19 20 21 22 18 13 
1 2 3 4 5 6 7 8 9 10 11 12 14 15 16 17 20 22 21 19 18 13 
1 2 3 4 5 6 7 8 9 10 11 12 14 15 16 18 19 20 22 21 17 13 
1 2 3 4 5 6 7 8 9 10 11 12 14 15 16 18 20 21 22 19 17 13 
1 2 3 4 5 6 7 8 9 10 11 12 14 15 16 19 20 22 21 18 17 13 
1 2 3 4 5 6 7 8 9 10 11 12 14 15 16 19 22 21 20 18 17 13 
1 2 3 4 5 6 7 8 9 10 11 12 14 15 17 18 19 20 21 22 16 13 
1 2 3 4 5 6 7 8 9 10 11 12 14 15 17 18 20 22 21 19 16 13 
1 2 3 4 5 6 7 8 9 10 11 12 14 15 17 19 20 21 22 18 16 13 
1 2 3 4 5 6 7 8 9 10 11 12 14 15 17 19 21 22 20 18 16 13 
1 2 3 4 5 6 7 8 9 10 11 12 14 15 18 19 22 21 20 17 16 13 
1 2 3 4 5 6 7 8 9 10 11 12 14 15 19 20 22 21 18 17 16 13 
1 2 3 4 5 6 7 8 9 10 11 12 14 15 19 22 21 20 18 17 16 13 
1 2 3 4 5 6 7 8 9 10 11 12 14 16 17 18 19 20 22 21 15 13 
1 2 3 4 5 6 7 8 9 10 11 12 14 16 17 18 20 21 22 19 15 13 
1 2 3 4 5 6 7 8 9 10 11 12 14 16 17 19 20 22 21 18 15 13 
1 2 3 4 5 6 7 8 9 10 11 12 14 16 17 19 22 21 20 18 15 13 
1 2 3 4 5 6 7 8 9 10 11 12 14 16 18 19 21 22 20 17 15 13 
1 2 3 4 5 6 7 8 9 10 11 12 14 16 19 20 21 22 18 17 15 13 
1 2 3 4 5 6 7 8 9 10 11 12 14 16 19 21 22 20 18 17 15 13 
1 2 3 4 5 6 7 8 9 10 11 12 14 17 18 19 20 22 21 16 15 13 
1 2 3 4 5 6 7 8 9 10 11 12 14 17 19 22 21 20 18 16 15 13 
1 2 3 4 5 6 7 8 9 10 11 12 14 18 19 21 22 20 17 16 15 13 
1 2 3 4 5 6 7 8 9 10 11 12 14 18 20 22 21 19 17 16 15 13 
1 2 3 4 5 6 7 8 9 10 11 12 14 18 22 21 20 19 17 16 15 13 
1 2 3 4 5 6 7 8 9 10 11 12 15 16 17 18 19 20 21 22 14 13 
1 2 3 4 5 6 7 8 9 10 11 12 15 16 17 18 20 22 21 19 14 13 
1 2 3 4 5 6 7 8 9 10 11 12 15 16 17 19 20 21 22 18 14 13 
1 2 3 4 5 6 7 8 9 10 11 12 15 16 17 19 21 22 20 18 14 13 
1 2 3 4 5 6 7 8 9 10 11 12 15 16 18 19 22 21 20 17 14 13 
1 2 3 4 5 6 7 8 9 10 11 12 15 16 19 20 22 21 18 17 14 13 
1 2 3 4 5 6 7 8 9 10 11 12 15 16 19 22 21 20 18 17 14 13 
1 2 3 4 5 6 7 8 9 10 11 12 15 17 18 19 20 21 22 16 14 13 
1 2 3 4 5 6 7 8 9 10 11 12 15 17 19 21 22 20 18 16 14 13 
1 2 3 4 5 6 7 8 9 10 11 12 15 18 19 22 21 20 17 16 14 13 
1 2 3 4 5 6 7 8 9 10 11 12 15 18 20 21 22 19 17 16 14 13 
1 2 3 4 5 6 7 8 9 10 11 12 15 18 21 22 20 19 17 16 14 13 
1 2 3 4 5 6 7 8 9 10 11 12 16 17 18 19 20 22 21 15 14 13 
1 2 3 4 5 6 7 8 9 10 11 12 16 17 18 19 22 21 20 15 14 13 
1 2 3 4 5 6 7 8 9 10 11 12 16 17 19 20 22 21 18 15 14 13 
1 2 3 4 5 6 7 8 9 10 11 12 16 18 19 20 21 22 17 15 14 13 
1 2 3 4 5 6 7 8 9 10 11 12 16 18 19 21 22 20 17 15 14 13 
1 2 3 4 5 6 7 8 9 10 11 12 16 18 22 21 20 19 17 15 14 13 
1 2 3 4 5 6 7 8 9 10 11 12 17 18 19 22 21 20 16 15 14 13 
1 2 3 4 5 6 7 8 9 10 11 12 17 18 21 22 20 19 16 15 14 13 
1 2 3 4 5 6 7 8 9 10 11 12 18 19 21 22 20 17 16 15 14 13 
1 2 3 4 5 6 7 8 9 10 11 12 18 20 22 21 19 17 16 15 14 13 
1 2 3 4 5 6 7 8 9 10 11 12 18 22 21 20 19 17 16 15 14 13 
1 2 3 4 5 6 7 8 9 10 11 13 14 15 16 17 18 19 20 22 21 12 
1 2 3 4 5 6 7 8 9 10 11 13 14 15 16 17 18 19 22 21 20 12 
1 2 3 4 5 6 7 8 9 10 11 13 14 15 16 17 18 20 21 22 19 12 
1 2 3 4 5 6 7 8 9 10 11 13 14 15 16 17 18 21 22 20 19 12 
1 2 3 4 5 6 7 8 9 10 11 13 14 15 16 17 19 20 22 21 18 12 
1 2 3 4 5 6 7 8 9 10 11 13 14 15 16 17 19 22 21 20 18 12 
1 2 3 4 5 6 7 8 9 10 11 13 14 15 16 17 20 21 22 19 18 12 
1 2 3 4 5 6 7 8 9 10 11 13 14 15 16 17 21 22 20 19 18 12 
1 2 3 4 5 6 7 8 9 10 11 13 14 15 16 18 19 20 21 22 17 12 
1 2 3 4 5 6 7 8 9 10 11 13 14 15 16 18 19 21 22 20 17 12 
1 2 3 4 5 6 7 8 9 10 11 13 14 15 16 18 20 22 21 19 17 12 
1 2 3 4 5 6 7 8 9 10 11 13 14 15 16 18 22 21 20 19 17 12 
1 2 3 4 5 6 7 8 9 10 11 13 14 15 16 19 20 21 22 18 17 12 
1 2 3 4 5 6 7 8 9 10 11 13 14 15 16 19 21 22 20 18 17 12 
1 2 3 4 5 6 7 8 9 10 11 13 14 15 16 20 22 21 19 18 17 12 
1 2 3 4 5 6 7 8 9 10 11 13 14 15 17 18 19 20 22 21 16 12 
1 2 3 4 5 6 7 8 9 10 11 13 14 15 17 18 19 22 21 20 16 12 
1 2 3 4 5 6 7 8 9 10 11 13 14 15 17 18 20 21 22 19 16 12 
1 2 3 4 5 6 7 8 9 10 11 13 14 15 17 18 21 22 20 19 16 12 
1 2 3 4 5 6 7 8 9 10 11 13 14 15 17 19 20 22 21 18 16 12 
1 2 3 4 5 6 7 8 9 10 11 13 14 15 17 19 22 21 20 18 16 12 
1 2 3 4 5 6 7 8 9 10 11 13 14 15 17 20 21 22 19 18 16 12 
1 2 3 4 5 6 7 8 9 10 11 13 14 15 18 19 20 21 22 17 16 12 
1 2 3 4 5 6 7 8 9 10 11 13 14 15 18 19 21 22 20 17 16 12 
1 2 3 4 5 6 7 8 9 10 11 13 14 15 18 20 22 21 19 17 16 12 
1 2 3 4 5 6 7 8 9 10 11 13 14 15 18 22 21 20 19 17 16 12 
1 2 3 4 5 6 7 8 9 10 11 13 14 15 19 20 21 22 18 17 16 12 
1 2 3 4 5 6 7 8 9 10 11 13 14 15 19 21 22 20 18 17 16 12 
1 2 3 4 5 6 7 8 9 10 11 13 14 15 20 22 21 19 18 17 16 12 
1 2 3 4 5 6 7 8 9 10 11 13 14 16 17 18 19 20 21 22 15 12 
1 2 3 4 5 6 7 8 9 10 11 13 14 16 17 18 19 21 22 20 15 12 
1 2 3 4 5 6 7 8 9 10 11 13 14 16 17 18 20 22 21 19 15 12 
1 2 3 4 5 6 7 8 9 10 11 13 14 16 17 18 22 21 20 19 15 12 
1 2 3 4 5 6 7 8 9 10 11 13 14 16 17 19 20 21 22 18 15 12 
1 2 3 4 5 6 7 8 9 10 11 13 14 16 17 19 21 22 20 18 15 12 
1 2 3 4 5 6 7 8 9 10 11 13 14 16 17 20 22 21 19 18 15 12 
1 2 3 4 5 6 7 8 9 10 11 13 14 16 18 19 20 22 21 17 15 12 
1 2 3 4 5 6 7 8 9 10 11 13 14 16 18 19 22 21 20 17 15 12 
1 2 3 4 5 6 7 8 9 10 11 13 14 16 18 20 21 22 19 17 15 12 
1 2 3 4 5 6 7 8 9 10 11 13 14 16 18 21 22 20 19 17 15 12 
1 2 3 4 5 6 7 8 9 10 11 13 14 16 19 20 22 21 18 17 15 12 
1 2 3 4 5 6 7 8 9 10 11 13 14 16 19 22 21 20 18 17 15 12 
1 2 3 4 5 6 7 8 9 10 11 13 14 16 20 21 22 19 18 17 15 12 
1 2 3 4 5 6 7 8 9 10 11 13 14 17 18 19 20 21 22 16 15 12 
1 2 3 4 5 6 7 8 9 10 11 13 14 17 18 19 21 22 20 16 15 12 
1 2 3 4 5 6 7 8 9 10 11 13 14 17 18 22 21 20 19 16 15 12 
1 2 3 4 5 6 7 8 9 10 11 13 14 17 19 20 21 22 18 16 15 12 
1 2 3 4 5 6 7 8 9 10 11 13 14 17 19 21 22 20 18 16 15 12 
1 2 3 4 5 6 7 8 9 10 11 13 14 17 20 22 21 19 18 16 15 12 
1 2 3 4 5 6 7 8 9 10 11 13 14 17 22 21 20 19 18 16 15 12 
1 2 3 4 5 6 7 8 9 10 11 13 14 18 19 20 22 21 17 16 15 12 
1 2 3 4 5 6 7 8 9 10 11 13 14 18 19 22 21 20 17 16 15 12 
1 2 3 4 5 6 7 8 9 10 11 13 14 18 20 21 22 19 17 16 15 12 
1 2 3 4 5 6 7 8 9 10 11 13 14 18 21 22 20 19 17 16 15 12 
1 2 3 4 5 6 7 8 9 10 11 13 14 19 20 22 21 18 17 16 15 12 
1 2 3 4 5 6 7 8 9 10 11 13 14 19 22 21 20 18 17 16 15 12 
1 2 3 4 5 6 7 8 9 10 11 13 15 16 17 18 19 20 22 21 14 12 
1 2 3 4 5 6 7 8 9 10 11 13 15 16 17 18 19 22 21 20 14 12 
1 2 3 4 5 6 7 8 9 10 11 13 15 16 17 18 20 21 22 19 14 12 
1 2 3 4 5 6 7 8 9 10 11 13 15 16 17 18 21 22 20 19 14 12 
1 2 3 4 5 6 7 8 9 10 11 13 15 16 17 19 20 22 21 18 14 12 
1 2 3 4 5 6 7 8 9 10 11 13 15 16 17 19 22 21 20 18 14 12 
1 2 3 4 5 6 7 8 9 10 11 13 15 16 17 20 21 22 19 18 14 12 
1 2 3 4 5 6 7 8 9 10 11 13 15 16 18 19 20 21 22 17 14 12 
1 2 3 4 5 6 7 8 9 10 11 13 15 16 18 19 21 22 20 17 14 12 
1 2 3 4 5 6 7 8 9 10 11 13 15 16 18 20 22 21 19 17 14 12 
1 2 3 4 5 6 7 8 9 10 11 13 15 16 18 22 21 20 19 17 14 12 
1 2 3 4 5 6 7 8 9 10 11 13 15 16 19 20 21 22 18 17 14 12 
1 2 3 4 5 6 7 8 9 10 11 13 15 16 19 21 22 20 18 17 14 12 
1 2 3 4 5 6 7 8 9 10 11 13 15 16 20 22 21 19 18 17 14 12 
1 2 3 4 5 6 7 8 9 10 11 13 15 17 18 19 20 22 21 16 14 12 
1 2 3 4 5 6 7 8 9 10 11 13 15 17 18 19 22 21 20 16 14 12 
1 2 3 4 5 6 7 8 9 10 11 13 15 17 18 21 22 20 19 16 14 12 
1 2 3 4 5 6 7 8 9 10 11 13 15 17 19 20 22 21 18 16 14 12 
1 2 3 4 5 6 7 8 9 10 11 13 15 17 19 22 21 20 18 16 14 12 
1 2 3 4 5 6 7 8 9 10 11 13 15 17 20 21 22 19 18 16 14 12 
1 2 3 4 5 6 7 8 9 10 11 13 15 17 21 22 20 19 18 16 14 12 
1 2 3 4 5 6 7 8 9 10 11 13 15 18 19 20 21 22 17 16 14 12 
1 2 3 4 5 6 7 8 9 10 11 13 15 18 19 21 22 20 17 16 14 12 
1 2 3 4 5 6 7 8 9 10 11 13 15 18 20 22 21 19 17 16 14 12 
1 2 3 4 5 6 7 8 9 10 11 13 15 18 22 21 20 19 17 16 14 12 
1 2 3 4 5 6 7 8 9 10 11 13 15 19 20 21 22 18 17 16 14 12 
1 2 3 4 5 6 7 8 9 10 11 13 15 19 21 22 20 18 17 16 14 12 
1 2 3 4 5 6 7 8 9 10 11 13 16 17 18 19 20 21 22 15 14 12 
1 2 3 4 5 6 7 8 9 10 11 13 16 17 18 19 21 22 20 15 14 12 
1 2 3 4 5 6 7 8 9 10 11 13 16 17 18 20 22 21 19 15 14 12 
1 2 3 4 5 6 7 8 9 10 11 13 16 17 19 20 21 22 18 15 14 12 
1 2 3 4 5 6 7 8 9 10 11 13 16 17 19 21 22 20 18 15 14 12 
1 2 3 4 5 6 7 8 9 10 11 13 16 17 22 21 20 19 18 15 14 12 
1 2 3 4 5 6 7 8 9 10 11 13 16 18 19 20 22 21 17 15 14 12 
1 2 3 4 5 6 7 8 9 10 11 13 16 18 19 22 21 20 17 15 14 12 
1 2 3 4 5 6 7 8 9 10 11 13 16 18 20 21 22 19 17 15 14 12 
1 2 3 4 5 6 7 8 9 10 11 13 16 18 21 22 20 19 17 15 14 12 
1 2 3 4 5 6 7 8 9 10 11 13 16 19 22 21 20 18 17 15 14 12 
1 2 3 4 5 6 7 8 9 10 11 13 17 18 19 20 21 22 16 15 14 12 
1 2 3 4 5 6 7 8 9 10 11 13 17 18 19 21 22 20 16 15 14 12 
1 2 3 4 5 6 7 8 9 10 11 13 17 18 20 22 21 19 16 15 14 12 
1 2 3 4 5 6 7 8 9 10 11 13 17 18 22 21 20 19 16 15 14 12 
1 2 3 4 5 6 7 8 9 10 11 13 17 19 21 22 20 18 16 15 14 12 
1 2 3 4 5 6 7 8 9 10 11 13 17 20 22 21 19 18 16 15 14 12 
1 2 3 4 5 6 7 8 9 10 11 13 17 22 21 20 19 18 16 15 14 12 
1 2 3 4 5 6 7 8 9 10 11 13 18 19 20 22 21 17 16 15 14 12 
1 2 3 4 5 6 7 8 9 10 11 13 18 19 22 21 20 17 16 15 14 12 
1 2 3 4 5 6 7 8 9 10 11 13 18 20 21 22 19 17 16 15 14 12 
1 2 3 4 5 6 7 8 9 10 11 13 18 21 22 20 19 17 16 15 14 12 
1 2 3 4 5 6 7 8 9 10 11 13 19 20 22 21 18 17 16 15 14 12 
1 2 3 4 5 6 7 8 9 10 11 13 19 22 21 20 18 17 16 15 14 12 
1 2 3 4 5 6 7 8 9 10 11 14 15 16 17 18 19 20 21 22 13 12 
1 2 3 4 5 6 7 8 9 10 11 14 15 16 17 18 19 21 22 20 13 12 
1 2 3 4 5 6 7 8 9 10 11 14 15 16 17 18 20 22 21 19 13 12 
1 2 3 4 5 6 7 8 9 10 11 14 15 16 17 18 22 21 20 19 13 12 
1 2 3 4 5 6 7 8 9 10 11 14 15 16 17 19 20 21 22 18 13 12 
1 2 3 4 5 6 7 8 9 10 11 14 15 16 17 19 21 22 20 18 13 12 
1 2 3 4 5 6 7 8 9 10 11 14 15 16 17 20 22 21 19 18 13 12 
1 2 3 4 5 6 7 8 9 10 11 14 15 16 18 19 20 22 21 17 13 12 
1 2 3 4 5 6 7 8 9 10 11 14 15 16 18 19 22 21 20 17 13 12 
1 2 3 4 5 6 7 8 9 10 11 14 15 16 18 20 21 22 19 17 13 12 
1 2 3 4 5 6 7 8 9 10 11 14 15 16 18 21 22 20 19 17 13 12 
1 2 3 4 5 6 7 8 9 10 11 14 15 16 19 20 22 21 18 17 13 12 
1 2 3 4 5 6 7 8 9 10 11 14 15 16 19 22 21 20 18 17 13 12 
1 2 3 4 5 6 7 8 9 10 11 14 15 16 20 21 22 19 18 17 13 12 
1 2 3 4 5 6 7 8 9 10 11 14 15 17 18 19 20 21 22 16 13 12 
1 2 3 4 5 6 7 8 9 10 11 14 15 17 18 19 21 22 20 16 13 12 
1 2 3 4 5 6 7 8 9 10 11 14 15 17 18 22 21 20 19 16 13 12 
1 2 3 4 5 6 7 8 9 10 11 14 15 17 19 20 21 22 18 16 13 12 
1 2 3 4 5 6 7 8 9 10 11 14 15 17 19 21 22 20 18 16 13 12 
1 2 3 4 5 6 7 8 9 10 11 14 15 17 20 22 21 19 18 16 13 12 
1 2 3 4 5 6 7 8 9 10 11 14 15 17 22 21 20 19 18 16 13 12 
1 2 3 4 5 6 7 8 9 10 11 14 15 18 19 20 22 21 17 16 13 12 
1 2 3 4 5 6 7 8 9 10 11 14 15 18 19 22 21 20 17 16 13 12 
1 2 3 4 5 6 7 8 9 10 11 14 15 18 20 21 22 19 17 16 13 12 
1 2 3 4 5 6 7 8 9 10 11 14 15 18 21 22 20 19 17 16 13 12 
1 2 3 4 5 6 7 8 9 10 11 14 15 19 20 22 21 18 17 16 13 12 
1 2 3 4 5 6 7 8 9 10 11 14 15 19 22 21 20 18 17 16 13 12 
1 2 3 4 5 6 7 8 9 10 11 14 16 17 18 19 20 22 21 15 13 12 
1 2 3 4 5 6 7 8 9 10 11 14 16 17 18 19 22 21 20 15 13 12 
1 2 3 4 5 6 7 8 9 10 11 14 16 17 18 20 21 22 19 15 13 12 
1 2 3 4 5 6 7 8 9 10 11 14 16 17 19 20 22 21 18 15 13 12 
1 2 3 4 5 6 7 8 9 10 11 14 16 17 19 22 21 20 18 15 13 12 
1 2 3 4 5 6 7 8 9 10 11 14 16 17 21 22 20 19 18 15 13 12 
1 2 3 4 5 6 7 8 9 10 11 14 16 18 19 20 21 22 17 15 13 12 
1 2 3 4 5 6 7 8 9 10 11 14 16 18 19 21 22 20 17 15 13 12 
1 2 3 4 5 6 7 8 9 10 11 14 16 18 20 22 21 19 17 15 13 12 
1 2 3 4 5 6 7 8 9 10 11 14 16 18 22 21 20 19 17 15 13 12 
1 2 3 4 5 6 7 8 9 10 11 14 16 19 21 22 20 18 17 15 13 12 
1 2 3 4 5 6 7 8 9 10 11 14 17 18 19 20 22 21 16 15 13 12 
1 2 3 4 5 6 7 8 9 10 11 14 17 18 19 22 21 20 16 15 13 12 
1 2 3 4 5 6 7 8 9 10 11 14 17 18 20 21 22 19 16 15 13 12 
1 2 3 4 5 6 7 8 9 10 11 14 17 18 21 22 20 19 16 15 13 12 
1 2 3 4 5 6 7 8 9 10 11 14 17 19 22 21 20 18 16 15 13 12 
1 2 3 4 5 6 7 8 9 10 11 14 17 20 21 22 19 18 16 15 13 12 
1 2 3 4 5 6 7 8 9 10 11 14 17 21 22 20 19 18 16 15 13 12 
1 2 3 4 5 6 7 8 9 10 11 14 18 19 20 21 22 17 16 15 13 12 
1 2 3 4 5 6 7 8 9 10 11 14 18 19 21 22 20 17 16 15 13 12 
1 2 3 4 5 6 7 8 9 10 11 14 18 20 22 21 19 17 16 15 13 12 
1 2 3 4 5 6 7 8 9 10 11 14 18 22 21 20 19 17 16 15 13 12 
1 2 3 4 5 6 7 8 9 10 11 14 19 20 21 22 18 17 16 15 13 12 
1 2 3 4 5 6 7 8 9 10 11 14 19 21 22 20 18 17 16 15 13 12 
1 2 3 4 5 6 7 8 9 10 11 15 16 17 18 19 20 21 22 14 13 12 
1 2 3 4 5 6 7 8 9 10 11 15 16 17 18 19 21 22 20 14 13 12 
1 2 3 4 5 6 7 8 9 10 11 15 16 17 18 20 22 21 19 14 13 12 
1 2 3 4 5 6 7 8 9 10 11 15 16 17 18 22 21 20 19 14 13 12 
1 2 3 4 5 6 7 8 9 10 11 15 16 17 19 20 21 22 18 14 13 12 
1 2 3 4 5 6 7 8 9 10 11 15 16 17 19 21 22 20 18 14 13 12 
1 2 3 4 5 6 7 8 9 10 11 15 16 17 20 22 21 19 18 14 13 12 
1 2 3 4 5 6 7 8 9 10 11 15 16 18 19 20 22 21 17 14 13 12 
1 2 3 4 5 6 7 8 9 10 11 15 16 18 19 22 21 20 17 14 13 12 
1 2 3 4 5 6 7 8 9 10 11 15 16 18 20 21 22 19 17 14 13 12 
1 2 3 4 5 6 7 8 9 10 11 15 16 18 21 22 20 19 17 14 13 12 
1 2 3 4 5 6 7 8 9 10 11 15 16 19 20 22 21 18 17 14 13 12 
1 2 3 4 5 6 7 8 9 10 11 15 17 18 19 20 21 22 16 14 13 12 
1 2 3 4 5 6 7 8 9 10 11 15 17 18 19 21 22 20 16 14 13 12 
1 2 3 4 5 6 7 8 9 10 11 15 17 18 20 22 21 19 16 14 13 12 
1 2 3 4 5 6 7 8 9 10 11 15 17 18 22 21 20 19 16 14 13 12 
1 2 3 4 5 6 7 8 9 10 11 15 17 19 20 21 22 18 16 14 13 12 
1 2 3 4 5 6 7 8 9 10 11 15 17 19 21 22 20 18 16 14 13 12 
1 2 3 4 5 6 7 8 9 10 11 15 17 22 21 20 19 18 16 14 13 12 
1 2 3 4 5 6 7 8 9 10 11 15 18 19 20 22 21 17 16 14 13 12 
1 2 3 4 5 6 7 8 9 10 11 15 18 19 22 21 20 17 16 14 13 12 
1 2 3 4 5 6 7 8 9 10 11 15 18 20 21 22 19 17 16 14 13 12 
1 2 3 4 5 6 7 8 9 10 11 15 18 21 22 20 19 17 16 14 13 12 
1 2 3 4 5 6 7 8 9 10 11 15 19 22 21 20 18 17 16 14 13 12 
1 2 3 4 5 6 7 8 9 10 11 16 17 18 19 20 22 21 15 14 13 12 
1 2 3 4 5 6 7 8 9 10 11 16 17 18 20 21 22 19 15 14 13 12 
1 2 3 4 5 6 7 8 9 10 11 16 17 18 21 22 20 19 15 14 13 12 
1 2 3 4 5 6 7 8 9 10 11 16 17 19 22 21 20 18 15 14 13 12 
1 2 3 4 5 6 7 8 9 10 11 16 17 21 22 20 19 18 15 14 13 12 
1 2 3 4 5 6 7 8 9 10 11 16 18 19 20 21 22 17 15 14 13 12 
1 2 3 4 5 6 7 8 9 10 11 16 18 19 21 22 20 17 15 14 13 12 
1 2 3 4 5 6 7 8 9 10 11 16 18 20 22 21 19 17 15 14 13 12 
1 2 3 4 5 6 7 8 9 10 11 16 18 22 21 20 19 17 15 14 13 12 
1 2 3 4 5 6 7 8 9 10 11 16 19 21 22 20 18 17 15 14 13 12 
1 2 3 4 5 6 7 8 9 10 11 16 20 22 21 19 18 17 15 14 13 12 
1 2 3 4 5 6 7 8 9 10 11 16 22 21 20 19 18 17 15 14 13 12 
1 2 3 4 5 6 7 8 9 10 11 17 18 19 20 22 21 16 15 14 13 12 
1 2 3 4 5 6 7 8 9 10 11 17 18 19 22 21 20 16 15 14 13 12 
1 2 3 4 5 6 7 8 9 10 11 17 18 20 21 22 19 16 15 14 13 12 
1 2 3 4 5 6 7 8 9 10 11 17 18 21 22 20 19 16 15 14 13 12 
1 2 3 4 5 6 7 8 9 10 11 17 19 20 22 21 18 16 15 14 13 12 
1 2 3 4 5 6 7 8 9 10 11 17 19 22 21 20 18 16 15 14 13 12 
1 2 3 4 5 6 7 8 9 10 11 17 20 21 22 19 18 16 15 14 13 12 
1 2 3 4 5 6 7 8 9 10 11 17 21 22 20 19 18 16 15 14 13 12 
1 2 3 4 5 6 7 8 9 10 11 18 19 21 22 20 17 16 15 14 13 12 
1 2 3 4 5 6 7 8 9 10 11 18 20 22 21 19 17 16 15 14 13 12 
1 2 3 4 5 6 7 8 9 10 11 18 22 21 20 19 17 16 15 14 13 12 
1 2 3 4 5 6 7 8 9 10 12 13 14 15 16 17 18 22 21 20 19 11 
1 2 3 4 5 6 7 8 9 10 12 13 14 15 16 17 19 21 22 20 18 11 
1 2 3 4 5 6 7 8 9 10 12 13 14 15 16 17 22 21 20 19 18 11 
1 2 3 4 5 6 7 8 9 10 12 13 14 15 16 18 19 22 21 20 17 11 
1 2 3 4 5 6 7 8 9 10 12 13 14 15 16 18 21 22 20 19 17 11 
1 2 3 4 5 6 7 8 9 10 12 13 14 15 16 20 21 22 19 18 17 11 
1 2 3 4 5 6 7 8 9 10 12 13 14 15 16 21 22 20 19 18 17 11 
1 2 3 4 5 6 7 8 9 10 12 13 14 15 17 18 19 21 22 20 16 11 
1 2 3 4 5 6 7 8 9 10 12 13 14 15 17 18 22 21 20 19 16 11 
1 2 3 4 5 6 7 8 9 10 12 13 14 15 17 20 22 21 19 18 16 11 
1 2 3 4 5 6 7 8 9 10 12 13 14 15 17 22 21 20 19 18 16 11 
1 2 3 4 5 6 7 8 9 10 12 13 14 15 18 19 20 22 21 17 16 11 
1 2 3 4 5 6 7 8 9 10 12 13 14 15 18 20 21 22 19 17 16 11 
1 2 3 4 5 6 7 8 9 10 12 13 14 15 18 21 22 20 19 17 16 11 
1 2 3 4 5 6 7 8 9 10 12 13 14 15 20 21 22 19 18 17 16 11 
1 2 3 4 5 6 7 8 9 10 12 13 14 15 21 22 20 19 18 17 16 11 
1 2 3 4 5 6 7 8 9 10 12 13 14 16 17 18 19 22 21 20 15 11 
1 2 3 4 5 6 7 8 9 10 12 13 14 16 17 18 21 22 20 19 15 11 
1 2 3 4 5 6 7 8 9 10 12 13 14 16 17 20 21 22 19 18 15 11 
1 2 3 4 5 6 7 8 9 10 12 13 14 16 17 21 22 20 19 18 15 11 
1 2 3 4 5 6 7 8 9 10 12 13 14 16 18 19 20 21 22 17 15 11 
1 2 3 4 5 6 7 8 9 10 12 13 14 16 18 20 22 21 19 17 15 11 
1 2 3 4 5 6 7 8 9 10 12 13 14 16 18 22 21 20 19 17 15 11 
1 2 3 4 5 6 7 8 9 10 12 13 14 16 20 22 21 19 18 17 15 11 
1 2 3 4 5 6 7 8 9 10 12 13 14 16 22 21 20 19 18 17 15 11 
1 2 3 4 5 6 7 8 9 10 12 13 14 17 18 19 22 21 20 16 15 11 
1 2 3 4 5 6 7 8 9 10 12 13 14 17 18 20 21 22 19 16 15 11 
1 2 3 4 5 6 7 8 9 10 12 13 14 17 18 21 22 20 19 16 15 11 
1 2 3 4 5 6 7 8 9 10 12 13 14 17 19 20 22 21 18 16 15 11 
1 2 3 4 5 6 7 8 9 10 12 13 14 17 20 21 22 19 18 16 15 11 
1 2 3 4 5 6 7 8 9 10 12 13 14 17 21 22 20 19 18 16 15 11 
1 2 3 4 5 6 7 8 9 10 12 13 14 18 19 20 21 22 17 16 15 11 
1 2 3 4 5 6 7 8 9 10 12 13 14 19 20 21 22 18 17 16 15 11 
1 2 3 4 5 6 7 8 9 10 12 13 14 19 21 22 20 18 17 16 15 11 
1 2 3 4 5 6 7 8 9 10 12 13 14 20 22 21 19 18 17 16 15 11 
1 2 3 4 5 6 7 8 9 10 12 13 15 16 17 18 19 21 22 20 14 11 
1 2 3 4 5 6 7 8 9 10 12 13 15 16 17 18 22 21 20 19 14 11 
1 2 3 4 5 6 7 8 9 10 12 13 15 16 17 20 22 21 19 18 14 11 
1 2 3 4 5 6 7 8 9 10 12 13 15 16 17 22 21 20 19 18 14 11 
1 2 3 4 5 6 7 8 9 10 12 13 15 16 18 19 20 22 21 17 14 11 
1 2 3 4 5 6 7 8 9 10 12 13 15 16 18 20 21 22 19 17 14 11 
1 2 3 4 5 6 7 8 9 10 12 13 15 16 18 21 22 20 19 17 14 11 
1 2 3 4 5 6 7 8 9 10 12 13 15 16 20 21 22 19 18 17 14 11 
1 2 3 4 5 6 7 8 9 10 12 13 15 16 21 22 20 19 18 17 14 11 
1 2 3 4 5 6 7 8 9 10 12 13 15 17 18 19 21 22 20 16 14 11 
1 2 3 4 5 6 7 8 9 10 12 13 15 17 18 20 22 21 19 16 14 11 
1 2 3 4 5 6 7 8 9 10 12 13 15 17 18 22 21 20 19 16 14 11 
1 2 3 4 5 6 7 8 9 10 12 13 15 17 19 20 21 22 18 16 14 11 
1 2 3 4 5 6 7 8 9 10 12 13 15 17 20 22 21 19 18 16 14 11 
1 2 3 4 5 6 7 8 9 10 12 13 15 17 22 21 20 19 18 16 14 11 
1 2 3 4 5 6 7 8 9 10 12 13 15 18 19 20 22 21 17 16 14 11 
1 2 3 4 5 6 7 8 9 10 12 13 15 19 20 22 21 18 17 16 14 11 
1 2 3 4 5 6 7 8 9 10 12 13 15 19 22 21 20 18 17 16 14 11 
1 2 3 4 5 6 7 8 9 10 12 13 15 20 21 22 19 18 17 16 14 11 
1 2 3 4 5 6 7 8 9 10 12 13 16 17 18 20 21 22 19 15 14 11 
1 2 3 4 5 6 7 8 9 10 12 13 16 17 18 21 22 20 19 15 14 11 
1 2 3 4 5 6 7 8 9 10 12 13 16 17 19 22 21 20 18 15 14 11 
1 2 3 4 5 6 7 8 9 10 12 13 16 17 20 21 22 19 18 15 14 11 
1 2 3 4 5 6 7 8 9 10 12 13 16 17 21 22 20 19 18 15 14 11 
1 2 3 4 5 6 7 8 9 10 12 13 16 18 20 22 21 19 17 15 14 11 
1 2 3 4 5 6 7 8 9 10 12 13 16 19 20 21 22 18 17 15 14 11 
1 2 3 4 5 6 7 8 9 10 12 13 16 19 21 22 20 18 17 15 14 11 
1 2 3 4 5 6 7 8 9 10 12 13 16 20 22 21 19 18 17 15 14 11 
1 2 3 4 5 6 7 8 9 10 12 13 16 22 21 20 19 18 17 15 14 11 
1 2 3 4 5 6 7 8 9 10 12 13 17 18 19 20 22 21 16 15 14 11 
1 2 3 4 5 6 7 8 9 10 12 13 17 18 20 21 22 19 16 15 14 11 
1 2 3 4 5 6 7 8 9 10 12 13 17 19 20 22 21 18 16 15 14 11 
1 2 3 4 5 6 7 8 9 10 12 13 17 19 22 21 20 18 16 15 14 11 
1 2 3 4 5 6 7 8 9 10 12 13 17 20 21 22 19 18 16 15 14 11 
1 2 3 4 5 6 7 8 9 10 12 13 17 21 22 20 19 18 16 15 14 11 
1 2 3 4 5 6 7 8 9 10 12 13 18 19 20 21 22 17 16 15 14 11 
1 2 3 4 5 6 7 8 9 10 12 13 19 20 21 22 18 17 16 15 14 11 
1 2 3 4 5 6 7 8 9 10 12 13 19 21 22 20 18 17 16 15 14 11 
1 2 3 4 5 6 7 8 9 10 12 13 20 22 21 19 18 17 16 15 14 11 
1 2 3 4 5 6 7 8 9 10 12 14 15 16 17 18 19 22 21 20 13 11 
1 2 3 4 5 6 7 8 9 10 12 14 15 16 17 18 21 22 20 19 13 11 
1 2 3 4 5 6 7 8 9 10 12 14 15 16 17 20 21 22 19 18 13 11 
1 2 3 4 5 6 7 8 9 10 12 14 15 16 17 21 22 20 19 18 13 11 
1 2 3 4 5 6 7 8 9 10 12 14 15 16 18 19 20 21 22 17 13 11 
1 2 3 4 5 6 7 8 9 10 12 14 15 16 18 20 22 21 19 17 13 11 
1 2 3 4 5 6 7 8 9 10 12 14 15 16 18 22 21 20 19 17 13 11 
1 2 3 4 5 6 7 8 9 10 12 14 15 16 20 22 21 19 18 17 13 11 
1 2 3 4 5 6 7 8 9 10 12 14 15 16 22 21 20 19 18 17 13 11 
1 2 3 4 5 6 7 8 9 10 12 14 15 17 18 19 22 21 20 16 13 11 
1 2 3 4 5 6 7 8 9 10 12 14 15 17 18 20 21 22 19 16 13 11 
1 2 3 4 5 6 7 8 9 10 12 14 15 17 18 21 22 20 19 16 13 11 
1 2 3 4 5 6 7 8 9 10 12 14 15 17 19 20 22 21 18 16 13 11 
1 2 3 4 5 6 7 8 9 10 12 14 15 17 20 21 22 19 18 16 13 11 
1 2 3 4 5 6 7 8 9 10 12 14 15 17 21 22 20 19 18 16 13 11 
1 2 3 4 5 6 7 8 9 10 12 14 15 18 19 20 21 22 17 16 13 11 
1 2 3 4 5 6 7 8 9 10 12 14 15 19 20 21 22 18 17 16 13 11 
1 2 3 4 5 6 7 8 9 10 12 14 15 19 21 22 20 18 17 16 13 11 
1 2 3 4 5 6 7 8 9 10 12 14 15 20 22 21 19 18 17 16 13 11 
1 2 3 4 5 6 7 8 9 10 12 14 16 17 18 20 22 21 19 15 13 11 
1 2 3 4 5 6 7 8 9 10 12 14 16 17 18 22 21 20 19 15 13 11 
1 2 3 4 5 6 7 8 9 10 12 14 16 17 19 21 22 20 18 15 13 11 
1 2 3 4 5 6 7 8 9 10 12 14 16 17 20 22 21 19 18 15 13 11 
1 2 3 4 5 6 7 8 9 10 12 14 16 17 22 21 20 19 18 15 13 11 
1 2 3 4 5 6 7 8 9 10 12 14 16 18 20 21 22 19 17 15 13 11 
1 2 3 4 5 6 7 8 9 10 12 14 16 19 20 22 21 18 17 15 13 11 
1 2 3 4 5 6 7 8 9 10 12 14 16 19 22 21 20 18 17 15 13 11 
1 2 3 4 5 6 7 8 9 10 12 14 16 20 21 22 19 18 17 15 13 11 
1 2 3 4 5 6 7 8 9 10 12 14 16 21 22 20 19 18 17 15 13 11 
1 2 3 4 5 6 7 8 9 10 12 14 17 18 19 20 21 22 16 15 13 11 
1 2 3 4 5 6 7 8 9 10 12 14 17 18 20 22 21 19 16 15 13 11 
1 2 3 4 5 6 7 8 9 10 12 14 17 19 20 21 22 18 16 15 13 11 
1 2 3 4 5 6 7 8 9 10 12 14 17 19 21 22 20 18 16 15 13 11 
1 2 3 4 5 6 7 8 9 10 12 14 17 20 22 21 19 18 16 15 13 11 
1 2 3 4 5 6 7 8 9 10 12 14 17 22 21 20 19 18 16 15 13 11 
1 2 3 4 5 6 7 8 9 10 12 14 18 19 20 22 21 17 16 15 13 11 
1 2 3 4 5 6 7 8 9 10 12 14 19 20 22 21 18 17 16 15 13 11 
1 2 3 4 5 6 7 8 9 10 12 14 19 22 21 20 18 17 16 15 13 11 
1 2 3 4 5 6 7 8 9 10 12 14 20 21 22 19 18 17 16 15 13 11 
1 2 3 4 5 6 7 8 9 10 12 15 16 17 18 19 20 22 21 14 13 11 
1 2 3 4 5 6 7 8 9 10 12 15 16 17 18 20 21 22 19 14 13 11 
1 2 3 4 5 6 7 8 9 10 12 15 16 17 18 21 22 20 19 14 13 11 
1 2 3 4 5 6 7 8 9 10 12 15 16 17 20 21 22 19 18 14 13 11 
1 2 3 4 5 6 7 8 9 10 12 15 16 17 21 22 20 19 18 14 13 11 
1 2 3 4 5 6 7 8 9 10 12 15 16 18 19 21 22 20 17 14 13 11 
1 2 3 4 5 6 7 8 9 10 12 15 16 18 22 21 20 19 17 14 13 11 
1 2 3 4 5 6 7 8 9 10 12 15 16 19 20 21 22 18 17 14 13 11 
1 2 3 4 5 6 7 8 9 10 12 15 16 19 21 22 20 18 17 14 13 11 
1 2 3 4 5 6 7 8 9 10 12 15 16 22 21 20 19 18 17 14 13 11 
1 2 3 4 5 6 7 8 9 10 12 15 17 18 19 22 21 20 16 14 13 11 
1 2 3 4 5 6 7 8 9 10 12 15 17 19 20 22 21 18 16 14 13 11 
1 2 3 4 5 6 7 8 9 10 12 15 17 19 22 21 20 18 16 14 13 11 
1 2 3 4 5 6 7 8 9 10 12 15 17 20 21 22 19 18 16 14 13 11 
1 2 3 4 5 6 7 8 9 10 12 15 17 21 22 20 19 18 16 14 13 11 
1 2 3 4 5 6 7 8 9 10 12 15 18 20 22 21 19 17 16 14 13 11 
1 2 3 4 5 6 7 8 9 10 12 15 19 20 21 22 18 17 16 14 13 11 
1 2 3 4 5 6 7 8 9 10 12 15 19 21 22 20 18 17 16 14 13 11 
1 2 3 4 5 6 7 8 9 10 12 15 20 22 21 19 18 17 16 14 13 11 
1 2 3 4 5 6 7 8 9 10 12 15 22 21 20 19 18 17 16 14 13 11 
1 2 3 4 5 6 7 8 9 10 12 16 17 18 19 20 21 22 15 14 13 11 
1 2 3 4 5 6 7 8 9 10 12 16 17 18 19 21 22 20 15 14 13 11 
1 2 3 4 5 6 7 8 9 10 12 16 17 18 20 22 21 19 15 14 13 11 
1 2 3 4 5 6 7 8 9 10 12 16 17 19 20 21 22 18 15 14 13 11 
1 2 3 4 5 6 7 8 9 10 12 16 17 19 21 22 20 18 15 14 13 11 
1 2 3 4 5 6 7 8 9 10 12 16 17 20 22 21 19 18 15 14 13 11 
1 2 3 4 5 6 7 8 9 10 12 16 17 22 21 20 19 18 15 14 13 11 
1 2 3 4 5 6 7 8 9 10 12 16 18 19 20 22 21 17 15 14 13 11 
1 2 3 4 5 6 7 8 9 10 12 16 18 20 21 22 19 17 15 14 13 11 
1 2 3 4 5 6 7 8 9 10 12 16 19 20 22 21 18 17 15 14 13 11 
1 2 3 4 5 6 7 8 9 10 12 16 19 22 21 20 18 17 15 14 13 11 
1 2 3 4 5 6 7 8 9 10 12 16 20 21 22 19 18 17 15 14 13 11 
1 2 3 4 5 6 7 8 9 10 12 16 21 22 20 19 18 17 15 14 13 11 
1 2 3 4 5 6 7 8 9 10 12 17 18 19 20 21 22 16 15 14 13 11 
1 2 3 4 5 6 7 8 9 10 12 17 18 20 22 21 19 16 15 14 13 11 
1 2 3 4 5 6 7 8 9 10 12 17 19 20 21 22 18 16 15 14 13 11 
1 2 3 4 5 6 7 8 9 10 12 18 19 20 22 21 17 16 15 14 13 11 
1 2 3 4 5 6 7 8 9 10 12 18 19 22 21 20 17 16 15 14 13 11 
1 2 3 4 5 6 7 8 9 10 12 18 20 21 22 19 17 16 15 14 13 11 
1 2 3 4 5 6 7 8 9 10 12 18 21 22 20 19 17 16 15 14 13 11 
1 2 3 4 5 6 7 8 9 10 12 19 20 22 21 18 17 16 15 14 13 11 
1 2 3 4 5 6 7 8 9 10 12 19 22 21 20 18 17 16 15 14 13 11 
1 2 3 4 5 6 7 8 9 10 13 14 15 16 17 18 19 21 22 20 12 11 
1 2 3 4 5 6 7 8 9 10 13 14 15 16 17 18 22 21 20 19 12 11 
1 2 3 4 5 6 7 8 9 10 13 14 15 16 17 20 22 21 19 18 12 11 
1 2 3 4 5 6 7 8 9 10 13 14 15 16 17 22 21 20 19 18 12 11 
1 2 3 4 5 6 7 8 9 10 13 14 15 16 18 19 20 22 21 17 12 11 
1 2 3 4 5 6 7 8 9 10 13 14 15 16 18 20 21 22 19 17 12 11 
1 2 3 4 5 6 7 8 9 10 13 14 15 16 18 21 22 20 19 17 12 11 
1 2 3 4 5 6 7 8 9 10 13 14 15 16 20 21 22 19 18 17 12 11 
1 2 3 4 5 6 7 8 9 10 13 14 15 16 21 22 20 19 18 17 12 11 
1 2 3 4 5 6 7 8 9 10 13 14 15 17 18 19 21 22 20 16 12 11 
1 2 3 4 5 6 7 8 9 10 13 14 15 17 18 20 22 21 19 16 12 11 
1 2 3 4 5 6 7 8 9 10 13 14 15 17 18 22 21 20 19 16 12 11 
1 2 3 4 5 6 7 8 9 10 13 14 15 17 19 20 21 22 18 16 12 11 
1 2 3 4 5 6 7 8 9 10 13 14 15 17 20 22 21 19 18 16 12 11 
1 2 3 4 5 6 7 8 9 10 13 14 15 17 22 21 20 19 18 16 12 11 
1 2 3 4 5 6 7 8 9 10 13 14 15 18 19 20 22 21 17 16 12 11 
1 2 3 4 5 6 7 8 9 10 13 14 15 19 20 22 21 18 17 16 12 11 
1 2 3 4 5 6 7 8 9 10 13 14 15 19 22 21 20 18 17 16 12 11 
1 2 3 4 5 6 7 8 9 10 13 14 15 20 21 22 19 18 17 16 12 11 
1 2 3 4 5 6 7 8 9 10 13 14 16 17 18 20 21 22 19 15 12 11 
1 2 3 4 5 6 7 8 9 10 13 14 16 17 18 21 22 20 19 15 12 11 
1 2 3 4 5 6 7 8 9 10 13 14 16 17 19 22 21 20 18 15 12 11 
1 2 3 4 5 6 7 8 9 10 13 14 16 17 20 21 22 19 18 15 12 11 
1 2 3 4 5 6 7 8 9 10 13 14 16 17 21 22 20 19 18 15 12 11 
1 2 3 4 5 6 7 8 9 10 13 14 16 18 20 22 21 19 17 15 12 11 
1 2 3 4 5 6 7 8 9 10 13 14 16 19 20 21 22 18 17 15 12 11 
1 2 3 4 5 6 7 8 9 10 13 14 16 19 21 22 20 18 17 15 12 11 
1 2 3 4 5 6 7 8 9 10 13 14 16 20 22 21 19 18 17 15 12 11 
1 2 3 4 5 6 7 8 9 10 13 14 16 22 21 20 19 18 17 15 12 11 
1 2 3 4 5 6 7 8 9 10 13 14 17 18 19 20 22 21 16 15 12 11 
1 2 3 4 5 6 7 8 9 10 13 14 17 18 20 21 22 19 16 15 12 11 
1 2 3 4 5 6 7 8 9 10 13 14 17 19 20 22 21 18 16 15 12 11 
1 2 3 4 5 6 7 8 9 10 13 14 17 19 22 21 20 18 16 15 12 11 
1 2 3 4 5 6 7 8 9 10 13 14 17 20 21 22 19 18 16 15 12 11 
1 2 3 4 5 6 7 8 9 10 13 14 17 21 22 20 19 18 16 15 12 11 
1 2 3 4 5 6 7 8 9 10 13 14 18 19 20 21 22 17 16 15 12 11 
1 2 3 4 5 6 7 8 9 10 13 14 19 20 21 22 18 17 16 15 12 11 
1 2 3 4 5 6 7 8 9 10 13 14 19 21 22 20 18 17 16 15 12 11 
1 2 3 4 5 6 7 8 9 10 13 14 20 22 21 19 18 17 16 15 12 11 
1 2 3 4 5 6 7 8 9 10 13 15 16 17 18 19 20 21 22 14 12 11 
1 2 3 4 5 6 7 8 9 10 13 15 16 17 18 20 22 21 19 14 12 11 
1 2 3 4 5 6 7 8 9 10 13 15 16 17 18 22 21 20 19 14 12 11 
1 2 3 4 5 6 7 8 9 10 13 15 16 17 20 22 21 19 18 14 12 11 
1 2 3 4 5 6 7 8 9 10 13 15 16 17 22 21 20 19 18 14 12 11 
1 2 3 4 5 6 7 8 9 10 13 15 16 18 19 22 21 20 17 14 12 11 
1 2 3 4 5 6 7 8 9 10 13 15 16 18 21 22 20 19 17 14 12 11 
1 2 3 4 5 6 7 8 9 10 13 15 16 19 20 22 21 18 17 14 12 11 
1 2 3 4 5 6 7 8 9 10 13 15 16 19 22 21 20 18 17 14 12 11 
1 2 3 4 5 6 7 8 9 10 13 15 16 21 22 20 19 18 17 14 12 11 
1 2 3 4 5 6 7 8 9 10 13 15 17 18 19 21 22 20 16 14 12 11 
1 2 3 4 5 6 7 8 9 10 13 15 17 19 20 21 22 18 16 14 12 11 
1 2 3 4 5 6 7 8 9 10 13 15 17 19 21 22 20 18 16 14 12 11 
1 2 3 4 5 6 7 8 9 10 13 15 17 20 22 21 19 18 16 14 12 11 
1 2 3 4 5 6 7 8 9 10 13 15 17 22 21 20 19 18 16 14 12 11 
1 2 3 4 5 6 7 8 9 10 13 15 18 20 21 22 19 17 16 14 12 11 
1 2 3 4 5 6 7 8 9 10 13 15 19 20 22 21 18 17 16 14 12 11 
1 2 3 4 5 6 7 8 9 10 13 15 19 22 21 20 18 17 16 14 12 11 
1 2 3 4 5 6 7 8 9 10 13 15 20 21 22 19 18 17 16 14 12 11 
1 2 3 4 5 6 7 8 9 10 13 15 21 22 20 19 18 17 16 14 12 11 
1 2 3 4 5 6 7 8 9 10 13 16 17 18 19 20 22 21 15 14 12 11 
1 2 3 4 5 6 7 8 9 10 13 16 17 18 19 22 21 20 15 14 12 11 
1 2 3 4 5 6 7 8 9 10 13 16 17 18 20 21 22 19 15 14 12 11 
1 2 3 4 5 6 7 8 9 10 13 16 17 19 20 22 21 18 15 14 12 11 
1 2 3 4 5 6 7 8 9 10 13 16 17 19 22 21 20 18 15 14 12 11 
1 2 3 4 5 6 7 8 9 10 13 16 17 20 21 22 19 18 15 14 12 11 
1 2 3 4 5 6 7 8 9 10 13 16 17 21 22 20 19 18 15 14 12 11 
1 2 3 4 5 6 7 8 9 10 13 16 18 19 20 21 22 17 15 14 12 11 
1 2 3 4 5 6 7 8 9 10 13 16 18 20 22 21 19 17 15 14 12 11 
1 2 3 4 5 6 7 8 9 10 13 16 19 20 21 22 18 17 15 14 12 11 
1 2 3 4 5 6 7 8 9 10 13 16 19 21 22 20 18 17 15 14 12 11 
1 2 3 4 5 6 7 8 9 10 13 16 20 22 21 19 18 17 15 14 12 11 
1 2 3 4 5 6 7 8 9 10 13 16 22 21 20 19 18 17 15 14 12 11 
1 2 3 4 5 6 7 8 9 10 13 17 18 19 20 22 21 16 15 14 12 11 
1 2 3 4 5 6 7 8 9 10 13 17 18 20 21 22 19 16 15 14 12 11 
1 2 3 4 5 6 7 8 9 10 13 17 19 20 22 21 18 16 15 14 12 11 
1 2 3 4 5 6 7 8 9 10 13 18 19 20 21 22 17 16 15 14 12 11 
1 2 3 4 5 6 7 8 9 10 13 18 19 21 22 20 17 16 15 14 12 11 
1 2 3 4 5 6 7 8 9 10 13 18 20 22 21 19 17 16 15 14 12 11 
1 2 3 4 5 6 7 8 9 10 13 18 22 21 20 19 17 16 15 14 12 11 
1 2 3 4 5 6 7 8 9 10 13 19 20 21 22 18 17 16 15 14 12 11 
1 2 3 4 5 6 7 8 9 10 13 19 21 22 20 18 17 16 15 14 12 11 
1 2 3 4 5 6 7 8 9 10 14 15 16 17 18 19 22 21 20 13 12 11 
1 2 3 4 5 6 7 8 9 10 14 15 16 17 18 20 21 22 19 13 12 11 
1 2 3 4 5 6 7 8 9 10 14 15 16 17 18 21 22 20 19 13 12 11 
1 2 3 4 5 6 7 8 9 10 14 15 16 17 19 20 22 21 18 13 12 11 
1 2 3 4 5 6 7 8 9 10 14 15 16 17 20 21 22 19 18 13 12 11 
1 2 3 4 5 6 7 8 9 10 14 15 16 17 21 22 20 19 18 13 12 11 
1 2 3 4 5 6 7 8 9 10 14 15 16 18 19 20 21 22 17 13 12 11 
1 2 3 4 5 6 7 8 9 10 14 15 16 19 20 21 22 18 17 13 12 11 
1 2 3 4 5 6 7 8 9 10 14 15 16 19 21 22 20 18 17 13 12 11 
1 2 3 4 5 6 7 8 9 10 14 15 16 20 22 21 19 18 17 13 12 11 
1 2 3 4 5 6 7 8 9 10 14 15 17 18 21 22 20 19 16 13 12 11 
1 2 3 4 5 6 7 8 9 10 14 15 17 19 20 22 21 18 16 13 12 11 
1 2 3 4 5 6 7 8 9 10 14 15 17 19 22 21 20 18 16 13 12 11 
1 2 3 4 5 6 7 8 9 10 14 15 17 20 21 22 19 18 16 13 12 11 
1 2 3 4 5 6 7 8 9 10 14 15 17 21 22 20 19 18 16 13 12 11 
1 2 3 4 5 6 7 8 9 10 14 15 18 19 21 22 20 17 16 13 12 11 
1 2 3 4 5 6 7 8 9 10 14 15 18 22 21 20 19 17 16 13 12 11 
1 2 3 4 5 6 7 8 9 10 14 15 19 20 21 22 18 17 16 13 12 11 
1 2 3 4 5 6 7 8 9 10 14 15 19 21 22 20 18 17 16 13 12 11 
1 2 3 4 5 6 7 8 9 10 14 15 22 21 20 19 18 17 16 13 12 11 
1 2 3 4 5 6 7 8 9 10 14 16 17 18 19 20 21 22 15 13 12 11 
1 2 3 4 5 6 7 8 9 10 14 16 17 18 19 21 22 20 15 13 12 11 
1 2 3 4 5 6 7 8 9 10 14 16 17 18 22 21 20 19 15 13 12 11 
1 2 3 4 5 6 7 8 9 10 14 16 17 19 20 21 22 18 15 13 12 11 
1 2 3 4 5 6 7 8 9 10 14 16 17 19 21 22 20 18 15 13 12 11 
1 2 3 4 5 6 7 8 9 10 14 16 17 20 22 21 19 18 15 13 12 11 
1 2 3 4 5 6 7 8 9 10 14 16 17 22 21 20 19 18 15 13 12 11 
1 2 3 4 5 6 7 8 9 10 14 16 18 19 22 21 20 17 15 13 12 11 
1 2 3 4 5 6 7 8 9 10 14 16 19 20 22 21 18 17 15 13 12 11 
1 2 3 4 5 6 7 8 9 10 14 16 19 22 21 20 18 17 15 13 12 11 
1 2 3 4 5 6 7 8 9 10 14 16 20 21 22 19 18 17 15 13 12 11 
1 2 3 4 5 6 7 8 9 10 14 16 21 22 20 19 18 17 15 13 12 11 
1 2 3 4 5 6 7 8 9 10 14 17 18 22 21 20 19 16 15 13 12 11 
1 2 3 4 5 6 7 8 9 10 14 17 20 22 21 19 18 16 15 13 12 11 
1 2 3 4 5 6 7 8 9 10 14 18 19 20 22 21 17 16 15 13 12 11 
1 2 3 4 5 6 7 8 9 10 14 18 19 22 21 20 17 16 15 13 12 11 
1 2 3 4 5 6 7 8 9 10 14 18 20 21 22 19 17 16 15 13 12 11 
1 2 3 4 5 6 7 8 9 10 14 18 21 22 20 19 17 16 15 13 12 11 
1 2 3 4 5 6 7 8 9 10 14 19 22 21 20 18 17 16 15 13 12 11 
1 2 3 4 5 6 7 8 9 10 15 16 17 18 20 21 22 19 14 13 12 11 
1 2 3 4 5 6 7 8 9 10 15 16 17 18 21 22 20 19 14 13 12 11 
1 2 3 4 5 6 7 8 9 10 15 16 17 19 20 22 21 18 14 13 12 11 
1 2 3 4 5 6 7 8 9 10 15 16 17 20 21 22 19 18 14 13 12 11 
1 2 3 4 5 6 7 8 9 10 15 16 17 21 22 20 19 18 14 13 12 11 
1 2 3 4 5 6 7 8 9 10 15 16 18 19 20 21 22 17 14 13 12 11 
1 2 3 4 5 6 7 8 9 10 15 16 18 19 21 22 20 17 14 13 12 11 
1 2 3 4 5 6 7 8 9 10 15 16 18 20 22 21 19 17 14 13 12 11 
1 2 3 4 5 6 7 8 9 10 15 16 19 20 21 22 18 17 14 13 12 11 
1 2 3 4 5 6 7 8 9 10 15 16 19 21 22 20 18 17 14 13 12 11 
1 2 3 4 5 6 7 8 9 10 15 16 20 22 21 19 18 17 14 13 12 11 
1 2 3 4 5 6 7 8 9 10 15 16 22 21 20 19 18 17 14 13 12 11 
1 2 3 4 5 6 7 8 9 10 15 17 18 19 20 22 21 16 14 13 12 11 
1 2 3 4 5 6 7 8 9 10 15 17 18 19 22 21 20 16 14 13 12 11 
1 2 3 4 5 6 7 8 9 10 15 17 18 21 22 20 19 16 14 13 12 11 
1 2 3 4 5 6 7 8 9 10 15 17 19 20 22 21 18 16 14 13 12 11 
1 2 3 4 5 6 7 8 9 10 15 17 20 21 22 19 18 16 14 13 12 11 
1 2 3 4 5 6 7 8 9 10 15 18 19 20 21 22 17 16 14 13 12 11 
1 2 3 4 5 6 7 8 9 10 15 18 19 21 22 20 17 16 14 13 12 11 
1 2 3 4 5 6 7 8 9 10 15 18 20 22 21 19 17 16 14 13 12 11 
1 2 3 4 5 6 7 8 9 10 15 18 22 21 20 19 17 16 14 13 12 11 
1 2 3 4 5 6 7 8 9 10 15 19 21 22 20 18 17 16 14 13 12 11 
1 2 3 4 5 6 7 8 9 10 15 20 22 21 19 18 17 16 14 13 12 11 
1 2 3 4 5 6 7 8 9 10 15 22 21 20 19 18 17 16 14 13 12 11 
1 2 3 4 5 6 7 8 9 10 16 17 18 19 20 21 22 15 14 13 12 11 
1 2 3 4 5 6 7 8 9 10 16 17 18 19 21 22 20 15 14 13 12 11 
1 2 3 4 5 6 7 8 9 10 16 17 19 20 21 22 18 15 14 13 12 11 
1 2 3 4 5 6 7 8 9 10 16 17 20 22 21 19 18 15 14 13 12 11 
1 2 3 4 5 6 7 8 9 10 16 18 19 20 22 21 17 15 14 13 12 11 
1 2 3 4 5 6 7 8 9 10 16 18 19 22 21 20 17 15 14 13 12 11 
1 2 3 4 5 6 7 8 9 10 16 18 20 21 22 19 17 15 14 13 12 11 
1 2 3 4 5 6 7 8 9 10 16 18 21 22 20 19 17 15 14 13 12 11 
1 2 3 4 5 6 7 8 9 10 16 19 20 22 21 18 17 15 14 13 12 11 
1 2 3 4 5 6 7 8 9 10 16 19 22 21 20 18 17 15 14 13 12 11 
1 2 3 4 5 6 7 8 9 10 16 20 21 22 19 18 17 15 14 13 12 11 
1 2 3 4 5 6 7 8 9 10 16 21 22 20 19 18 17 15 14 13 12 11 
1 2 3 4 5 6 7 8 9 10 17 18 19 20 21 22 16 15 14 13 12 11 
1 2 3 4 5 6 7 8 9 10 17 18 20 22 21 19 16 15 14 13 12 11 
1 2 3 4 5 6 7 8 9 10 17 19 20 21 22 18 16 15 14 13 12 11 
1 2 3 4 5 6 7 8 9 10 18 19 20 22 21 17 16 15 14 13 12 11 
1 2 3 4 5 6 7 8 9 10 18 19 22 21 20 17 16 15 14 13 12 11 
1 2 3 4 5 6 7 8 9 10 18 20 21 22 19 17 16 15 14 13 12 11 
1 2 3 4 5 6 7 8 9 10 18 21 22 20 19 17 16 15 14 13 12 11 
1 2 3 4 5 6 7 8 9 10 19 20 22 21 18 17 16 15 14 13 12 11 
1 2 3 4 5 6 7 8 9 10 19 22 21 20 18 17 16 15 14 13 12 11 
1 2 3 4 5 6 7 8 9 11 12 13 14 15 16 22 21 20 19 18 17 10 
1 2 3 4 5 6 7 8 9 11 12 13 14 15 17 21 22 20 19 18 16 10 
1 2 3 4 5 6 7 8 9 11 12 13 14 15 22 21 20 19 18 17 16 10 
1 2 3 4 5 6 7 8 9 11 12 13 14 16 17 22 21 20 19 18 15 10 
1 2 3 4 5 6 7 8 9 11 12 13 14 16 21 22 20 19 18 17 15 10 
1 2 3 4 5 6 7 8 9 11 12 13 14 17 18 20 22 21 19 16 15 10 
1 2 3 4 5 6 7 8 9 11 12 13 14 20 21 22 19 18 17 16 15 10 
1 2 3 4 5 6 7 8 9 11 12 13 14 21 22 20 19 18 17 16 15 10 
1 2 3 4 5 6 7 8 9 11 12 13 15 16 17 21 22 20 19 18 14 10 
1 2 3 4 5 6 7 8 9 11 12 13 15 16 22 21 20 19 18 17 14 10 
1 2 3 4 5 6 7 8 9 11 12 13 15 17 18 20 21 22 19 16 14 10 
1 2 3 4 5 6 7 8 9 11 12 13 15 20 22 21 19 18 17 16 14 10 
1 2 3 4 5 6 7 8 9 11 12 13 15 22 21 20 19 18 17 16 14 10 
1 2 3 4 5 6 7 8 9 11 12 13 16 17 18 22 21 20 19 15 14 10 
1 2 3 4 5 6 7 8 9 11 12 13 16 17 20 22 21 19 18 15 14 10 
1 2 3 4 5 6 7 8 9 11 12 13 16 19 20 22 21 18 17 15 14 10 
1 2 3 4 5 6 7 8 9 11 12 13 16 20 21 22 19 18 17 15 14 10 
1 2 3 4 5 6 7 8 9 11 12 13 16 21 22 20 19 18 17 15 14 10 
1 2 3 4 5 6 7 8 9 11 12 13 17 19 20 21 22 18 16 15 14 10 
1 2 3 4 5 6 7 8 9 11 12 13 20 21 22 19 18 17 16 15 14 10 
1 2 3 4 5 6 7 8 9 11 12 13 21 22 20 19 18 17 16 15 14 10 
1 2 3 4 5 6 7 8 9 11 12 14 15 16 17 22 21 20 19 18 13 10 
1 2 3 4 5 6 7 8 9 11 12 14 15 16 21 22 20 19 18 17 13 10 
1 2 3 4 5 6 7 8 9 11 12 14 15 17 18 20 22 21 19 16 13 10 
1 2 3 4 5 6 7 8 9 11 12 14 15 20 21 22 19 18 17 16 13 10 
1 2 3 4 5 6 7 8 9 11 12 14 15 21 22 20 19 18 17 16 13 10 
1 2 3 4 5 6 7 8 9 11 12 14 16 17 18 21 22 20 19 15 13 10 
1 2 3 4 5 6 7 8 9 11 12 14 16 17 20 21 22 19 18 15 13 10 
1 2 3 4 5 6 7 8 9 11 12 14 16 19 20 21 22 18 17 15 13 10 
1 2 3 4 5 6 7 8 9 11 12 14 16 20 22 21 19 18 17 15 13 10 
1 2 3 4 5 6 7 8 9 11 12 14 16 22 21 20 19 18 17 15 13 10 
1 2 3 4 5 6 7 8 9 11 12 14 17 19 20 22 21 18 16 15 13 10 
1 2 3 4 5 6 7 8 9 11 12 14 20 22 21 19 18 17 16 15 13 10 
1 2 3 4 5 6 7 8 9 11 12 14 22 21 20 19 18 17 16 15 13 10 
1 2 3 4 5 6 7 8 9 11 12 15 16 17 22 21 20 19 18 14 13 10 
1 2 3 4 5 6 7 8 9 11 12 15 16 19 22 21 20 18 17 14 13 10 
1 2 3 4 5 6 7 8 9 11 12 15 16 20 21 22 19 18 17 14 13 10 
1 2 3 4 5 6 7 8 9 11 12 15 16 21 22 20 19 18 17 14 13 10 
1 2 3 4 5 6 7 8 9 11 12 15 17 20 22 21 19 18 16 14 13 10 
1 2 3 4 5 6 7 8 9 11 12 15 19 20 22 21 18 17 16 14 13 10 
1 2 3 4 5 6 7 8 9 11 12 15 20 21 22 19 18 17 16 14 13 10 
1 2 3 4 5 6 7 8 9 11 12 15 21 22 20 19 18 17 16 14 13 10 
1 2 3 4 5 6 7 8 9 11 12 16 17 18 19 22 21 20 15 14 13 10 
1 2 3 4 5 6 7 8 9 11 12 16 17 19 20 22 21 18 15 14 13 10 
1 2 3 4 5 6 7 8 9 11 12 16 17 20 21 22 19 18 15 14 13 10 
1 2 3 4 5 6 7 8 9 11 12 16 19 20 21 22 18 17 15 14 13 10 
1 2 3 4 5 6 7 8 9 11 12 18 19 20 21 22 17 16 15 14 13 10 
1 2 3 4 5 6 7 8 9 11 12 19 20 21 22 18 17 16 15 14 13 10 
1 2 3 4 5 6 7 8 9 11 12 19 21 22 20 18 17 16 15 14 13 10 
1 2 3 4 5 6 7 8 9 11 12 20 22 21 19 18 17 16 15 14 13 10 
1 2 3 4 5 6 7 8 9 11 13 14 15 16 17 21 22 20 19 18 12 10 
1 2 3 4 5 6 7 8 9 11 13 14 15 16 22 21 20 19 18 17 12 10 
1 2 3 4 5 6 7 8 9 11 13 14 15 17 18 20 21 22 19 16 12 10 
1 2 3 4 5 6 7 8 9 11 13 14 15 20 22 21 19 18 17 16 12 10 
1 2 3 4 5 6 7 8 9 11 13 14 15 22 21 20 19 18 17 16 12 10 
1 2 3 4 5 6 7 8 9 11 13 14 16 17 18 22 21 20 19 15 12 10 
1 2 3 4 5 6 7 8 9 11 13 14 16 17 20 22 21 19 18 15 12 10 
1 2 3 4 5 6 7 8 9 11 13 14 16 19 20 22 21 18 17 15 12 10 
1 2 3 4 5 6 7 8 9 11 13 14 16 20 21 22 19 18 17 15 12 10 
1 2 3 4 5 6 7 8 9 11 13 14 16 21 22 20 19 18 17 15 12 10 
1 2 3 4 5 6 7 8 9 11 13 14 17 19 20 21 22 18 16 15 12 10 
1 2 3 4 5 6 7 8 9 11 13 14 20 21 22 19 18 17 16 15 12 10 
1 2 3 4 5 6 7 8 9 11 13 14 21 22 20 19 18 17 16 15 12 10 
1 2 3 4 5 6 7 8 9 11 13 15 16 17 21 22 20 19 18 14 12 10 
1 2 3 4 5 6 7 8 9 11 13 15 16 19 21 22 20 18 17 14 12 10 
1 2 3 4 5 6 7 8 9 11 13 15 16 20 22 21 19 18 17 14 12 10 
1 2 3 4 5 6 7 8 9 11 13 15 16 22 21 20 19 18 17 14 12 10 
1 2 3 4 5 6 7 8 9 11 13 15 17 20 21 22 19 18 16 14 12 10 
1 2 3 4 5 6 7 8 9 11 13 15 19 20 21 22 18 17 16 14 12 10 
1 2 3 4 5 6 7 8 9 11 13 15 20 22 21 19 18 17 16 14 12 10 
1 2 3 4 5 6 7 8 9 11 13 15 22 21 20 19 18 17 16 14 12 10 
1 2 3 4 5 6 7 8 9 11 13 16 17 18 19 21 22 20 15 14 12 10 
1 2 3 4 5 6 7 8 9 11 13 16 17 19 20 21 22 18 15 14 12 10 
1 2 3 4 5 6 7 8 9 11 13 16 17 20 22 21 19 18 15 14 12 10 
1 2 3 4 5 6 7 8 9 11 13 16 19 20 22 21 18 17 15 14 12 10 
1 2 3 4 5 6 7 8 9 11 13 18 19 20 22 21 17 16 15 14 12 10 
1 2 3 4 5 6 7 8 9 11 13 19 20 22 21 18 17 16 15 14 12 10 
1 2 3 4 5 6 7 8 9 11 13 19 22 21 20 18 17 16 15 14 12 10 
1 2 3 4 5 6 7 8 9 11 13 20 21 22 19 18 17 16 15 14 12 10 
1 2 3 4 5 6 7 8 9 11 14 15 16 17 18 20 22 21 19 13 12 10 
1 2 3 4 5 6 7 8 9 11 14 15 16 20 21 22 19 18 17 13 12 10 
1 2 3 4 5 6 7 8 9 11 14 15 16 21 22 20 19 18 17 13 12 10 
1 2 3 4 5 6 7 8 9 11 14 15 17 19 21 22 20 18 16 13 12 10 
1 2 3 4 5 6 7 8 9 11 14 15 17 22 21 20 19 18 16 13 12 10 
1 2 3 4 5 6 7 8 9 11 14 15 19 22 21 20 18 17 16 13 12 10 
1 2 3 4 5 6 7 8 9 11 14 15 20 21 22 19 18 17 16 13 12 10 
1 2 3 4 5 6 7 8 9 11 14 15 21 22 20 19 18 17 16 13 12 10 
1 2 3 4 5 6 7 8 9 11 14 16 17 19 22 21 20 18 15 13 12 10 
1 2 3 4 5 6 7 8 9 11 14 16 20 22 21 19 18 17 15 13 12 10 
1 2 3 4 5 6 7 8 9 11 14 18 20 22 21 19 17 16 15 13 12 10 
1 2 3 4 5 6 7 8 9 11 14 19 20 21 22 18 17 16 15 13 12 10 
1 2 3 4 5 6 7 8 9 11 14 19 21 22 20 18 17 16 15 13 12 10 
1 2 3 4 5 6 7 8 9 11 14 20 22 21 19 18 17 16 15 13 12 10 
1 2 3 4 5 6 7 8 9 11 14 22 21 20 19 18 17 16 15 13 12 10 
1 2 3 4 5 6 7 8 9 11 15 16 17 18 22 21 20 19 14 13 12 10 
1 2 3 4 5 6 7 8 9 11 15 16 17 19 20 21 22 18 14 13 12 10 
1 2 3 4 5 6 7 8 9 11 15 16 17 19 21 22 20 18 14 13 12 10 
1 2 3 4 5 6 7 8 9 11 15 16 17 20 22 21 19 18 14 13 12 10 
1 2 3 4 5 6 7 8 9 11 15 16 18 19 22 21 20 17 14 13 12 10 
1 2 3 4 5 6 7 8 9 11 15 16 19 20 22 21 18 17 14 13 12 10 
1 2 3 4 5 6 7 8 9 11 15 16 20 21 22 19 18 17 14 13 12 10 
1 2 3 4 5 6 7 8 9 11 15 18 19 20 22 21 17 16 14 13 12 10 
1 2 3 4 5 6 7 8 9 11 15 18 20 21 22 19 17 16 14 13 12 10 
1 2 3 4 5 6 7 8 9 11 15 19 20 22 21 18 17 16 14 13 12 10 
1 2 3 4 5 6 7 8 9 11 15 19 22 21 20 18 17 16 14 13 12 10 
1 2 3 4 5 6 7 8 9 11 15 20 21 22 19 18 17 16 14 13 12 10 
1 2 3 4 5 6 7 8 9 11 15 21 22 20 19 18 17 16 14 13 12 10 
1 2 3 4 5 6 7 8 9 11 16 17 18 19 20 22 21 15 14 13 12 10 
1 2 3 4 5 6 7 8 9 11 16 18 19 20 21 22 17 15 14 13 12 10 
1 2 3 4 5 6 7 8 9 11 16 18 20 22 21 19 17 15 14 13 12 10 
1 2 3 4 5 6 7 8 9 11 16 19 20 21 22 18 17 15 14 13 12 10 
1 2 3 4 5 6 7 8 9 11 18 19 20 21 22 17 16 15 14 13 12 10 
1 2 3 4 5 6 7 8 9 11 19 20 21 22 18 17 16 15 14 13 12 10 
1 2 3 4 5 6 7 8 9 11 19 21 22 20 18 17 16 15 14 13 12 10 
1 2 3 4 5 6 7 8 9 11 20 22 21 19 18 17 16 15 14 13 12 10 
1 2 3 4 5 6 7 8 9 12 13 14 15 16 17 22 21 20 19 18 11 10 
1 2 3 4 5 6 7 8 9 12 13 14 15 16 21 22 20 19 18 17 11 10 
1 2 3 4 5 6 7 8 9 12 13 14 15 17 18 20 22 21 19 16 11 10 
1 2 3 4 5 6 7 8 9 12 13 14 15 20 21 22 19 18 17 16 11 10 
1 2 3 4 5 6 7 8 9 12 13 14 15 21 22 20 19 18 17 16 11 10 
1 2 3 4 5 6 7 8 9 12 13 14 16 17 18 21 22 20 19 15 11 10 
1 2 3 4 5 6 7 8 9 12 13 14 16 17 20 21 22 19 18 15 11 10 
1 2 3 4 5 6 7 8 9 12 13 14 16 19 20 21 22 18 17 15 11 10 
1 2 3 4 5 6 7 8 9 12 13 14 16 20 22 21 19 18 17 15 11 10 
1 2 3 4 5 6 7 8 9 12 13 14 16 22 21 20 19 18 17 15 11 10 
1 2 3 4 5 6 7 8 9 12 13 14 17 19 20 22 21 18 16 15 11 10 
1 2 3 4 5 6 7 8 9 12 13 14 20 22 21 19 18 17 16 15 11 10 
1 2 3 4 5 6 7 8 9 12 13 14 22 21 20 19 18 17 16 15 11 10 
1 2 3 4 5 6 7 8 9 12 13 15 16 17 22 21 20 19 18 14 11 10 
1 2 3 4 5 6 7 8 9 12 13 15 16 19 22 21 20 18 17 14 11 10 
1 2 3 4 5 6 7 8 9 12 13 15 16 20 21 22 19 18 17 14 11 10 
1 2 3 4 5 6 7 8 9 12 13 15 16 21 22 20 19 18 17 14 11 10 
1 2 3 4 5 6 7 8 9 12 13 15 17 20 22 21 19 18 16 14 11 10 
1 2 3 4 5 6 7 8 9 12 13 15 19 20 22 21 18 17 16 14 11 10 
1 2 3 4 5 6 7 8 9 12 13 15 20 21 22 19 18 17 16 14 11 10 
1 2 3 4 5 6 7 8 9 12 13 15 21 22 20 19 18 17 16 14 11 10 
1 2 3 4 5 6 7 8 9 12 13 16 17 18 19 22 21 20 15 14 11 10 
1 2 3 4 5 6 7 8 9 12 13 16 17 19 20 22 21 18 15 14 11 10 
1 2 3 4 5 6 7 8 9 12 13 16 17 20 21 22 19 18 15 14 11 10 
1 2 3 4 5 6 7 8 9 12 13 16 19 20 21 22 18 17 15 14 11 10 
1 2 3 4 5 6 7 8 9 12 13 18 19 20 21 22 17 16 15 14 11 10 
1 2 3 4 5 6 7 8 9 12 13 19 20 21 22 18 17 16 15 14 11 10 
1 2 3 4 5 6 7 8 9 12 13 19 21 22 20 18 17 16 15 14 11 10 
1 2 3 4 5 6 7 8 9 12 13 20 22 21 19 18 17 16 15 14 11 10 
1 2 3 4 5 6 7 8 9 12 14 15 16 17 18 20 21 22 19 13 11 10 
1 2 3 4 5 6 7 8 9 12 14 15 16 20 22 21 19 18 17 13 11 10 
1 2 3 4 5 6 7 8 9 12 14 15 16 22 21 20 19 18 17 13 11 10 
1 2 3 4 5 6 7 8 9 12 14 15 17 19 22 21 20 18 16 13 11 10 
1 2 3 4 5 6 7 8 9 12 14 15 17 21 22 20 19 18 16 13 11 10 
1 2 3 4 5 6 7 8 9 12 14 15 19 21 22 20 18 17 16 13 11 10 
1 2 3 4 5 6 7 8 9 12 14 15 20 22 21 19 18 17 16 13 11 10 
1 2 3 4 5 6 7 8 9 12 14 15 22 21 20 19 18 17 16 13 11 10 
1 2 3 4 5 6 7 8 9 12 14 16 17 19 21 22 20 18 15 13 11 10 
1 2 3 4 5 6 7 8 9 12 14 16 20 21 22 19 18 17 15 13 11 10 
1 2 3 4 5 6 7 8 9 12 14 18 20 21 22 19 17 16 15 13 11 10 
1 2 3 4 5 6 7 8 9 12 14 19 20 22 21 18 17 16 15 13 11 10 
1 2 3 4 5 6 7 8 9 12 14 19 22 21 20 18 17 16 15 13 11 10 
1 2 3 4 5 6 7 8 9 12 14 20 21 22 19 18 17 16 15 13 11 10 
1 2 3 4 5 6 7 8 9 12 14 21 22 20 19 18 17 16 15 13 11 10 
1 2 3 4 5 6 7 8 9 12 15 16 17 18 21 22 20 19 14 13 11 10 
1 2 3 4 5 6 7 8 9 12 15 16 17 19 20 22 21 18 14 13 11 10 
1 2 3 4 5 6 7 8 9 12 15 16 17 19 22 21 20 18 14 13 11 10 
1 2 3 4 5 6 7 8 9 12 15 16 17 20 21 22 19 18 14 13 11 10 
1 2 3 4 5 6 7 8 9 12 15 16 18 19 21 22 20 17 14 13 11 10 
1 2 3 4 5 6 7 8 9 12 15 16 19 20 21 22 18 17 14 13 11 10 
1 2 3 4 5 6 7 8 9 12 15 16 20 22 21 19 18 17 14 13 11 10 
1 2 3 4 5 6 7 8 9 12 15 18 19 20 21 22 17 16 14 13 11 10 
1 2 3 4 5 6 7 8 9 12 15 18 20 22 21 19 17 16 14 13 11 10 
1 2 3 4 5 6 7 8 9 12 15 19 20 21 22 18 17 16 14 13 11 10 
1 2 3 4 5 6 7 8 9 12 15 19 21 22 20 18 17 16 14 13 11 10 
1 2 3 4 5 6 7 8 9 12 15 20 22 21 19 18 17 16 14 13 11 10 
1 2 3 4 5 6 7 8 9 12 15 22 21 20 19 18 17 16 14 13 11 10 
1 2 3 4 5 6 7 8 9 12 16 17 18 19 20 21 22 15 14 13 11 10 
1 2 3 4 5 6 7 8 9 12 16 18 19 20 22 21 17 15 14 13 11 10 
1 2 3 4 5 6 7 8 9 12 16 18 20 21 22 19 17 15 14 13 11 10 
1 2 3 4 5 6 7 8 9 12 16 19 20 22 21 18 17 15 14 13 11 10 
1 2 3 4 5 6 7 8 9 12 18 19 20 22 21 17 16 15 14 13 11 10 
1 2 3 4 5 6 7 8 9 12 19 20 22 21 18 17 16 15 14 13 11 10 
1 2 3 4 5 6 7 8 9 12 19 22 21 20 18 17 16 15 14 13 11 10 
1 2 3 4 5 6 7 8 9 12 20 21 22 19 18 17 16 15 14 13 11 10 
1 2 3 4 5 6 7 8 9 13 14 15 16 17 18 22 21 20 19 12 11 10 
1 2 3 4 5 6 7 8 9 13 14 15 16 17 20 22 21 19 18 12 11 10 
1 2 3 4 5 6 7 8 9 13 14 15 16 19 20 22 21 18 17 12 11 10 
1 2 3 4 5 6 7 8 9 13 14 15 16 20 21 22 19 18 17 12 11 10 
1 2 3 4 5 6 7 8 9 13 14 15 16 21 22 20 19 18 17 12 11 10 
1 2 3 4 5 6 7 8 9 13 14 15 17 19 20 21 22 18 16 12 11 10 
1 2 3 4 5 6 7 8 9 13 14 15 20 21 22 19 18 17 16 12 11 10 
1 2 3 4 5 6 7 8 9 13 14 15 21 22 20 19 18 17 16 12 11 10 
1 2 3 4 5 6 7 8 9 13 14 16 17 18 19 20 22 21 15 12 11 10 
1 2 3 4 5 6 7 8 9 13 14 16 17 21 22 20 19 18 15 12 11 10 
1 2 3 4 5 6 7 8 9 13 14 16 19 21 22 20 18 17 15 12 11 10 
1 2 3 4 5 6 7 8 9 13 14 16 22 21 20 19 18 17 15 12 11 10 
1 2 3 4 5 6 7 8 9 13 14 18 19 21 22 20 17 16 15 12 11 10 
1 2 3 4 5 6 7 8 9 13 14 18 22 21 20 19 17 16 15 12 11 10 
1 2 3 4 5 6 7 8 9 13 14 19 20 21 22 18 17 16 15 12 11 10 
1 2 3 4 5 6 7 8 9 13 14 19 21 22 20 18 17 16 15 12 11 10 
1 2 3 4 5 6 7 8 9 13 14 22 21 20 19 18 17 16 15 12 11 10 
1 2 3 4 5 6 7 8 9 13 15 16 17 19 20 21 22 18 14 12 11 10 
1 2 3 4 5 6 7 8 9 13 15 16 17 19 21 22 20 18 14 12 11 10 
1 2 3 4 5 6 7 8 9 13 15 16 17 22 21 20 19 18 14 12 11 10 
1 2 3 4 5 6 7 8 9 13 15 16 19 22 21 20 18 17 14 12 11 10 
1 2 3 4 5 6 7 8 9 13 15 17 18 19 21 22 20 16 14 12 11 10 
1 2 3 4 5 6 7 8 9 13 15 18 19 22 21 20 17 16 14 12 11 10 
1 2 3 4 5 6 7 8 9 13 15 19 20 22 21 18 17 16 14 12 11 10 
1 2 3 4 5 6 7 8 9 13 15 19 22 21 20 18 17 16 14 12 11 10 
1 2 3 4 5 6 7 8 9 13 15 20 21 22 19 18 17 16 14 12 11 10 
1 2 3 4 5 6 7 8 9 13 15 21 22 20 19 18 17 16 14 12 11 10 
1 2 3 4 5 6 7 8 9 13 16 17 18 19 22 21 20 15 14 12 11 10 
1 2 3 4 5 6 7 8 9 13 16 18 22 21 20 19 17 15 14 12 11 10 
1 2 3 4 5 6 7 8 9 13 16 20 22 21 19 18 17 15 14 12 11 10 
1 2 3 4 5 6 7 8 9 13 18 20 22 21 19 17 16 15 14 12 11 10 
1 2 3 4 5 6 7 8 9 13 19 20 21 22 18 17 16 15 14 12 11 10 
1 2 3 4 5 6 7 8 9 13 19 21 22 20 18 17 16 15 14 12 11 10 
1 2 3 4 5 6 7 8 9 13 20 22 21 19 18 17 16 15 14 12 11 10 
1 2 3 4 5 6 7 8 9 13 22 21 20 19 18 17 16 15 14 12 11 10 
1 2 3 4 5 6 7 8 9 14 15 16 17 20 21 22 19 18 13 12 11 10 
1 2 3 4 5 6 7 8 9 14 15 16 17 21 22 20 19 18 13 12 11 10 
1 2 3 4 5 6 7 8 9 14 15 16 18 22 21 20 19 17 13 12 11 10 
1 2 3 4 5 6 7 8 9 14 15 16 19 20 21 22 18 17 13 12 11 10 
1 2 3 4 5 6 7 8 9 14 15 16 19 21 22 20 18 17 13 12 11 10 
1 2 3 4 5 6 7 8 9 14 15 16 20 22 21 19 18 17 13 12 11 10 
1 2 3 4 5 6 7 8 9 14 15 17 19 22 21 20 18 16 13 12 11 10 
1 2 3 4 5 6 7 8 9 14 15 18 19 20 21 22 17 16 13 12 11 10 
1 2 3 4 5 6 7 8 9 14 15 18 19 21 22 20 17 16 13 12 11 10 
1 2 3 4 5 6 7 8 9 14 15 18 20 22 21 19 17 16 13 12 11 10 
1 2 3 4 5 6 7 8 9 14 15 19 20 21 22 18 17 16 13 12 11 10 
1 2 3 4 5 6 7 8 9 14 15 19 21 22 20 18 17 16 13 12 11 10 
1 2 3 4 5 6 7 8 9 14 15 20 22 21 19 18 17 16 13 12 11 10 
1 2 3 4 5 6 7 8 9 14 15 22 21 20 19 18 17 16 13 12 11 10 
1 2 3 4 5 6 7 8 9 14 16 18 19 20 22 21 17 15 13 12 11 10 
1 2 3 4 5 6 7 8 9 14 16 18 19 22 21 20 17 15 13 12 11 10 
1 2 3 4 5 6 7 8 9 14 16 18 21 22 20 19 17 15 13 12 11 10 
1 2 3 4 5 6 7 8 9 14 16 19 20 22 21 18 17 15 13 12 11 10 
1 2 3 4 5 6 7 8 9 14 16 20 21 22 19 18 17 15 13 12 11 10 
1 2 3 4 5 6 7 8 9 14 18 19 20 22 21 17 16 15 13 12 11 10 
1 2 3 4 5 6 7 8 9 14 18 20 21 22 19 17 16 15 13 12 11 10 
1 2 3 4 5 6 7 8 9 14 19 20 22 21 18 17 16 15 13 12 11 10 
1 2 3 4 5 6 7 8 9 14 19 22 21 20 18 17 16 15 13 12 11 10 
1 2 3 4 5 6 7 8 9 14 20 21 22 19 18 17 16 15 13 12 11 10 
1 2 3 4 5 6 7 8 9 14 21 22 20 19 18 17 16 15 13 12 11 10 
1 2 3 4 5 6 7 8 9 15 16 17 18 19 22 21 20 14 13 12 11 10 
1 2 3 4 5 6 7 8 9 15 16 17 19 20 22 21 18 14 13 12 11 10 
1 2 3 4 5 6 7 8 9 15 16 18 19 20 21 22 17 14 13 12 11 10 
1 2 3 4 5 6 7 8 9 15 16 18 19 21 22 20 17 14 13 12 11 10 
1 2 3 4 5 6 7 8 9 15 16 19 20 21 22 18 17 14 13 12 11 10 
1 2 3 4 5 6 7 8 9 15 16 20 22 21 19 18 17 14 13 12 11 10 
1 2 3 4 5 6 7 8 9 15 17 18 19 20 22 21 16 14 13 12 11 10 
1 2 3 4 5 6 7 8 9 15 18 19 20 21 22 17 16 14 13 12 11 10 
1 2 3 4 5 6 7 8 9 15 18 20 22 21 19 17 16 14 13 12 11 10 
1 2 3 4 5 6 7 8 9 15 19 20 21 22 18 17 16 14 13 12 11 10 
1 2 3 4 5 6 7 8 9 16 17 18 19 20 21 22 15 14 13 12 11 10 
1 2 3 4 5 6 7 8 9 17 18 19 20 21 22 16 15 14 13 12 11 10 
1 2 3 4 5 6 7 8 9 17 18 20 22 21 19 16 15 14 13 12 11 10 
1 2 3 4 5 6 7 8 9 17 19 20 21 22 18 16 15 14 13 12 11 10 
1 2 3 4 5 6 7 8 9 18 19 20 22 21 17 16 15 14 13 12 11 10 
1 2 3 4 5 6 7 8 9 18 19 22 21 20 17 16 15 14 13 12 11 10 
1 2 3 4 5 6 7 8 9 18 20 21 22 19 17 16 15 14 13 12 11 10 
1 2 3 4 5 6 7 8 9 18 21 22 20 19 17 16 15 14 13 12 11 10 
1 2 3 4 5 6 7 8 9 19 20 22 21 18 17 16 15 14 13 12 11 10 
1 2 3 4 5 6 7 8 9 19 22 21 20 18 17 16 15 14 13 12 11 10 
1 2 3 4 5 6 7 8 10 11 12 13 14 22 21 20 19 18 17 16 15 9 
1 2 3 4 5 6 7 8 10 11 12 13 15 21 22 20 19 18 17 16 14 9 
1 2 3 4 5 6 7 8 10 11 12 13 22 21 20 19 18 17 16 15 14 9 
1 2 3 4 5 6 7 8 10 11 12 14 15 22 21 20 19 18 17 16 13 9 
1 2 3 4 5 6 7 8 10 11 12 14 21 22 20 19 18 17 16 15 13 9 
1 2 3 4 5 6 7 8 10 11 12 15 16 20 22 21 19 18 17 14 13 9 
1 2 3 4 5 6 7 8 10 11 12 20 21 22 19 18 17 16 15 14 13 9 
1 2 3 4 5 6 7 8 10 11 12 21 22 20 19 18 17 16 15 14 13 9 
1 2 3 4 5 6 7 8 10 11 13 14 15 21 22 20 19 18 17 16 12 9 
1 2 3 4 5 6 7 8 10 11 13 14 22 21 20 19 18 17 16 15 12 9 
1 2 3 4 5 6 7 8 10 11 13 15 16 20 21 22 19 18 17 14 12 9 
1 2 3 4 5 6 7 8 10 11 13 20 22 21 19 18 17 16 15 14 12 9 
1 2 3 4 5 6 7 8 10 11 13 22 21 20 19 18 17 16 15 14 12 9 
1 2 3 4 5 6 7 8 10 11 14 15 16 22 21 20 19 18 17 13 12 9 
1 2 3 4 5 6 7 8 10 11 14 15 20 22 21 19 18 17 16 13 12 9 
1 2 3 4 5 6 7 8 10 11 14 19 20 22 21 18 17 16 15 13 12 9 
1 2 3 4 5 6 7 8 10 11 14 20 21 22 19 18 17 16 15 13 12 9 
1 2 3 4 5 6 7 8 10 11 14 21 22 20 19 18 17 16 15 13 12 9 
1 2 3 4 5 6 7 8 10 11 15 16 17 19 22 21 20 18 14 13 12 9 
1 2 3 4 5 6 7 8 10 11 15 19 20 21 22 18 17 16 14 13 12 9 
1 2 3 4 5 6 7 8 10 11 20 21 22 19 18 17 16 15 14 13 12 9 
1 2 3 4 5 6 7 8 10 11 21 22 20 19 18 17 16 15 14 13 12 9 
1 2 3 4 5 6 7 8 10 12 13 14 15 22 21 20 19 18 17 16 11 9 
1 2 3 4 5 6 7 8 10 12 13 14 21 22 20 19 18 17 16 15 11 9 
1 2 3 4 5 6 7 8 10 12 13 15 16 20 22 21 19 18 17 14 11 9 
1 2 3 4 5 6 7 8 10 12 13 20 21 22 19 18 17 16 15 14 11 9 
1 2 3 4 5 6 7 8 10 12 13 21 22 20 19 18 17 16 15 14 11 9 
1 2 3 4 5 6 7 8 10 12 14 15 16 21 22 20 19 18 17 13 11 9 
1 2 3 4 5 6 7 8 10 12 14 15 20 21 22 19 18 17 16 13 11 9 
1 2 3 4 5 6 7 8 10 12 14 19 20 21 22 18 17 16 15 13 11 9 
1 2 3 4 5 6 7 8 10 12 14 20 22 21 19 18 17 16 15 13 11 9 
1 2 3 4 5 6 7 8 10 12 14 22 21 20 19 18 17 16 15 13 11 9 
1 2 3 4 5 6 7 8 10 12 15 16 17 19 21 22 20 18 14 13 11 9 
1 2 3 4 5 6 7 8 10 12 15 19 20 22 21 18 17 16 14 13 11 9 
1 2 3 4 5 6 7 8 10 12 20 22 21 19 18 17 16 15 14 13 11 9 
1 2 3 4 5 6 7 8 10 12 22 21 20 19 18 17 16 15 14 13 11 9 
1 2 3 4 5 6 7 8 10 13 14 15 22 21 20 19 18 17 16 12 11 9 
1 2 3 4 5 6 7 8 10 13 14 19 22 21 20 18 17 16 15 12 11 9 
1 2 3 4 5 6 7 8 10 13 14 20 21 22 19 18 17 16 15 12 11 9 
1 2 3 4 5 6 7 8 10 13 14 21 22 20 19 18 17 16 15 12 11 9 
1 2 3 4 5 6 7 8 10 13 15 20 22 21 19 18 17 16 14 12 11 9 
1 2 3 4 5 6 7 8 10 13 19 20 22 21 18 17 16 15 14 12 11 9 
1 2 3 4 5 6 7 8 10 13 20 21 22 19 18 17 16 15 14 12 11 9 
1 2 3 4 5 6 7 8 10 13 21 22 20 19 18 17 16 15 14 12 11 9 
1 2 3 4 5 6 7 8 10 14 15 16 17 22 21 20 19 18 13 12 11 9 
1 2 3 4 5 6 7 8 10 14 15 16 19 22 21 20 18 17 13 12 11 9 
1 2 3 4 5 6 7 8 10 14 15 18 19 22 21 20 17 16 13 12 11 9 
1 2 3 4 5 6 7 8 10 14 15 19 20 22 21 18 17 16 13 12 11 9 
1 2 3 4 5 6 7 8 10 14 15 20 21 22 19 18 17 16 13 12 11 9 
1 2 3 4 5 6 7 8 10 14 19 20 21 22 18 17 16 15 13 12 11 9 
1 2 3 4 5 6 7 8 10 15 16 18 19 20 22 21 17 14 13 12 11 9 
1 2 3 4 5 6 7 8 10 18 19 20 21 22 17 16 15 14 13 12 11 9 
1 2 3 4 5 6 7 8 10 19 20 21 22 18 17 16 15 14 13 12 11 9 
1 2 3 4 5 6 7 8 10 19 21 22 20 18 17 16 15 14 13 12 11 9 
1 2 3 4 5 6 7 8 10 20 22 21 19 18 17 16 15 14 13 12 11 9 
1 2 3 4 5 6 7 8 11 12 13 14 15 21 22 20 19 18 17 16 10 9 
1 2 3 4 5 6 7 8 11 12 13 14 22 21 20 19 18 17 16 15 10 9 
1 2 3 4 5 6 7 8 11 12 13 15 16 20 21 22 19 18 17 14 10 9 
1 2 3 4 5 6 7 8 11 12 13 20 22 21 19 18 17 16 15 14 10 9 
1 2 3 4 5 6 7 8 11 12 13 22 21 20 19 18 17 16 15 14 10 9 
1 2 3 4 5 6 7 8 11 12 14 15 16 22 21 20 19 18 17 13 10 9 
1 2 3 4 5 6 7 8 11 12 14 15 20 22 21 19 18 17 16 13 10 9 
1 2 3 4 5 6 7 8 11 12 14 19 20 22 21 18 17 16 15 13 10 9 
1 2 3 4 5 6 7 8 11 12 14 20 21 22 19 18 17 16 15 13 10 9 
1 2 3 4 5 6 7 8 11 12 14 21 22 20 19 18 17 16 15 13 10 9 
1 2 3 4 5 6 7 8 11 12 15 16 17 19 22 21 20 18 14 13 10 9 
1 2 3 4 5 6 7 8 11 12 15 19 20 21 22 18 17 16 14 13 10 9 
1 2 3 4 5 6 7 8 11 12 20 21 22 19 18 17 16 15 14 13 10 9 
1 2 3 4 5 6 7 8 11 12 21 22 20 19 18 17 16 15 14 13 10 9 
1 2 3 4 5 6 7 8 11 13 14 15 21 22 20 19 18 17 16 12 10 9 
1 2 3 4 5 6 7 8 11 13 14 19 21 22 20 18 17 16 15 12 10 9 
1 2 3 4 5 6 7 8 11 13 14 20 22 21 19 18 17 16 15 12 10 9 
1 2 3 4 5 6 7 8 11 13 14 22 21 20 19 18 17 16 15 12 10 9 
1 2 3 4 5 6 7 8 11 13 15 20 21 22 19 18 17 16 14 12 10 9 
1 2 3 4 5 6 7 8 11 13 19 20 21 22 18 17 16 15 14 12 10 9 
1 2 3 4 5 6 7 8 11 13 20 22 21 19 18 17 16 15 14 12 10 9 
1 2 3 4 5 6 7 8 11 13 22 21 20 19 18 17 16 15 14 12 10 9 
1 2 3 4 5 6 7 8 11 14 15 16 17 21 22 20 19 18 13 12 10 9 
1 2 3 4 5 6 7 8 11 14 15 16 19 21 22 20 18 17 13 12 10 9 
1 2 3 4 5 6 7 8 11 14 15 18 19 21 22 20 17 16 13 12 10 9 
1 2 3 4 5 6 7 8 11 14 15 19 20 21 22 18 17 16 13 12 10 9 
1 2 3 4 5 6 7 8 11 14 15 20 22 21 19 18 17 16 13 12 10 9 
1 2 3 4 5 6 7 8 11 14 19 20 22 21 18 17 16 15 13 12 10 9 
1 2 3 4 5 6 7 8 11 15 16 18 19 20 21 22 17 14 13 12 10 9 
1 2 3 4 5 6 7 8 11 18 19 20 22 21 17 16 15 14 13 12 10 9 
1 2 3 4 5 6 7 8 11 19 20 22 21 18 17 16 15 14 13 12 10 9 
1 2 3 4 5 6 7 8 11 19 22 21 20 18 17 16 15 14 13 12 10 9 
1 2 3 4 5 6 7 8 11 20 21 22 19 18 17 16 15 14 13 12 10 9 
1 2 3 4 5 6 7 8 12 13 14 15 16 20 22 21 19 18 17 11 10 9 
1 2 3 4 5 6 7 8 12 13 14 20 21 22 19 18 17 16 15 11 10 9 
1 2 3 4 5 6 7 8 12 13 14 21 22 20 19 18 17 16 15 11 10 9 
1 2 3 4 5 6 7 8 12 13 15 16 17 19 20 22 21 18 14 11 10 9 
1 2 3 4 5 6 7 8 12 13 15 19 21 22 20 18 17 16 14 11 10 9 
1 2 3 4 5 6 7 8 12 13 15 22 21 20 19 18 17 16 14 11 10 9 
1 2 3 4 5 6 7 8 12 13 19 22 21 20 18 17 16 15 14 11 10 9 
1 2 3 4 5 6 7 8 12 13 20 21 22 19 18 17 16 15 14 11 10 9 
1 2 3 4 5 6 7 8 12 13 21 22 20 19 18 17 16 15 14 11 10 9 
1 2 3 4 5 6 7 8 12 14 15 19 22 21 20 18 17 16 13 11 10 9 
1 2 3 4 5 6 7 8 12 14 16 18 19 21 22 20 17 15 13 11 10 9 
1 2 3 4 5 6 7 8 12 14 20 22 21 19 18 17 16 15 13 11 10 9 
1 2 3 4 5 6 7 8 12 15 16 18 19 22 21 20 17 14 13 11 10 9 
1 2 3 4 5 6 7 8 12 18 20 22 21 19 17 16 15 14 13 11 10 9 
1 2 3 4 5 6 7 8 12 19 20 21 22 18 17 16 15 14 13 11 10 9 
1 2 3 4 5 6 7 8 12 19 21 22 20 18 17 16 15 14 13 11 10 9 
1 2 3 4 5 6 7 8 12 20 22 21 19 18 17 16 15 14 13 11 10 9 
1 2 3 4 5 6 7 8 12 22 21 20 19 18 17 16 15 14 13 11 10 9 
1 2 3 4 5 6 7 8 13 14 15 16 22 21 20 19 18 17 12 11 10 9 
1 2 3 4 5 6 7 8 13 14 15 18 22 21 20 19 17 16 12 11 10 9 
1 2 3 4 5 6 7 8 13 14 15 19 20 21 22 18 17 16 12 11 10 9 
1 2 3 4 5 6 7 8 13 14 15 19 21 22 20 18 17 16 12 11 10 9 
1 2 3 4 5 6 7 8 13 14 15 20 22 21 19 18 17 16 12 11 10 9 
1 2 3 4 5 6 7 8 13 14 16 19 22 21 20 18 17 15 12 11 10 9 
1 2 3 4 5 6 7 8 13 14 18 19 22 21 20 17 16 15 12 11 10 9 
1 2 3 4 5 6 7 8 13 14 19 20 22 21 18 17 16 15 12 11 10 9 
1 2 3 4 5 6 7 8 13 14 20 21 22 19 18 17 16 15 12 11 10 9 
1 2 3 4 5 6 7 8 13 18 19 20 22 21 17 16 15 14 12 11 10 9 
1 2 3 4 5 6 7 8 13 18 20 21 22 19 17 16 15 14 12 11 10 9 
1 2 3 4 5 6 7 8 13 19 20 22 21 18 17 16 15 14 12 11 10 9 
1 2 3 4 5 6 7 8 13 19 22 21 20 18 17 16 15 14 12 11 10 9 
1 2 3 4 5 6 7 8 13 20 21 22 19 18 17 16 15 14 12 11 10 9 
1 2 3 4 5 6 7 8 13 21 22 20 19 18 17 16 15 14 12 11 10 9 
1 2 3 4 5 6 7 8 14 15 16 17 18 22 21 20 19 13 12 11 10 9 
1 2 3 4 5 6 7 8 14 15 16 18 19 22 21 20 17 13 12 11 10 9 
1 2 3 4 5 6 7 8 14 15 16 19 20 22 21 18 17 13 12 11 10 9 
1 2 3 4 5 6 7 8 14 15 18 19 20 22 21 17 16 13 12 11 10 9 
1 2 3 4 5 6 7 8 14 17 18 19 20 22 21 16 15 13 12 11 10 9 
1 2 3 4 5 6 7 8 14 18 19 20 21 22 17 16 15 13 12 11 10 9 
1 2 3 4 5 6 7 8 14 18 20 22 21 19 17 16 15 13 12 11 10 9 
1 2 3 4 5 6 7 8 14 19 20 21 22 18 17 16 15 13 12 11 10 9 
1 2 3 4 5 6 7 8 15 17 18 19 20 21 22 16 14 13 12 11 10 9 
1 2 3 4 5 6 7 8 18 19 20 21 22 17 16 15 14 13 12 11 10 9 
1 2 3 4 5 6 7 8 19 20 21 22 18 17 16 15 14 13 12 11 10 9 
1 2 3 4 5 6 7 8 19 21 22 20 18 17 16 15 14 13 12 11 10 9 
1 2 3 4 5 6 7 8 20 22 21 19 18 17 16 15 14 13 12 11 10 9 
1 2 3 4 5 6 7 9 10 11 12 22 21 20 19 18 17 16 15 14 13 8 
1 2 3 4 5 6 7 9 10 11 13 21 22 20 19 18 17 16 15 14 12 8 
1 2 3 4 5 6 7 9 10 11 22 21 20 19 18 17 16 15 14 13 12 8 
1 2 3 4 5 6 7 9 10 12 13 22 21 20 19 18 17 16 15 14 11 8 
1 2 3 4 5 6 7 9 10 12 21 22 20 19 18 17 16 15 14 13 11 8 
1 2 3 4 5 6 7 9 10 13 14 20 22 21 19 18 17 16 15 12 11 8 
1 2 3 4 5 6 7 9 10 20 21 22 19 18 17 16 15 14 13 12 11 8 
1 2 3 4 5 6 7 9 10 21 22 20 19 18 17 16 15 14 13 12 11 8 
1 2 3 4 5 6 7 9 11 12 13 21 22 20 19 18 17 16 15 14 10 8 
1 2 3 4 5 6 7 9 11 12 22 21 20 19 18 17 16 15 14 13 10 8 
1 2 3 4 5 6 7 9 11 13 14 20 21 22 19 18 17 16 15 12 10 8 
1 2 3 4 5 6 7 9 11 20 22 21 19 18 17 16 15 14 13 12 10 8 
1 2 3 4 5 6 7 9 11 22 21 20 19 18 17 16 15 14 13 12 10 8 
1 2 3 4 5 6 7 9 12 13 14 22 21 20 19 18 17 16 15 11 10 8 
1 2 3 4 5 6 7 9 12 13 20 22 21 19 18 17 16 15 14 11 10 8 
1 2 3 4 5 6 7 9 12 19 20 22 21 18 17 16 15 14 13 11 10 8 
1 2 3 4 5 6 7 9 12 20 21 22 19 18 17 16 15 14 13 11 10 8 
1 2 3 4 5 6 7 9 12 21 22 20 19 18 17 16 15 14 13 11 10 8 
1 2 3 4 5 6 7 9 13 14 15 19 22 21 20 18 17 16 12 11 10 8 
1 2 3 4 5 6 7 9 13 19 20 21 22 18 17 16 15 14 12 11 10 8 
1 2 3 4 5 6 7 9 20 21 22 19 18 17 16 15 14 13 12 11 10 8 
1 2 3 4 5 6 7 9 21 22 20 19 18 17 16 15 14 13 12 11 10 8 
1 2 3 4 5 6 7 10 11 12 13 22 21 20 19 18 17 16 15 14 9 8 
1 2 3 4 5 6 7 10 11 12 21 22 20 19 18 17 16 15 14 13 9 8 
1 2 3 4 5 6 7 10 11 13 14 20 22 21 19 18 17 16 15 12 9 8 
1 2 3 4 5 6 7 10 11 20 21 22 19 18 17 16 15 14 13 12 9 8 
1 2 3 4 5 6 7 10 11 21 22 20 19 18 17 16 15 14 13 12 9 8 
1 2 3 4 5 6 7 10 12 13 14 21 22 20 19 18 17 16 15 11 9 8 
1 2 3 4 5 6 7 10 12 13 20 21 22 19 18 17 16 15 14 11 9 8 
1 2 3 4 5 6 7 10 12 19 20 21 22 18 17 16 15 14 13 11 9 8 
1 2 3 4 5 6 7 10 12 20 22 21 19 18 17 16 15 14 13 11 9 8 
1 2 3 4 5 6 7 10 12 22 21 20 19 18 17 16 15 14 13 11 9 8 
1 2 3 4 5 6 7 10 13 14 15 19 21 22 20 18 17 16 12 11 9 8 
1 2 3 4 5 6 7 10 13 19 20 22 21 18 17 16 15 14 12 11 9 8 
1 2 3 4 5 6 7 10 20 22 21 19 18 17 16 15 14 13 12 11 9 8 
1 2 3 4 5 6 7 10 22 21 20 19 18 17 16 15 14 13 12 11 9 8 
1 2 3 4 5 6 7 11 12 13 22 21 20 19 18 17 16 15 14 10 9 8 
1 2 3 4 5 6 7 11 12 19 22 21 20 18 17 16 15 14 13 10 9 8 
1 2 3 4 5 6 7 11 12 20 21 22 19 18 17 16 15 14 13 10 9 8 
1 2 3 4 5 6 7 11 12 21 22 20 19 18 17 16 15 14 13 10 9 8 
1 2 3 4 5 6 7 11 13 20 22 21 19 18 17 16 15 14 12 10 9 8 
1 2 3 4 5 6 7 11 19 20 22 21 18 17 16 15 14 13 12 10 9 8 
1 2 3 4 5 6 7 11 20 21 22 19 18 17 16 15 14 13 12 10 9 8 
1 2 3 4 5 6 7 11 21 22 20 19 18 17 16 15 14 13 12 10 9 8 
1 2 3 4 5 6 7 12 13 14 15 22 21 20 19 18 17 16 11 10 9 8 
1 2 3 4 5 6 7 12 13 14 19 22 21 20 18 17 16 15 11 10 9 8 
1 2 3 4 5 6 7 12 13 18 19 22 21 20 17 16 15 14 11 10 9 8 
1 2 3 4 5 6 7 12 13 19 20 22 21 18 17 16 15 14 11 10 9 8 
1 2 3 4 5 6 7 12 13 20 21 22 19 18 17 16 15 14 11 10 9 8 
1 2 3 4 5 6 7 12 19 20 21 22 18 17 16 15 14 13 11 10 9 8 
1 2 3 4 5 6 7 13 14 15 16 18 22 21 20 19 17 12 11 10 9 8 
1 2 3 4 5 6 7 13 14 18 19 20 22 21 17 16 15 12 11 10 9 8 
1 2 3 4 5 6 7 18 19 20 21 22 17 16 15 14 13 12 11 10 9 8 
1 2 3 4 5 6 7 19 20 21 22 18 17 16 15 14 13 12 11 10 9 8 
1 2 3 4 5 6 7 19 21 22 20 18 17 16 15 14 13 12 11 10 9 8 
1 2 3 4 5 6 7 20 22 21 19 18 17 16 15 14 13 12 11 10 9 8 
1 2 3 4 5 6 8 9 10 22 21 20 19 18 17 16 15 14 13 12 11 7 
1 2 3 4 5 6 8 9 11 21 22 20 19 18 17 16 15 14 13 12 10 7 
1 2 3 4 5 6 8 9 22 21 20 19 18 17 16 15 14 13 12 11 10 7 
1 2 3 4 5 6 8 10 11 22 21 20 19 18 17 16 15 14 13 12 9 7 
1 2 3 4 5 6 8 10 21 22 20 19 18 17 16 15 14 13 12 11 9 7 
1 2 3 4 5 6 8 11 12 20 22 21 19 18 17 16 15 14 13 10 9 7 
1 2 3 4 5 6 8 20 21 22 19 18 17 16 15 14 13 12 11 10 9 7 
1 2 3 4 5 6 8 21 22 20 19 18 17 16 15 14 13 12 11 10 9 7 
1 2 3 4 5 6 9 10 11 21 22 20 19 18 17 16 15 14 13 12 8 7 
1 2 3 4 5 6 9 10 22 21 20 19 18 17 16 15 14 13 12 11 8 7 
1 2 3 4 5 6 9 11 12 20 21 22 19 18 17 16 15 14 13 10 8 7 
1 2 3 4 5 6 9 20 22 21 19 18 17 16 15 14 13 12 11 10 8 7 
1 2 3 4 5 6 9 22 21 20 19 18 17 16 15 14 13 12 11 10 8 7 
1 2 3 4 5 6 10 11 12 22 21 20 19 18 17 16 15 14 13 9 8 7 
1 2 3 4 5 6 10 11 20 22 21 19 18 17 16 15 14 13 12 9 8 7 
1 2 3 4 5 6 10 19 20 22 21 18 17 16 15 14 13 12 11 9 8 7 
1 2 3 4 5 6 10 20 21 22 19 18 17 16 15 14 13 12 11 9 8 7 
1 2 3 4 5 6 10 21 22 20 19 18 17 16 15 14 13 12 11 9 8 7 
1 2 3 4 5 6 11 12 13 19 22 21 20 18 17 16 15 14 10 9 8 7 
1 2 3 4 5 6 11 19 20 21 22 18 17 16 15 14 13 12 10 9 8 7 
1 2 3 4 5 6 20 21 22 19 18 17 16 15 14 13 12 11 10 9 8 7 
1 2 3 4 5 6 21 22 20 19 18 17 16 15 14 13 12 11 10 9 8 7 
1 2 3 4 5 7 8 22 21 20 19 18 17 16 15 14 13 12 11 10 9 6 
1 2 3 4 5 7 9 21 22 20 19 18 17 16 15 14 13 12 11 10 8 6 
1 2 3 4 5 7 22 21 20 19 18 17 16 15 14 13 12 11 10 9 8 6 
1 2 3 4 5 8 9 22 21 20 19 18 17 16 15 14 13 12 11 10 7 6 
1 2 3 4 5 8 21 22 20 19 18 17 16 15 14 13 12 11 10 9 7 6 
1 2 3 4 5 9 10 20 22 21 19 18 17 16 15 14 13 12 11 8 7 6 
1 2 3 4 5 20 21 22 19 18 17 16 15 14 13 12 11 10 9 8 7 6 
1 2 3 4 5 21 22 20 19 18 17 16 15 14 13 12 11 10 9 8 7 6 
1 2 3 4 6 22 21 20 19 18 17 16 15 14 13 12 11 10 9 8 7 5 
1 2 3 4 7 21 22 20 19 18 17 16 15 14 13 12 11 10 9 8 6 5 
1 2 3 4 22 21 20 19 18 17 16 15 14 13 12 11 10 9 8 7 6 5 
1 2 3 22 21 20 19 18 17 16 15 14 13 12 11 10 9 8 7 6 5 4 
