1060
1 2 3 4 5 6 7 8 9 10 11 12 13 14 15 17 18 19 20 21 22 23 24 25 16 
1 2 3 4 5 6 7 8 9 10 11 12 13 14 15 17 18 19 20 21 22 24 25 23 16 
1 2 3 4 5 6 7 8 9 10 11 12 13 14 15 17 18 19 20 21 23 25 24 22 16 
1 2 3 4 5 6 7 8 9 10 11 12 13 14 15 17 18 19 20 22 23 24 25 21 16 
1 2 3 4 5 6 7 8 9 10 11 12 13 14 15 17 18 19 20 23 25 24 22 21 16 
1 2 3 4 5 6 7 8 9 10 11 12 13 14 15 17 18 19 21 22 23 25 24 20 16 
1 2 3 4 5 6 7 8 9 10 11 12 13 14 15 17 18 19 21 23 24 25 22 20 16 
1 2 3 4 5 6 7 8 9 10 11 12 13 14 15 17 18 19 22 23 25 24 21 20 16 
1 2 3 4 5 6 7 8 9 10 11 12 13 14 15 17 18 19 22 25 24 23 21 20 16 
1 2 3 4 5 6 7 8 9 10 11 12 13 14 15 17 18 20 21 22 23 24 25 19 16 
1 2 3 4 5 6 7 8 9 10 11 12 13 14 15 17 18 20 21 23 25 24 22 19 16 
1 2 3 4 5 6 7 8 9 10 11 12 13 14 15 17 18 20 22 23 24 25 21 19 16 
1 2 3 4 5 6 7 8 9 10 11 12 13 14 15 17 18 20 22 24 25 23 21 19 16 
1 2 3 4 5 6 7 8 9 10 11 12 13 14 15 17 18 21 22 25 24 23 20 19 16 
1 2 3 4 5 6 7 8 9 10 11 12 13 14 15 17 18 22 23 25 24 21 20 19 16 
1 2 3 4 5 6 7 8 9 10 11 12 13 14 15 17 18 22 25 24 23 21 20 19 16 
1 2 3 4 5 6 7 8 9 10 11 12 13 14 15 17 19 20 21 22 23 25 24 18 16 
1 2 3 4 5 6 7 8 9 10 11 12 13 14 15 17 19 20 21 23 24 25 22 18 16 
1 2 3 4 5 6 7 8 9 10 11 12 13 14 15 17 19 20 22 23 25 24 21 18 16 
1 2 3 4 5 6 7 8 9 10 11 12 13 14 15 17 19 20 22 25 24 23 21 18 16 
1 2 3 4 5 6 7 8 9 10 11 12 13 14 15 17 19 21 22 24 25 23 20 18 16 
1 2 3 4 5 6 7 8 9 10 11 12 13 14 15 17 19 22 23 24 25 21 20 18 16 
1 2 3 4 5 6 7 8 9 10 11 12 13 14 15 17 19 22 24 25 23 21 20 18 16 
1 2 3 4 5 6 7 8 9 10 11 12 13 14 15 17 20 21 22 23 25 24 19 18 16 
1 2 3 4 5 6 7 8 9 10 11 12 13 14 15 17 20 22 25 24 23 21 19 18 16 
1 2 3 4 5 6 7 8 9 10 11 12 13 14 15 17 21 22 24 25 23 20 19 18 16 
1 2 3 4 5 6 7 8 9 10 11 12 13 14 15 17 21 23 25 24 22 20 19 18 16 
1 2 3 4 5 6 7 8 9 10 11 12 13 14 15 17 21 25 24 23 22 20 19 18 16 
1 2 3 4 5 6 7 8 9 10 11 12 13 14 15 18 19 20 21 22 23 24 25 17 16 
1 2 3 4 5 6 7 8 9 10 11 12 13 14 15 18 19 20 21 23 25 24 22 17 16 
1 2 3 4 5 6 7 8 9 10 11 12 13 14 15 18 19 20 22 23 24 25 21 17 16 
1 2 3 4 5 6 7 8 9 10 11 12 13 14 15 18 19 20 22 24 25 23 21 17 16 
1 2 3 4 5 6 7 8 9 10 11 12 13 14 15 18 19 21 22 25 24 23 20 17 16 
1 2 3 4 5 6 7 8 9 10 11 12 13 14 15 18 19 22 23 25 24 21 20 17 16 
1 2 3 4 5 6 7 8 9 10 11 12 13 14 15 18 19 22 25 24 23 21 20 17 16 
1 2 3 4 5 6 7 8 9 10 11 12 13 14 15 18 20 21 22 23 24 25 19 17 16 
1 2 3 4 5 6 7 8 9 10 11 12 13 14 15 18 20 22 24 25 23 21 19 17 16 
1 2 3 4 5 6 7 8 9 10 11 12 13 14 15 18 21 22 25 24 23 20 19 17 16 
1 2 3 4 5 6 7 8 9 10 11 12 13 14 15 18 21 23 24 25 22 20 19 17 16 
1 2 3 4 5 6 7 8 9 10 11 12 13 14 15 18 21 24 25 23 22 20 19 17 16 
1 2 3 4 5 6 7 8 9 10 11 12 13 14 15 19 20 21 22 23 25 24 18 17 16 
1 2 3 4 5 6 7 8 9 10 11 12 13 14 15 19 20 21 22 25 24 23 18 17 16 
1 2 3 4 5 6 7 8 9 10 11 12 13 14 15 19 20 22 23 25 24 21 18 17 16 
1 2 3 4 5 6 7 8 9 10 11 12 13 14 15 19 21 22 23 24 25 20 18 17 16 
1 2 3 4 5 6 7 8 9 10 11 12 13 14 15 19 21 22 24 25 23 20 18 17 16 
1 2 3 4 5 6 7 8 9 10 11 12 13 14 15 19 21 25 24 23 22 20 18 17 16 
1 2 3 4 5 6 7 8 9 10 11 12 13 14 15 20 21 22 25 24 23 19 18 17 16 
1 2 3 4 5 6 7 8 9 10 11 12 13 14 15 20 21 24 25 23 22 19 18 17 16 
1 2 3 4 5 6 7 8 9 10 11 12 13 14 15 21 22 24 25 23 20 19 18 17 16 
1 2 3 4 5 6 7 8 9 10 11 12 13 14 15 21 23 25 24 22 20 19 18 17 16 
1 2 3 4 5 6 7 8 9 10 11 12 13 14 15 21 25 24 23 22 20 19 18 17 16 
1 2 3 4 5 6 7 8 9 10 11 12 13 14 16 17 18 19 20 21 22 23 25 24 15 
1 2 3 4 5 6 7 8 9 10 11 12 13 14 16 17 18 19 20 21 22 25 24 23 15 
1 2 3 4 5 6 7 8 9 10 11 12 13 14 16 17 18 19 20 21 23 24 25 22 15 
1 2 3 4 5 6 7 8 9 10 11 12 13 14 16 17 18 19 20 21 24 25 23 22 15 
1 2 3 4 5 6 7 8 9 10 11 12 13 14 16 17 18 19 20 22 23 25 24 21 15 
1 2 3 4 5 6 7 8 9 10 11 12 13 14 16 17 18 19 20 22 25 24 23 21 15 
1 2 3 4 5 6 7 8 9 10 11 12 13 14 16 17 18 19 20 23 24 25 22 21 15 
1 2 3 4 5 6 7 8 9 10 11 12 13 14 16 17 18 19 20 24 25 23 22 21 15 
1 2 3 4 5 6 7 8 9 10 11 12 13 14 16 17 18 19 21 22 23 24 25 20 15 
1 2 3 4 5 6 7 8 9 10 11 12 13 14 16 17 18 19 21 22 24 25 23 20 15 
1 2 3 4 5 6 7 8 9 10 11 12 13 14 16 17 18 19 21 23 25 24 22 20 15 
1 2 3 4 5 6 7 8 9 10 11 12 13 14 16 17 18 19 21 25 24 23 22 20 15 
1 2 3 4 5 6 7 8 9 10 11 12 13 14 16 17 18 19 22 23 24 25 21 20 15 
1 2 3 4 5 6 7 8 9 10 11 12 13 14 16 17 18 19 22 24 25 23 21 20 15 
1 2 3 4 5 6 7 8 9 10 11 12 13 14 16 17 18 19 23 25 24 22 21 20 15 
1 2 3 4 5 6 7 8 9 10 11 12 13 14 16 17 18 20 21 22 23 25 24 19 15 
1 2 3 4 5 6 7 8 9 10 11 12 13 14 16 17 18 20 21 22 25 24 23 19 15 
1 2 3 4 5 6 7 8 9 10 11 12 13 14 16 17 18 20 21 23 24 25 22 19 15 
1 2 3 4 5 6 7 8 9 10 11 12 13 14 16 17 18 20 21 24 25 23 22 19 15 
1 2 3 4 5 6 7 8 9 10 11 12 13 14 16 17 18 20 22 23 25 24 21 19 15 
1 2 3 4 5 6 7 8 9 10 11 12 13 14 16 17 18 20 22 25 24 23 21 19 15 
1 2 3 4 5 6 7 8 9 10 11 12 13 14 16 17 18 20 23 24 25 22 21 19 15 
1 2 3 4 5 6 7 8 9 10 11 12 13 14 16 17 18 21 22 23 24 25 20 19 15 
1 2 3 4 5 6 7 8 9 10 11 12 13 14 16 17 18 21 22 24 25 23 20 19 15 
1 2 3 4 5 6 7 8 9 10 11 12 13 14 16 17 18 21 23 25 24 22 20 19 15 
1 2 3 4 5 6 7 8 9 10 11 12 13 14 16 17 18 21 25 24 23 22 20 19 15 
1 2 3 4 5 6 7 8 9 10 11 12 13 14 16 17 18 22 23 24 25 21 20 19 15 
1 2 3 4 5 6 7 8 9 10 11 12 13 14 16 17 18 22 24 25 23 21 20 19 15 
1 2 3 4 5 6 7 8 9 10 11 12 13 14 16 17 18 23 25 24 22 21 20 19 15 
1 2 3 4 5 6 7 8 9 10 11 12 13 14 16 17 19 20 21 22 23 24 25 18 15 
1 2 3 4 5 6 7 8 9 10 11 12 13 14 16 17 19 20 21 22 24 25 23 18 15 
1 2 3 4 5 6 7 8 9 10 11 12 13 14 16 17 19 20 21 23 25 24 22 18 15 
1 2 3 4 5 6 7 8 9 10 11 12 13 14 16 17 19 20 21 25 24 23 22 18 15 
1 2 3 4 5 6 7 8 9 10 11 12 13 14 16 17 19 20 22 23 24 25 21 18 15 
1 2 3 4 5 6 7 8 9 10 11 12 13 14 16 17 19 20 22 24 25 23 21 18 15 
1 2 3 4 5 6 7 8 9 10 11 12 13 14 16 17 19 20 23 25 24 22 21 18 15 
1 2 3 4 5 6 7 8 9 10 11 12 13 14 16 17 19 21 22 23 25 24 20 18 15 
1 2 3 4 5 6 7 8 9 10 11 12 13 14 16 17 19 21 22 25 24 23 20 18 15 
1 2 3 4 5 6 7 8 9 10 11 12 13 14 16 17 19 21 23 24 25 22 20 18 15 
1 2 3 4 5 6 7 8 9 10 11 12 13 14 16 17 19 21 24 25 23 22 20 18 15 
1 2 3 4 5 6 7 8 9 10 11 12 13 14 16 17 19 22 23 25 24 21 20 18 15 
1 2 3 4 5 6 7 8 9 10 11 12 13 14 16 17 19 22 25 24 23 21 20 18 15 
1 2 3 4 5 6 7 8 9 10 11 12 13 14 16 17 19 23 24 25 22 21 20 18 15 
1 2 3 4 5 6 7 8 9 10 11 12 13 14 16 17 20 21 22 23 24 25 19 18 15 
1 2 3 4 5 6 7 8 9 10 11 12 13 14 16 17 20 21 22 24 25 23 19 18 15 
1 2 3 4 5 6 7 8 9 10 11 12 13 14 16 17 20 21 25 24 23 22 19 18 15 
1 2 3 4 5 6 7 8 9 10 11 12 13 14 16 17 20 22 23 24 25 21 19 18 15 
1 2 3 4 5 6 7 8 9 10 11 12 13 14 16 17 20 22 24 25 23 21 19 18 15 
1 2 3 4 5 6 7 8 9 10 11 12 13 14 16 17 20 23 25 24 22 21 19 18 15 
1 2 3 4 5 6 7 8 9 10 11 12 13 14 16 17 20 25 24 23 22 21 19 18 15 
1 2 3 4 5 6 7 8 9 10 11 12 13 14 16 17 21 22 23 25 24 20 19 18 15 
1 2 3 4 5 6 7 8 9 10 11 12 13 14 16 17 21 22 25 24 23 20 19 18 15 
1 2 3 4 5 6 7 8 9 10 11 12 13 14 16 17 21 23 24 25 22 20 19 18 15 
1 2 3 4 5 6 7 8 9 10 11 12 13 14 16 17 21 24 25 23 22 20 19 18 15 
1 2 3 4 5 6 7 8 9 10 11 12 13 14 16 17 22 23 25 24 21 20 19 18 15 
1 2 3 4 5 6 7 8 9 10 11 12 13 14 16 17 22 25 24 23 21 20 19 18 15 
1 2 3 4 5 6 7 8 9 10 11 12 13 14 16 18 19 20 21 22 23 25 24 17 15 
1 2 3 4 5 6 7 8 9 10 11 12 13 14 16 18 19 20 21 22 25 24 23 17 15 
1 2 3 4 5 6 7 8 9 10 11 12 13 14 16 18 19 20 21 23 24 25 22 17 15 
1 2 3 4 5 6 7 8 9 10 11 12 13 14 16 18 19 20 21 24 25 23 22 17 15 
1 2 3 4 5 6 7 8 9 10 11 12 13 14 16 18 19 20 22 23 25 24 21 17 15 
1 2 3 4 5 6 7 8 9 10 11 12 13 14 16 18 19 20 22 25 24 23 21 17 15 
1 2 3 4 5 6 7 8 9 10 11 12 13 14 16 18 19 20 23 24 25 22 21 17 15 
1 2 3 4 5 6 7 8 9 10 11 12 13 14 16 18 19 21 22 23 24 25 20 17 15 
1 2 3 4 5 6 7 8 9 10 11 12 13 14 16 18 19 21 22 24 25 23 20 17 15 
1 2 3 4 5 6 7 8 9 10 11 12 13 14 16 18 19 21 23 25 24 22 20 17 15 
1 2 3 4 5 6 7 8 9 10 11 12 13 14 16 18 19 21 25 24 23 22 20 17 15 
1 2 3 4 5 6 7 8 9 10 11 12 13 14 16 18 19 22 23 24 25 21 20 17 15 
1 2 3 4 5 6 7 8 9 10 11 12 13 14 16 18 19 22 24 25 23 21 20 17 15 
1 2 3 4 5 6 7 8 9 10 11 12 13 14 16 18 19 23 25 24 22 21 20 17 15 
1 2 3 4 5 6 7 8 9 10 11 12 13 14 16 18 20 21 22 23 25 24 19 17 15 
1 2 3 4 5 6 7 8 9 10 11 12 13 14 16 18 20 21 22 25 24 23 19 17 15 
1 2 3 4 5 6 7 8 9 10 11 12 13 14 16 18 20 21 24 25 23 22 19 17 15 
1 2 3 4 5 6 7 8 9 10 11 12 13 14 16 18 20 22 23 25 24 21 19 17 15 
1 2 3 4 5 6 7 8 9 10 11 12 13 14 16 18 20 22 25 24 23 21 19 17 15 
1 2 3 4 5 6 7 8 9 10 11 12 13 14 16 18 20 23 24 25 22 21 19 17 15 
1 2 3 4 5 6 7 8 9 10 11 12 13 14 16 18 20 24 25 23 22 21 19 17 15 
1 2 3 4 5 6 7 8 9 10 11 12 13 14 16 18 21 22 23 24 25 20 19 17 15 
1 2 3 4 5 6 7 8 9 10 11 12 13 14 16 18 21 22 24 25 23 20 19 17 15 
1 2 3 4 5 6 7 8 9 10 11 12 13 14 16 18 21 23 25 24 22 20 19 17 15 
1 2 3 4 5 6 7 8 9 10 11 12 13 14 16 18 21 25 24 23 22 20 19 17 15 
1 2 3 4 5 6 7 8 9 10 11 12 13 14 16 18 22 23 24 25 21 20 19 17 15 
1 2 3 4 5 6 7 8 9 10 11 12 13 14 16 18 22 24 25 23 21 20 19 17 15 
1 2 3 4 5 6 7 8 9 10 11 12 13 14 16 19 20 21 22 23 24 25 18 17 15 
1 2 3 4 5 6 7 8 9 10 11 12 13 14 16 19 20 21 22 24 25 23 18 17 15 
1 2 3 4 5 6 7 8 9 10 11 12 13 14 16 19 20 21 23 25 24 22 18 17 15 
1 2 3 4 5 6 7 8 9 10 11 12 13 14 16 19 20 22 23 24 25 21 18 17 15 
1 2 3 4 5 6 7 8 9 10 11 12 13 14 16 19 20 22 24 25 23 21 18 17 15 
1 2 3 4 5 6 7 8 9 10 11 12 13 14 16 19 20 25 24 23 22 21 18 17 15 
1 2 3 4 5 6 7 8 9 10 11 12 13 14 16 19 21 22 23 25 24 20 18 17 15 
1 2 3 4 5 6 7 8 9 10 11 12 13 14 16 19 21 22 25 24 23 20 18 17 15 
1 2 3 4 5 6 7 8 9 10 11 12 13 14 16 19 21 23 24 25 22 20 18 17 15 
1 2 3 4 5 6 7 8 9 10 11 12 13 14 16 19 21 24 25 23 22 20 18 17 15 
1 2 3 4 5 6 7 8 9 10 11 12 13 14 16 19 22 25 24 23 21 20 18 17 15 
1 2 3 4 5 6 7 8 9 10 11 12 13 14 16 20 21 22 23 24 25 19 18 17 15 
1 2 3 4 5 6 7 8 9 10 11 12 13 14 16 20 21 22 24 25 23 19 18 17 15 
1 2 3 4 5 6 7 8 9 10 11 12 13 14 16 20 21 23 25 24 22 19 18 17 15 
1 2 3 4 5 6 7 8 9 10 11 12 13 14 16 20 21 25 24 23 22 19 18 17 15 
1 2 3 4 5 6 7 8 9 10 11 12 13 14 16 20 22 24 25 23 21 19 18 17 15 
1 2 3 4 5 6 7 8 9 10 11 12 13 14 16 20 23 25 24 22 21 19 18 17 15 
1 2 3 4 5 6 7 8 9 10 11 12 13 14 16 20 25 24 23 22 21 19 18 17 15 
1 2 3 4 5 6 7 8 9 10 11 12 13 14 16 21 22 23 25 24 20 19 18 17 15 
1 2 3 4 5 6 7 8 9 10 11 12 13 14 16 21 22 25 24 23 20 19 18 17 15 
1 2 3 4 5 6 7 8 9 10 11 12 13 14 16 21 23 24 25 22 20 19 18 17 15 
1 2 3 4 5 6 7 8 9 10 11 12 13 14 16 21 24 25 23 22 20 19 18 17 15 
1 2 3 4 5 6 7 8 9 10 11 12 13 14 16 22 23 25 24 21 20 19 18 17 15 
1 2 3 4 5 6 7 8 9 10 11 12 13 14 16 22 25 24 23 21 20 19 18 17 15 
1 2 3 4 5 6 7 8 9 10 11 12 13 14 17 18 19 20 21 22 23 24 25 16 15 
1 2 3 4 5 6 7 8 9 10 11 12 13 14 17 18 19 20 21 22 24 25 23 16 15 
1 2 3 4 5 6 7 8 9 10 11 12 13 14 17 18 19 20 21 23 25 24 22 16 15 
1 2 3 4 5 6 7 8 9 10 11 12 13 14 17 18 19 20 21 25 24 23 22 16 15 
1 2 3 4 5 6 7 8 9 10 11 12 13 14 17 18 19 20 22 23 24 25 21 16 15 
1 2 3 4 5 6 7 8 9 10 11 12 13 14 17 18 19 20 22 24 25 23 21 16 15 
1 2 3 4 5 6 7 8 9 10 11 12 13 14 17 18 19 20 23 25 24 22 21 16 15 
1 2 3 4 5 6 7 8 9 10 11 12 13 14 17 18 19 21 22 23 25 24 20 16 15 
1 2 3 4 5 6 7 8 9 10 11 12 13 14 17 18 19 21 22 25 24 23 20 16 15 
1 2 3 4 5 6 7 8 9 10 11 12 13 14 17 18 19 21 23 24 25 22 20 16 15 
1 2 3 4 5 6 7 8 9 10 11 12 13 14 17 18 19 21 24 25 23 22 20 16 15 
1 2 3 4 5 6 7 8 9 10 11 12 13 14 17 18 19 22 23 25 24 21 20 16 15 
1 2 3 4 5 6 7 8 9 10 11 12 13 14 17 18 19 22 25 24 23 21 20 16 15 
1 2 3 4 5 6 7 8 9 10 11 12 13 14 17 18 19 23 24 25 22 21 20 16 15 
1 2 3 4 5 6 7 8 9 10 11 12 13 14 17 18 20 21 22 23 24 25 19 16 15 
1 2 3 4 5 6 7 8 9 10 11 12 13 14 17 18 20 21 22 24 25 23 19 16 15 
1 2 3 4 5 6 7 8 9 10 11 12 13 14 17 18 20 21 25 24 23 22 19 16 15 
1 2 3 4 5 6 7 8 9 10 11 12 13 14 17 18 20 22 23 24 25 21 19 16 15 
1 2 3 4 5 6 7 8 9 10 11 12 13 14 17 18 20 22 24 25 23 21 19 16 15 
1 2 3 4 5 6 7 8 9 10 11 12 13 14 17 18 20 23 25 24 22 21 19 16 15 
1 2 3 4 5 6 7 8 9 10 11 12 13 14 17 18 20 25 24 23 22 21 19 16 15 
1 2 3 4 5 6 7 8 9 10 11 12 13 14 17 18 21 22 23 25 24 20 19 16 15 
1 2 3 4 5 6 7 8 9 10 11 12 13 14 17 18 21 22 25 24 23 20 19 16 15 
1 2 3 4 5 6 7 8 9 10 11 12 13 14 17 18 21 23 24 25 22 20 19 16 15 
1 2 3 4 5 6 7 8 9 10 11 12 13 14 17 18 21 24 25 23 22 20 19 16 15 
1 2 3 4 5 6 7 8 9 10 11 12 13 14 17 18 22 23 25 24 21 20 19 16 15 
1 2 3 4 5 6 7 8 9 10 11 12 13 14 17 18 22 25 24 23 21 20 19 16 15 
1 2 3 4 5 6 7 8 9 10 11 12 13 14 17 19 20 21 22 23 25 24 18 16 15 
1 2 3 4 5 6 7 8 9 10 11 12 13 14 17 19 20 21 22 25 24 23 18 16 15 
1 2 3 4 5 6 7 8 9 10 11 12 13 14 17 19 20 21 23 24 25 22 18 16 15 
1 2 3 4 5 6 7 8 9 10 11 12 13 14 17 19 20 22 23 25 24 21 18 16 15 
1 2 3 4 5 6 7 8 9 10 11 12 13 14 17 19 20 22 25 24 23 21 18 16 15 
1 2 3 4 5 6 7 8 9 10 11 12 13 14 17 19 20 24 25 23 22 21 18 16 15 
1 2 3 4 5 6 7 8 9 10 11 12 13 14 17 19 21 22 23 24 25 20 18 16 15 
1 2 3 4 5 6 7 8 9 10 11 12 13 14 17 19 21 22 24 25 23 20 18 16 15 
1 2 3 4 5 6 7 8 9 10 11 12 13 14 17 19 21 23 25 24 22 20 18 16 15 
1 2 3 4 5 6 7 8 9 10 11 12 13 14 17 19 21 25 24 23 22 20 18 16 15 
1 2 3 4 5 6 7 8 9 10 11 12 13 14 17 19 22 24 25 23 21 20 18 16 15 
1 2 3 4 5 6 7 8 9 10 11 12 13 14 17 20 21 22 23 25 24 19 18 16 15 
1 2 3 4 5 6 7 8 9 10 11 12 13 14 17 20 21 22 25 24 23 19 18 16 15 
1 2 3 4 5 6 7 8 9 10 11 12 13 14 17 20 21 23 24 25 22 19 18 16 15 
1 2 3 4 5 6 7 8 9 10 11 12 13 14 17 20 21 24 25 23 22 19 18 16 15 
1 2 3 4 5 6 7 8 9 10 11 12 13 14 17 20 22 25 24 23 21 19 18 16 15 
1 2 3 4 5 6 7 8 9 10 11 12 13 14 17 20 23 24 25 22 21 19 18 16 15 
1 2 3 4 5 6 7 8 9 10 11 12 13 14 17 20 24 25 23 22 21 19 18 16 15 
1 2 3 4 5 6 7 8 9 10 11 12 13 14 17 21 22 23 24 25 20 19 18 16 15 
1 2 3 4 5 6 7 8 9 10 11 12 13 14 17 21 22 24 25 23 20 19 18 16 15 
1 2 3 4 5 6 7 8 9 10 11 12 13 14 17 21 23 25 24 22 20 19 18 16 15 
1 2 3 4 5 6 7 8 9 10 11 12 13 14 17 21 25 24 23 22 20 19 18 16 15 
1 2 3 4 5 6 7 8 9 10 11 12 13 14 17 22 23 24 25 21 20 19 18 16 15 
1 2 3 4 5 6 7 8 9 10 11 12 13 14 17 22 24 25 23 21 20 19 18 16 15 
1 2 3 4 5 6 7 8 9 10 11 12 13 14 18 19 20 21 22 23 24 25 17 16 15 
1 2 3 4 5 6 7 8 9 10 11 12 13 14 18 19 20 21 22 24 25 23 17 16 15 
1 2 3 4 5 6 7 8 9 10 11 12 13 14 18 19 20 21 23 25 24 22 17 16 15 
1 2 3 4 5 6 7 8 9 10 11 12 13 14 18 19 20 21 25 24 23 22 17 16 15 
1 2 3 4 5 6 7 8 9 10 11 12 13 14 18 19 20 22 23 24 25 21 17 16 15 
1 2 3 4 5 6 7 8 9 10 11 12 13 14 18 19 20 22 24 25 23 21 17 16 15 
1 2 3 4 5 6 7 8 9 10 11 12 13 14 18 19 20 23 25 24 22 21 17 16 15 
1 2 3 4 5 6 7 8 9 10 11 12 13 14 18 19 21 22 23 25 24 20 17 16 15 
1 2 3 4 5 6 7 8 9 10 11 12 13 14 18 19 21 22 25 24 23 20 17 16 15 
1 2 3 4 5 6 7 8 9 10 11 12 13 14 18 19 21 23 24 25 22 20 17 16 15 
1 2 3 4 5 6 7 8 9 10 11 12 13 14 18 19 21 24 25 23 22 20 17 16 15 
1 2 3 4 5 6 7 8 9 10 11 12 13 14 18 19 22 23 25 24 21 20 17 16 15 
1 2 3 4 5 6 7 8 9 10 11 12 13 14 18 20 21 22 23 24 25 19 17 16 15 
1 2 3 4 5 6 7 8 9 10 11 12 13 14 18 20 21 22 24 25 23 19 17 16 15 
1 2 3 4 5 6 7 8 9 10 11 12 13 14 18 20 21 23 25 24 22 19 17 16 15 
1 2 3 4 5 6 7 8 9 10 11 12 13 14 18 20 21 25 24 23 22 19 17 16 15 
1 2 3 4 5 6 7 8 9 10 11 12 13 14 18 20 22 23 24 25 21 19 17 16 15 
1 2 3 4 5 6 7 8 9 10 11 12 13 14 18 20 22 24 25 23 21 19 17 16 15 
1 2 3 4 5 6 7 8 9 10 11 12 13 14 18 20 25 24 23 22 21 19 17 16 15 
1 2 3 4 5 6 7 8 9 10 11 12 13 14 18 21 22 23 25 24 20 19 17 16 15 
1 2 3 4 5 6 7 8 9 10 11 12 13 14 18 21 22 25 24 23 20 19 17 16 15 
1 2 3 4 5 6 7 8 9 10 11 12 13 14 18 21 23 24 25 22 20 19 17 16 15 
1 2 3 4 5 6 7 8 9 10 11 12 13 14 18 21 24 25 23 22 20 19 17 16 15 
1 2 3 4 5 6 7 8 9 10 11 12 13 14 18 22 25 24 23 21 20 19 17 16 15 
1 2 3 4 5 6 7 8 9 10 11 12 13 14 19 20 21 22 23 25 24 18 17 16 15 
1 2 3 4 5 6 7 8 9 10 11 12 13 14 19 20 21 23 24 25 22 18 17 16 15 
1 2 3 4 5 6 7 8 9 10 11 12 13 14 19 20 21 24 25 23 22 18 17 16 15 
1 2 3 4 5 6 7 8 9 10 11 12 13 14 19 20 22 25 24 23 21 18 17 16 15 
1 2 3 4 5 6 7 8 9 10 11 12 13 14 19 20 24 25 23 22 21 18 17 16 15 
1 2 3 4 5 6 7 8 9 10 11 12 13 14 19 21 22 23 24 25 20 18 17 16 15 
1 2 3 4 5 6 7 8 9 10 11 12 13 14 19 21 22 24 25 23 20 18 17 16 15 
1 2 3 4 5 6 7 8 9 10 11 12 13 14 19 21 23 25 24 22 20 18 17 16 15 
1 2 3 4 5 6 7 8 9 10 11 12 13 14 19 21 25 24 23 22 20 18 17 16 15 
1 2 3 4 5 6 7 8 9 10 11 12 13 14 19 22 24 25 23 21 20 18 17 16 15 
1 2 3 4 5 6 7 8 9 10 11 12 13 14 19 23 25 24 22 21 20 18 17 16 15 
1 2 3 4 5 6 7 8 9 10 11 12 13 14 19 25 24 23 22 21 20 18 17 16 15 
1 2 3 4 5 6 7 8 9 10 11 12 13 14 20 21 22 23 25 24 19 18 17 16 15 
1 2 3 4 5 6 7 8 9 10 11 12 13 14 20 21 22 25 24 23 19 18 17 16 15 
1 2 3 4 5 6 7 8 9 10 11 12 13 14 20 21 23 24 25 22 19 18 17 16 15 
1 2 3 4 5 6 7 8 9 10 11 12 13 14 20 21 24 25 23 22 19 18 17 16 15 
1 2 3 4 5 6 7 8 9 10 11 12 13 14 20 22 23 25 24 21 19 18 17 16 15 
1 2 3 4 5 6 7 8 9 10 11 12 13 14 20 22 25 24 23 21 19 18 17 16 15 
1 2 3 4 5 6 7 8 9 10 11 12 13 14 20 23 24 25 22 21 19 18 17 16 15 
1 2 3 4 5 6 7 8 9 10 11 12 13 14 20 24 25 23 22 21 19 18 17 16 15 
1 2 3 4 5 6 7 8 9 10 11 12 13 14 21 22 24 25 23 20 19 18 17 16 15 
1 2 3 4 5 6 7 8 9 10 11 12 13 14 21 23 25 24 22 20 19 18 17 16 15 
1 2 3 4 5 6 7 8 9 10 11 12 13 14 21 25 24 23 22 20 19 18 17 16 15 
1 2 3 4 5 6 7 8 9 10 11 12 13 15 16 17 18 19 20 21 25 24 23 22 14 
1 2 3 4 5 6 7 8 9 10 11 12 13 15 16 17 18 19 20 22 24 25 23 21 14 
1 2 3 4 5 6 7 8 9 10 11 12 13 15 16 17 18 19 20 25 24 23 22 21 14 
1 2 3 4 5 6 7 8 9 10 11 12 13 15 16 17 18 19 21 22 25 24 23 20 14 
1 2 3 4 5 6 7 8 9 10 11 12 13 15 16 17 18 19 21 24 25 23 22 20 14 
1 2 3 4 5 6 7 8 9 10 11 12 13 15 16 17 18 19 23 24 25 22 21 20 14 
1 2 3 4 5 6 7 8 9 10 11 12 13 15 16 17 18 19 24 25 23 22 21 20 14 
1 2 3 4 5 6 7 8 9 10 11 12 13 15 16 17 18 20 21 22 24 25 23 19 14 
1 2 3 4 5 6 7 8 9 10 11 12 13 15 16 17 18 20 21 25 24 23 22 19 14 
1 2 3 4 5 6 7 8 9 10 11 12 13 15 16 17 18 20 23 25 24 22 21 19 14 
1 2 3 4 5 6 7 8 9 10 11 12 13 15 16 17 18 20 25 24 23 22 21 19 14 
1 2 3 4 5 6 7 8 9 10 11 12 13 15 16 17 18 21 22 23 25 24 20 19 14 
1 2 3 4 5 6 7 8 9 10 11 12 13 15 16 17 18 21 23 24 25 22 20 19 14 
1 2 3 4 5 6 7 8 9 10 11 12 13 15 16 17 18 21 24 25 23 22 20 19 14 
1 2 3 4 5 6 7 8 9 10 11 12 13 15 16 17 18 23 24 25 22 21 20 19 14 
1 2 3 4 5 6 7 8 9 10 11 12 13 15 16 17 18 24 25 23 22 21 20 19 14 
1 2 3 4 5 6 7 8 9 10 11 12 13 15 16 17 19 20 21 22 25 24 23 18 14 
1 2 3 4 5 6 7 8 9 10 11 12 13 15 16 17 19 20 21 24 25 23 22 18 14 
1 2 3 4 5 6 7 8 9 10 11 12 13 15 16 17 19 20 23 24 25 22 21 18 14 
1 2 3 4 5 6 7 8 9 10 11 12 13 15 16 17 19 20 24 25 23 22 21 18 14 
1 2 3 4 5 6 7 8 9 10 11 12 13 15 16 17 19 21 22 23 24 25 20 18 14 
1 2 3 4 5 6 7 8 9 10 11 12 13 15 16 17 19 21 23 25 24 22 20 18 14 
1 2 3 4 5 6 7 8 9 10 11 12 13 15 16 17 19 21 25 24 23 22 20 18 14 
1 2 3 4 5 6 7 8 9 10 11 12 13 15 16 17 19 23 25 24 22 21 20 18 14 
1 2 3 4 5 6 7 8 9 10 11 12 13 15 16 17 19 25 24 23 22 21 20 18 14 
1 2 3 4 5 6 7 8 9 10 11 12 13 15 16 17 20 21 22 25 24 23 19 18 14 
1 2 3 4 5 6 7 8 9 10 11 12 13 15 16 17 20 21 23 24 25 22 19 18 14 
1 2 3 4 5 6 7 8 9 10 11 12 13 15 16 17 20 21 24 25 23 22 19 18 14 
1 2 3 4 5 6 7 8 9 10 11 12 13 15 16 17 20 22 23 25 24 21 19 18 14 
1 2 3 4 5 6 7 8 9 10 11 12 13 15 16 17 20 23 24 25 22 21 19 18 14 
1 2 3 4 5 6 7 8 9 10 11 12 13 15 16 17 20 24 25 23 22 21 19 18 14 
1 2 3 4 5 6 7 8 9 10 11 12 13 15 16 17 21 22 23 24 25 20 19 18 14 
1 2 3 4 5 6 7 8 9 10 11 12 13 15 16 17 22 23 24 25 21 20 19 18 14 
1 2 3 4 5 6 7 8 9 10 11 12 13 15 16 17 22 24 25 23 21 20 19 18 14 
1 2 3 4 5 6 7 8 9 10 11 12 13 15 16 17 23 25 24 22 21 20 19 18 14 
1 2 3 4 5 6 7 8 9 10 11 12 13 15 16 18 19 20 21 22 24 25 23 17 14 
1 2 3 4 5 6 7 8 9 10 11 12 13 15 16 18 19 20 21 25 24 23 22 17 14 
1 2 3 4 5 6 7 8 9 10 11 12 13 15 16 18 19 20 23 25 24 22 21 17 14 
1 2 3 4 5 6 7 8 9 10 11 12 13 15 16 18 19 20 25 24 23 22 21 17 14 
1 2 3 4 5 6 7 8 9 10 11 12 13 15 16 18 19 21 22 23 25 24 20 17 14 
1 2 3 4 5 6 7 8 9 10 11 12 13 15 16 18 19 21 23 24 25 22 20 17 14 
1 2 3 4 5 6 7 8 9 10 11 12 13 15 16 18 19 21 24 25 23 22 20 17 14 
1 2 3 4 5 6 7 8 9 10 11 12 13 15 16 18 19 23 24 25 22 21 20 17 14 
1 2 3 4 5 6 7 8 9 10 11 12 13 15 16 18 19 24 25 23 22 21 20 17 14 
1 2 3 4 5 6 7 8 9 10 11 12 13 15 16 18 20 21 22 24 25 23 19 17 14 
1 2 3 4 5 6 7 8 9 10 11 12 13 15 16 18 20 21 23 25 24 22 19 17 14 
1 2 3 4 5 6 7 8 9 10 11 12 13 15 16 18 20 21 25 24 23 22 19 17 14 
1 2 3 4 5 6 7 8 9 10 11 12 13 15 16 18 20 22 23 24 25 21 19 17 14 
1 2 3 4 5 6 7 8 9 10 11 12 13 15 16 18 20 23 25 24 22 21 19 17 14 
1 2 3 4 5 6 7 8 9 10 11 12 13 15 16 18 20 25 24 23 22 21 19 17 14 
1 2 3 4 5 6 7 8 9 10 11 12 13 15 16 18 21 22 23 25 24 20 19 17 14 
1 2 3 4 5 6 7 8 9 10 11 12 13 15 16 18 22 23 25 24 21 20 19 17 14 
1 2 3 4 5 6 7 8 9 10 11 12 13 15 16 18 22 25 24 23 21 20 19 17 14 
1 2 3 4 5 6 7 8 9 10 11 12 13 15 16 18 23 24 25 22 21 20 19 17 14 
1 2 3 4 5 6 7 8 9 10 11 12 13 15 16 19 20 21 23 24 25 22 18 17 14 
1 2 3 4 5 6 7 8 9 10 11 12 13 15 16 19 20 21 24 25 23 22 18 17 14 
1 2 3 4 5 6 7 8 9 10 11 12 13 15 16 19 20 22 25 24 23 21 18 17 14 
1 2 3 4 5 6 7 8 9 10 11 12 13 15 16 19 20 23 24 25 22 21 18 17 14 
1 2 3 4 5 6 7 8 9 10 11 12 13 15 16 19 20 24 25 23 22 21 18 17 14 
1 2 3 4 5 6 7 8 9 10 11 12 13 15 16 19 21 23 25 24 22 20 18 17 14 
1 2 3 4 5 6 7 8 9 10 11 12 13 15 16 19 22 23 24 25 21 20 18 17 14 
1 2 3 4 5 6 7 8 9 10 11 12 13 15 16 19 22 24 25 23 21 20 18 17 14 
1 2 3 4 5 6 7 8 9 10 11 12 13 15 16 19 23 25 24 22 21 20 18 17 14 
1 2 3 4 5 6 7 8 9 10 11 12 13 15 16 19 25 24 23 22 21 20 18 17 14 
1 2 3 4 5 6 7 8 9 10 11 12 13 15 16 20 21 22 23 25 24 19 18 17 14 
1 2 3 4 5 6 7 8 9 10 11 12 13 15 16 20 21 23 24 25 22 19 18 17 14 
1 2 3 4 5 6 7 8 9 10 11 12 13 15 16 20 22 23 25 24 21 19 18 17 14 
1 2 3 4 5 6 7 8 9 10 11 12 13 15 16 20 22 25 24 23 21 19 18 17 14 
1 2 3 4 5 6 7 8 9 10 11 12 13 15 16 20 23 24 25 22 21 19 18 17 14 
1 2 3 4 5 6 7 8 9 10 11 12 13 15 16 20 24 25 23 22 21 19 18 17 14 
1 2 3 4 5 6 7 8 9 10 11 12 13 15 16 21 22 23 24 25 20 19 18 17 14 
1 2 3 4 5 6 7 8 9 10 11 12 13 15 16 22 23 24 25 21 20 19 18 17 14 
1 2 3 4 5 6 7 8 9 10 11 12 13 15 16 22 24 25 23 21 20 19 18 17 14 
1 2 3 4 5 6 7 8 9 10 11 12 13 15 16 23 25 24 22 21 20 19 18 17 14 
1 2 3 4 5 6 7 8 9 10 11 12 13 15 17 18 19 20 21 22 25 24 23 16 14 
1 2 3 4 5 6 7 8 9 10 11 12 13 15 17 18 19 20 21 24 25 23 22 16 14 
1 2 3 4 5 6 7 8 9 10 11 12 13 15 17 18 19 20 23 24 25 22 21 16 14 
1 2 3 4 5 6 7 8 9 10 11 12 13 15 17 18 19 20 24 25 23 22 21 16 14 
1 2 3 4 5 6 7 8 9 10 11 12 13 15 17 18 19 21 22 23 24 25 20 16 14 
1 2 3 4 5 6 7 8 9 10 11 12 13 15 17 18 19 21 23 25 24 22 20 16 14 
1 2 3 4 5 6 7 8 9 10 11 12 13 15 17 18 19 21 25 24 23 22 20 16 14 
1 2 3 4 5 6 7 8 9 10 11 12 13 15 17 18 19 23 25 24 22 21 20 16 14 
1 2 3 4 5 6 7 8 9 10 11 12 13 15 17 18 19 25 24 23 22 21 20 16 14 
1 2 3 4 5 6 7 8 9 10 11 12 13 15 17 18 20 21 22 25 24 23 19 16 14 
1 2 3 4 5 6 7 8 9 10 11 12 13 15 17 18 20 21 23 24 25 22 19 16 14 
1 2 3 4 5 6 7 8 9 10 11 12 13 15 17 18 20 21 24 25 23 22 19 16 14 
1 2 3 4 5 6 7 8 9 10 11 12 13 15 17 18 20 22 23 25 24 21 19 16 14 
1 2 3 4 5 6 7 8 9 10 11 12 13 15 17 18 20 23 24 25 22 21 19 16 14 
1 2 3 4 5 6 7 8 9 10 11 12 13 15 17 18 20 24 25 23 22 21 19 16 14 
1 2 3 4 5 6 7 8 9 10 11 12 13 15 17 18 21 22 23 24 25 20 19 16 14 
1 2 3 4 5 6 7 8 9 10 11 12 13 15 17 18 22 23 24 25 21 20 19 16 14 
1 2 3 4 5 6 7 8 9 10 11 12 13 15 17 18 22 24 25 23 21 20 19 16 14 
1 2 3 4 5 6 7 8 9 10 11 12 13 15 17 18 23 25 24 22 21 20 19 16 14 
1 2 3 4 5 6 7 8 9 10 11 12 13 15 17 19 20 21 23 25 24 22 18 16 14 
1 2 3 4 5 6 7 8 9 10 11 12 13 15 17 19 20 21 25 24 23 22 18 16 14 
1 2 3 4 5 6 7 8 9 10 11 12 13 15 17 19 20 22 24 25 23 21 18 16 14 
1 2 3 4 5 6 7 8 9 10 11 12 13 15 17 19 20 23 25 24 22 21 18 16 14 
1 2 3 4 5 6 7 8 9 10 11 12 13 15 17 19 20 25 24 23 22 21 18 16 14 
1 2 3 4 5 6 7 8 9 10 11 12 13 15 17 19 21 23 24 25 22 20 18 16 14 
1 2 3 4 5 6 7 8 9 10 11 12 13 15 17 19 22 23 25 24 21 20 18 16 14 
1 2 3 4 5 6 7 8 9 10 11 12 13 15 17 19 22 25 24 23 21 20 18 16 14 
1 2 3 4 5 6 7 8 9 10 11 12 13 15 17 19 23 24 25 22 21 20 18 16 14 
1 2 3 4 5 6 7 8 9 10 11 12 13 15 17 19 24 25 23 22 21 20 18 16 14 
1 2 3 4 5 6 7 8 9 10 11 12 13 15 17 20 21 22 23 24 25 19 18 16 14 
1 2 3 4 5 6 7 8 9 10 11 12 13 15 17 20 21 23 25 24 22 19 18 16 14 
1 2 3 4 5 6 7 8 9 10 11 12 13 15 17 20 22 23 24 25 21 19 18 16 14 
1 2 3 4 5 6 7 8 9 10 11 12 13 15 17 20 22 24 25 23 21 19 18 16 14 
1 2 3 4 5 6 7 8 9 10 11 12 13 15 17 20 23 25 24 22 21 19 18 16 14 
1 2 3 4 5 6 7 8 9 10 11 12 13 15 17 20 25 24 23 22 21 19 18 16 14 
1 2 3 4 5 6 7 8 9 10 11 12 13 15 17 21 22 23 25 24 20 19 18 16 14 
1 2 3 4 5 6 7 8 9 10 11 12 13 15 17 22 23 25 24 21 20 19 18 16 14 
1 2 3 4 5 6 7 8 9 10 11 12 13 15 17 22 25 24 23 21 20 19 18 16 14 
1 2 3 4 5 6 7 8 9 10 11 12 13 15 17 23 24 25 22 21 20 19 18 16 14 
1 2 3 4 5 6 7 8 9 10 11 12 13 15 18 19 20 21 22 23 25 24 17 16 14 
1 2 3 4 5 6 7 8 9 10 11 12 13 15 18 19 20 21 23 24 25 22 17 16 14 
1 2 3 4 5 6 7 8 9 10 11 12 13 15 18 19 20 21 24 25 23 22 17 16 14 
1 2 3 4 5 6 7 8 9 10 11 12 13 15 18 19 20 23 24 25 22 21 17 16 14 
1 2 3 4 5 6 7 8 9 10 11 12 13 15 18 19 20 24 25 23 22 21 17 16 14 
1 2 3 4 5 6 7 8 9 10 11 12 13 15 18 19 21 22 24 25 23 20 17 16 14 
1 2 3 4 5 6 7 8 9 10 11 12 13 15 18 19 21 25 24 23 22 20 17 16 14 
1 2 3 4 5 6 7 8 9 10 11 12 13 15 18 19 22 23 24 25 21 20 17 16 14 
1 2 3 4 5 6 7 8 9 10 11 12 13 15 18 19 22 24 25 23 21 20 17 16 14 
1 2 3 4 5 6 7 8 9 10 11 12 13 15 18 19 25 24 23 22 21 20 17 16 14 
1 2 3 4 5 6 7 8 9 10 11 12 13 15 18 20 21 22 25 24 23 19 17 16 14 
1 2 3 4 5 6 7 8 9 10 11 12 13 15 18 20 22 23 25 24 21 19 17 16 14 
1 2 3 4 5 6 7 8 9 10 11 12 13 15 18 20 22 25 24 23 21 19 17 16 14 
1 2 3 4 5 6 7 8 9 10 11 12 13 15 18 20 23 24 25 22 21 19 17 16 14 
1 2 3 4 5 6 7 8 9 10 11 12 13 15 18 20 24 25 23 22 21 19 17 16 14 
1 2 3 4 5 6 7 8 9 10 11 12 13 15 18 21 23 25 24 22 20 19 17 16 14 
1 2 3 4 5 6 7 8 9 10 11 12 13 15 18 22 23 24 25 21 20 19 17 16 14 
1 2 3 4 5 6 7 8 9 10 11 12 13 15 18 22 24 25 23 21 20 19 17 16 14 
1 2 3 4 5 6 7 8 9 10 11 12 13 15 18 23 25 24 22 21 20 19 17 16 14 
1 2 3 4 5 6 7 8 9 10 11 12 13 15 18 25 24 23 22 21 20 19 17 16 14 
1 2 3 4 5 6 7 8 9 10 11 12 13 15 19 20 21 22 23 24 25 18 17 16 14 
1 2 3 4 5 6 7 8 9 10 11 12 13 15 19 20 21 22 24 25 23 18 17 16 14 
1 2 3 4 5 6 7 8 9 10 11 12 13 15 19 20 21 23 25 24 22 18 17 16 14 
1 2 3 4 5 6 7 8 9 10 11 12 13 15 19 20 22 23 24 25 21 18 17 16 14 
1 2 3 4 5 6 7 8 9 10 11 12 13 15 19 20 22 24 25 23 21 18 17 16 14 
1 2 3 4 5 6 7 8 9 10 11 12 13 15 19 20 23 25 24 22 21 18 17 16 14 
1 2 3 4 5 6 7 8 9 10 11 12 13 15 19 20 25 24 23 22 21 18 17 16 14 
1 2 3 4 5 6 7 8 9 10 11 12 13 15 19 21 22 23 25 24 20 18 17 16 14 
1 2 3 4 5 6 7 8 9 10 11 12 13 15 19 21 23 24 25 22 20 18 17 16 14 
1 2 3 4 5 6 7 8 9 10 11 12 13 15 19 22 23 25 24 21 20 18 17 16 14 
1 2 3 4 5 6 7 8 9 10 11 12 13 15 19 22 25 24 23 21 20 18 17 16 14 
1 2 3 4 5 6 7 8 9 10 11 12 13 15 19 23 24 25 22 21 20 18 17 16 14 
1 2 3 4 5 6 7 8 9 10 11 12 13 15 19 24 25 23 22 21 20 18 17 16 14 
1 2 3 4 5 6 7 8 9 10 11 12 13 15 20 21 22 23 24 25 19 18 17 16 14 
1 2 3 4 5 6 7 8 9 10 11 12 13 15 20 21 23 25 24 22 19 18 17 16 14 
1 2 3 4 5 6 7 8 9 10 11 12 13 15 20 22 23 24 25 21 19 18 17 16 14 
1 2 3 4 5 6 7 8 9 10 11 12 13 15 21 22 23 25 24 20 19 18 17 16 14 
1 2 3 4 5 6 7 8 9 10 11 12 13 15 21 22 25 24 23 20 19 18 17 16 14 
1 2 3 4 5 6 7 8 9 10 11 12 13 15 21 23 24 25 22 20 19 18 17 16 14 
1 2 3 4 5 6 7 8 9 10 11 12 13 15 21 24 25 23 22 20 19 18 17 16 14 
1 2 3 4 5 6 7 8 9 10 11 12 13 15 22 23 25 24 21 20 19 18 17 16 14 
1 2 3 4 5 6 7 8 9 10 11 12 13 15 22 25 24 23 21 20 19 18 17 16 14 
1 2 3 4 5 6 7 8 9 10 11 12 13 16 17 18 19 20 21 22 24 25 23 15 14 
1 2 3 4 5 6 7 8 9 10 11 12 13 16 17 18 19 20 21 25 24 23 22 15 14 
1 2 3 4 5 6 7 8 9 10 11 12 13 16 17 18 19 20 23 25 24 22 21 15 14 
1 2 3 4 5 6 7 8 9 10 11 12 13 16 17 18 19 20 25 24 23 22 21 15 14 
1 2 3 4 5 6 7 8 9 10 11 12 13 16 17 18 19 21 22 23 25 24 20 15 14 
1 2 3 4 5 6 7 8 9 10 11 12 13 16 17 18 19 21 23 24 25 22 20 15 14 
1 2 3 4 5 6 7 8 9 10 11 12 13 16 17 18 19 21 24 25 23 22 20 15 14 
1 2 3 4 5 6 7 8 9 10 11 12 13 16 17 18 19 23 24 25 22 21 20 15 14 
1 2 3 4 5 6 7 8 9 10 11 12 13 16 17 18 19 24 25 23 22 21 20 15 14 
1 2 3 4 5 6 7 8 9 10 11 12 13 16 17 18 20 21 22 24 25 23 19 15 14 
1 2 3 4 5 6 7 8 9 10 11 12 13 16 17 18 20 21 23 25 24 22 19 15 14 
1 2 3 4 5 6 7 8 9 10 11 12 13 16 17 18 20 21 25 24 23 22 19 15 14 
1 2 3 4 5 6 7 8 9 10 11 12 13 16 17 18 20 22 23 24 25 21 19 15 14 
1 2 3 4 5 6 7 8 9 10 11 12 13 16 17 18 20 23 25 24 22 21 19 15 14 
1 2 3 4 5 6 7 8 9 10 11 12 13 16 17 18 20 25 24 23 22 21 19 15 14 
1 2 3 4 5 6 7 8 9 10 11 12 13 16 17 18 21 22 23 25 24 20 19 15 14 
1 2 3 4 5 6 7 8 9 10 11 12 13 16 17 18 22 23 25 24 21 20 19 15 14 
1 2 3 4 5 6 7 8 9 10 11 12 13 16 17 18 22 25 24 23 21 20 19 15 14 
1 2 3 4 5 6 7 8 9 10 11 12 13 16 17 18 23 24 25 22 21 20 19 15 14 
1 2 3 4 5 6 7 8 9 10 11 12 13 16 17 19 20 21 23 24 25 22 18 15 14 
1 2 3 4 5 6 7 8 9 10 11 12 13 16 17 19 20 21 24 25 23 22 18 15 14 
1 2 3 4 5 6 7 8 9 10 11 12 13 16 17 19 20 22 25 24 23 21 18 15 14 
1 2 3 4 5 6 7 8 9 10 11 12 13 16 17 19 20 23 24 25 22 21 18 15 14 
1 2 3 4 5 6 7 8 9 10 11 12 13 16 17 19 20 24 25 23 22 21 18 15 14 
1 2 3 4 5 6 7 8 9 10 11 12 13 16 17 19 21 23 25 24 22 20 18 15 14 
1 2 3 4 5 6 7 8 9 10 11 12 13 16 17 19 22 23 24 25 21 20 18 15 14 
1 2 3 4 5 6 7 8 9 10 11 12 13 16 17 19 22 24 25 23 21 20 18 15 14 
1 2 3 4 5 6 7 8 9 10 11 12 13 16 17 19 23 25 24 22 21 20 18 15 14 
1 2 3 4 5 6 7 8 9 10 11 12 13 16 17 19 25 24 23 22 21 20 18 15 14 
1 2 3 4 5 6 7 8 9 10 11 12 13 16 17 20 21 22 23 25 24 19 18 15 14 
1 2 3 4 5 6 7 8 9 10 11 12 13 16 17 20 21 23 24 25 22 19 18 15 14 
1 2 3 4 5 6 7 8 9 10 11 12 13 16 17 20 22 23 25 24 21 19 18 15 14 
1 2 3 4 5 6 7 8 9 10 11 12 13 16 17 20 22 25 24 23 21 19 18 15 14 
1 2 3 4 5 6 7 8 9 10 11 12 13 16 17 20 23 24 25 22 21 19 18 15 14 
1 2 3 4 5 6 7 8 9 10 11 12 13 16 17 20 24 25 23 22 21 19 18 15 14 
1 2 3 4 5 6 7 8 9 10 11 12 13 16 17 21 22 23 24 25 20 19 18 15 14 
1 2 3 4 5 6 7 8 9 10 11 12 13 16 17 22 23 24 25 21 20 19 18 15 14 
1 2 3 4 5 6 7 8 9 10 11 12 13 16 17 22 24 25 23 21 20 19 18 15 14 
1 2 3 4 5 6 7 8 9 10 11 12 13 16 17 23 25 24 22 21 20 19 18 15 14 
1 2 3 4 5 6 7 8 9 10 11 12 13 16 18 19 20 21 22 23 24 25 17 15 14 
1 2 3 4 5 6 7 8 9 10 11 12 13 16 18 19 20 21 23 25 24 22 17 15 14 
1 2 3 4 5 6 7 8 9 10 11 12 13 16 18 19 20 21 25 24 23 22 17 15 14 
1 2 3 4 5 6 7 8 9 10 11 12 13 16 18 19 20 23 25 24 22 21 17 15 14 
1 2 3 4 5 6 7 8 9 10 11 12 13 16 18 19 20 25 24 23 22 21 17 15 14 
1 2 3 4 5 6 7 8 9 10 11 12 13 16 18 19 21 22 25 24 23 20 17 15 14 
1 2 3 4 5 6 7 8 9 10 11 12 13 16 18 19 21 24 25 23 22 20 17 15 14 
1 2 3 4 5 6 7 8 9 10 11 12 13 16 18 19 22 23 25 24 21 20 17 15 14 
1 2 3 4 5 6 7 8 9 10 11 12 13 16 18 19 22 25 24 23 21 20 17 15 14 
1 2 3 4 5 6 7 8 9 10 11 12 13 16 18 19 24 25 23 22 21 20 17 15 14 
1 2 3 4 5 6 7 8 9 10 11 12 13 16 18 20 21 22 24 25 23 19 17 15 14 
1 2 3 4 5 6 7 8 9 10 11 12 13 16 18 20 22 23 24 25 21 19 17 15 14 
1 2 3 4 5 6 7 8 9 10 11 12 13 16 18 20 22 24 25 23 21 19 17 15 14 
1 2 3 4 5 6 7 8 9 10 11 12 13 16 18 20 23 25 24 22 21 19 17 15 14 
1 2 3 4 5 6 7 8 9 10 11 12 13 16 18 20 25 24 23 22 21 19 17 15 14 
1 2 3 4 5 6 7 8 9 10 11 12 13 16 18 21 23 24 25 22 20 19 17 15 14 
1 2 3 4 5 6 7 8 9 10 11 12 13 16 18 22 23 25 24 21 20 19 17 15 14 
1 2 3 4 5 6 7 8 9 10 11 12 13 16 18 22 25 24 23 21 20 19 17 15 14 
1 2 3 4 5 6 7 8 9 10 11 12 13 16 18 23 24 25 22 21 20 19 17 15 14 
1 2 3 4 5 6 7 8 9 10 11 12 13 16 18 24 25 23 22 21 20 19 17 15 14 
1 2 3 4 5 6 7 8 9 10 11 12 13 16 19 20 21 22 23 25 24 18 17 15 14 
1 2 3 4 5 6 7 8 9 10 11 12 13 16 19 20 21 22 25 24 23 18 17 15 14 
1 2 3 4 5 6 7 8 9 10 11 12 13 16 19 20 21 23 24 25 22 18 17 15 14 
1 2 3 4 5 6 7 8 9 10 11 12 13 16 19 20 22 23 25 24 21 18 17 15 14 
1 2 3 4 5 6 7 8 9 10 11 12 13 16 19 20 22 25 24 23 21 18 17 15 14 
1 2 3 4 5 6 7 8 9 10 11 12 13 16 19 20 23 24 25 22 21 18 17 15 14 
1 2 3 4 5 6 7 8 9 10 11 12 13 16 19 20 24 25 23 22 21 18 17 15 14 
1 2 3 4 5 6 7 8 9 10 11 12 13 16 19 21 22 23 24 25 20 18 17 15 14 
1 2 3 4 5 6 7 8 9 10 11 12 13 16 19 21 23 25 24 22 20 18 17 15 14 
1 2 3 4 5 6 7 8 9 10 11 12 13 16 19 22 23 24 25 21 20 18 17 15 14 
1 2 3 4 5 6 7 8 9 10 11 12 13 16 19 22 24 25 23 21 20 18 17 15 14 
1 2 3 4 5 6 7 8 9 10 11 12 13 16 19 23 25 24 22 21 20 18 17 15 14 
1 2 3 4 5 6 7 8 9 10 11 12 13 16 19 25 24 23 22 21 20 18 17 15 14 
1 2 3 4 5 6 7 8 9 10 11 12 13 16 20 21 22 23 25 24 19 18 17 15 14 
1 2 3 4 5 6 7 8 9 10 11 12 13 16 20 21 23 24 25 22 19 18 17 15 14 
1 2 3 4 5 6 7 8 9 10 11 12 13 16 20 22 23 25 24 21 19 18 17 15 14 
1 2 3 4 5 6 7 8 9 10 11 12 13 16 21 22 23 24 25 20 19 18 17 15 14 
1 2 3 4 5 6 7 8 9 10 11 12 13 16 21 22 24 25 23 20 19 18 17 15 14 
1 2 3 4 5 6 7 8 9 10 11 12 13 16 21 23 25 24 22 20 19 18 17 15 14 
1 2 3 4 5 6 7 8 9 10 11 12 13 16 21 25 24 23 22 20 19 18 17 15 14 
1 2 3 4 5 6 7 8 9 10 11 12 13 16 22 23 24 25 21 20 19 18 17 15 14 
1 2 3 4 5 6 7 8 9 10 11 12 13 16 22 24 25 23 21 20 19 18 17 15 14 
1 2 3 4 5 6 7 8 9 10 11 12 13 17 18 19 20 21 22 25 24 23 16 15 14 
1 2 3 4 5 6 7 8 9 10 11 12 13 17 18 19 20 21 23 24 25 22 16 15 14 
1 2 3 4 5 6 7 8 9 10 11 12 13 17 18 19 20 21 24 25 23 22 16 15 14 
1 2 3 4 5 6 7 8 9 10 11 12 13 17 18 19 20 22 23 25 24 21 16 15 14 
1 2 3 4 5 6 7 8 9 10 11 12 13 17 18 19 20 23 24 25 22 21 16 15 14 
1 2 3 4 5 6 7 8 9 10 11 12 13 17 18 19 20 24 25 23 22 21 16 15 14 
1 2 3 4 5 6 7 8 9 10 11 12 13 17 18 19 21 22 23 24 25 20 16 15 14 
1 2 3 4 5 6 7 8 9 10 11 12 13 17 18 19 22 23 24 25 21 20 16 15 14 
1 2 3 4 5 6 7 8 9 10 11 12 13 17 18 19 22 24 25 23 21 20 16 15 14 
1 2 3 4 5 6 7 8 9 10 11 12 13 17 18 19 23 25 24 22 21 20 16 15 14 
1 2 3 4 5 6 7 8 9 10 11 12 13 17 18 20 21 24 25 23 22 19 16 15 14 
1 2 3 4 5 6 7 8 9 10 11 12 13 17 18 20 22 23 25 24 21 19 16 15 14 
1 2 3 4 5 6 7 8 9 10 11 12 13 17 18 20 22 25 24 23 21 19 16 15 14 
1 2 3 4 5 6 7 8 9 10 11 12 13 17 18 20 23 24 25 22 21 19 16 15 14 
1 2 3 4 5 6 7 8 9 10 11 12 13 17 18 20 24 25 23 22 21 19 16 15 14 
1 2 3 4 5 6 7 8 9 10 11 12 13 17 18 21 22 24 25 23 20 19 16 15 14 
1 2 3 4 5 6 7 8 9 10 11 12 13 17 18 21 25 24 23 22 20 19 16 15 14 
1 2 3 4 5 6 7 8 9 10 11 12 13 17 18 22 23 24 25 21 20 19 16 15 14 
1 2 3 4 5 6 7 8 9 10 11 12 13 17 18 22 24 25 23 21 20 19 16 15 14 
1 2 3 4 5 6 7 8 9 10 11 12 13 17 18 25 24 23 22 21 20 19 16 15 14 
1 2 3 4 5 6 7 8 9 10 11 12 13 17 19 20 21 22 23 24 25 18 16 15 14 
1 2 3 4 5 6 7 8 9 10 11 12 13 17 19 20 21 22 24 25 23 18 16 15 14 
1 2 3 4 5 6 7 8 9 10 11 12 13 17 19 20 21 25 24 23 22 18 16 15 14 
1 2 3 4 5 6 7 8 9 10 11 12 13 17 19 20 22 23 24 25 21 18 16 15 14 
1 2 3 4 5 6 7 8 9 10 11 12 13 17 19 20 22 24 25 23 21 18 16 15 14 
1 2 3 4 5 6 7 8 9 10 11 12 13 17 19 20 23 25 24 22 21 18 16 15 14 
1 2 3 4 5 6 7 8 9 10 11 12 13 17 19 20 25 24 23 22 21 18 16 15 14 
1 2 3 4 5 6 7 8 9 10 11 12 13 17 19 21 22 25 24 23 20 18 16 15 14 
1 2 3 4 5 6 7 8 9 10 11 12 13 17 19 22 23 25 24 21 20 18 16 15 14 
1 2 3 4 5 6 7 8 9 10 11 12 13 17 19 22 25 24 23 21 20 18 16 15 14 
1 2 3 4 5 6 7 8 9 10 11 12 13 17 19 23 24 25 22 21 20 18 16 15 14 
1 2 3 4 5 6 7 8 9 10 11 12 13 17 19 24 25 23 22 21 20 18 16 15 14 
1 2 3 4 5 6 7 8 9 10 11 12 13 17 20 21 25 24 23 22 19 18 16 15 14 
1 2 3 4 5 6 7 8 9 10 11 12 13 17 20 23 25 24 22 21 19 18 16 15 14 
1 2 3 4 5 6 7 8 9 10 11 12 13 17 21 22 23 25 24 20 19 18 16 15 14 
1 2 3 4 5 6 7 8 9 10 11 12 13 17 21 22 25 24 23 20 19 18 16 15 14 
1 2 3 4 5 6 7 8 9 10 11 12 13 17 21 23 24 25 22 20 19 18 16 15 14 
1 2 3 4 5 6 7 8 9 10 11 12 13 17 21 24 25 23 22 20 19 18 16 15 14 
1 2 3 4 5 6 7 8 9 10 11 12 13 17 22 25 24 23 21 20 19 18 16 15 14 
1 2 3 4 5 6 7 8 9 10 11 12 13 18 19 20 21 23 24 25 22 17 16 15 14 
1 2 3 4 5 6 7 8 9 10 11 12 13 18 19 20 21 24 25 23 22 17 16 15 14 
1 2 3 4 5 6 7 8 9 10 11 12 13 18 19 20 22 23 25 24 21 17 16 15 14 
1 2 3 4 5 6 7 8 9 10 11 12 13 18 19 20 23 24 25 22 21 17 16 15 14 
1 2 3 4 5 6 7 8 9 10 11 12 13 18 19 20 24 25 23 22 21 17 16 15 14 
1 2 3 4 5 6 7 8 9 10 11 12 13 18 19 21 22 23 24 25 20 17 16 15 14 
1 2 3 4 5 6 7 8 9 10 11 12 13 18 19 21 22 24 25 23 20 17 16 15 14 
1 2 3 4 5 6 7 8 9 10 11 12 13 18 19 21 23 25 24 22 20 17 16 15 14 
1 2 3 4 5 6 7 8 9 10 11 12 13 18 19 22 23 24 25 21 20 17 16 15 14 
1 2 3 4 5 6 7 8 9 10 11 12 13 18 19 22 24 25 23 21 20 17 16 15 14 
1 2 3 4 5 6 7 8 9 10 11 12 13 18 19 23 25 24 22 21 20 17 16 15 14 
1 2 3 4 5 6 7 8 9 10 11 12 13 18 19 25 24 23 22 21 20 17 16 15 14 
1 2 3 4 5 6 7 8 9 10 11 12 13 18 20 21 22 23 25 24 19 17 16 15 14 
1 2 3 4 5 6 7 8 9 10 11 12 13 18 20 21 22 25 24 23 19 17 16 15 14 
1 2 3 4 5 6 7 8 9 10 11 12 13 18 20 21 24 25 23 22 19 17 16 15 14 
1 2 3 4 5 6 7 8 9 10 11 12 13 18 20 22 23 25 24 21 19 17 16 15 14 
1 2 3 4 5 6 7 8 9 10 11 12 13 18 20 23 24 25 22 21 19 17 16 15 14 
1 2 3 4 5 6 7 8 9 10 11 12 13 18 21 22 23 24 25 20 19 17 16 15 14 
1 2 3 4 5 6 7 8 9 10 11 12 13 18 21 22 24 25 23 20 19 17 16 15 14 
1 2 3 4 5 6 7 8 9 10 11 12 13 18 21 23 25 24 22 20 19 17 16 15 14 
1 2 3 4 5 6 7 8 9 10 11 12 13 18 21 25 24 23 22 20 19 17 16 15 14 
1 2 3 4 5 6 7 8 9 10 11 12 13 18 22 24 25 23 21 20 19 17 16 15 14 
1 2 3 4 5 6 7 8 9 10 11 12 13 18 23 25 24 22 21 20 19 17 16 15 14 
1 2 3 4 5 6 7 8 9 10 11 12 13 18 25 24 23 22 21 20 19 17 16 15 14 
1 2 3 4 5 6 7 8 9 10 11 12 13 19 20 21 22 23 24 25 18 17 16 15 14 
1 2 3 4 5 6 7 8 9 10 11 12 13 19 20 21 22 24 25 23 18 17 16 15 14 
1 2 3 4 5 6 7 8 9 10 11 12 13 19 20 22 23 24 25 21 18 17 16 15 14 
1 2 3 4 5 6 7 8 9 10 11 12 13 19 20 23 25 24 22 21 18 17 16 15 14 
1 2 3 4 5 6 7 8 9 10 11 12 13 19 21 22 23 25 24 20 18 17 16 15 14 
1 2 3 4 5 6 7 8 9 10 11 12 13 19 21 22 25 24 23 20 18 17 16 15 14 
1 2 3 4 5 6 7 8 9 10 11 12 13 19 21 23 24 25 22 20 18 17 16 15 14 
1 2 3 4 5 6 7 8 9 10 11 12 13 19 21 24 25 23 22 20 18 17 16 15 14 
1 2 3 4 5 6 7 8 9 10 11 12 13 19 22 23 25 24 21 20 18 17 16 15 14 
1 2 3 4 5 6 7 8 9 10 11 12 13 19 22 25 24 23 21 20 18 17 16 15 14 
1 2 3 4 5 6 7 8 9 10 11 12 13 19 23 24 25 22 21 20 18 17 16 15 14 
1 2 3 4 5 6 7 8 9 10 11 12 13 19 24 25 23 22 21 20 18 17 16 15 14 
1 2 3 4 5 6 7 8 9 10 11 12 13 20 21 22 23 24 25 19 18 17 16 15 14 
1 2 3 4 5 6 7 8 9 10 11 12 13 20 21 23 25 24 22 19 18 17 16 15 14 
1 2 3 4 5 6 7 8 9 10 11 12 13 20 22 23 24 25 21 19 18 17 16 15 14 
1 2 3 4 5 6 7 8 9 10 11 12 13 21 22 23 25 24 20 19 18 17 16 15 14 
1 2 3 4 5 6 7 8 9 10 11 12 13 21 22 25 24 23 20 19 18 17 16 15 14 
1 2 3 4 5 6 7 8 9 10 11 12 13 21 23 24 25 22 20 19 18 17 16 15 14 
1 2 3 4 5 6 7 8 9 10 11 12 13 21 24 25 23 22 20 19 18 17 16 15 14 
1 2 3 4 5 6 7 8 9 10 11 12 13 22 23 25 24 21 20 19 18 17 16 15 14 
1 2 3 4 5 6 7 8 9 10 11 12 13 22 25 24 23 21 20 19 18 17 16 15 14 
1 2 3 4 5 6 7 8 9 10 11 12 14 15 16 17 18 19 25 24 23 22 21 20 13 
1 2 3 4 5 6 7 8 9 10 11 12 14 15 16 17 18 20 24 25 23 22 21 19 13 
1 2 3 4 5 6 7 8 9 10 11 12 14 15 16 17 18 25 24 23 22 21 20 19 13 
1 2 3 4 5 6 7 8 9 10 11 12 14 15 16 17 19 20 25 24 23 22 21 18 13 
1 2 3 4 5 6 7 8 9 10 11 12 14 15 16 17 19 24 25 23 22 21 20 18 13 
1 2 3 4 5 6 7 8 9 10 11 12 14 15 16 17 20 21 23 25 24 22 19 18 13 
1 2 3 4 5 6 7 8 9 10 11 12 14 15 16 17 23 24 25 22 21 20 19 18 13 
1 2 3 4 5 6 7 8 9 10 11 12 14 15 16 17 24 25 23 22 21 20 19 18 13 
1 2 3 4 5 6 7 8 9 10 11 12 14 15 16 18 19 20 24 25 23 22 21 17 13 
1 2 3 4 5 6 7 8 9 10 11 12 14 15 16 18 19 25 24 23 22 21 20 17 13 
1 2 3 4 5 6 7 8 9 10 11 12 14 15 16 18 20 21 23 24 25 22 19 17 13 
1 2 3 4 5 6 7 8 9 10 11 12 14 15 16 18 23 25 24 22 21 20 19 17 13 
1 2 3 4 5 6 7 8 9 10 11 12 14 15 16 18 25 24 23 22 21 20 19 17 13 
1 2 3 4 5 6 7 8 9 10 11 12 14 15 16 19 20 21 25 24 23 22 18 17 13 
1 2 3 4 5 6 7 8 9 10 11 12 14 15 16 19 20 23 25 24 22 21 18 17 13 
1 2 3 4 5 6 7 8 9 10 11 12 14 15 16 19 22 23 25 24 21 20 18 17 13 
1 2 3 4 5 6 7 8 9 10 11 12 14 15 16 19 23 24 25 22 21 20 18 17 13 
1 2 3 4 5 6 7 8 9 10 11 12 14 15 16 19 24 25 23 22 21 20 18 17 13 
1 2 3 4 5 6 7 8 9 10 11 12 14 15 16 20 22 23 24 25 21 19 18 17 13 
1 2 3 4 5 6 7 8 9 10 11 12 14 15 16 23 24 25 22 21 20 19 18 17 13 
1 2 3 4 5 6 7 8 9 10 11 12 14 15 16 24 25 23 22 21 20 19 18 17 13 
1 2 3 4 5 6 7 8 9 10 11 12 14 15 17 18 19 20 25 24 23 22 21 16 13 
1 2 3 4 5 6 7 8 9 10 11 12 14 15 17 18 19 24 25 23 22 21 20 16 13 
1 2 3 4 5 6 7 8 9 10 11 12 14 15 17 18 20 21 23 25 24 22 19 16 13 
1 2 3 4 5 6 7 8 9 10 11 12 14 15 17 18 23 24 25 22 21 20 19 16 13 
1 2 3 4 5 6 7 8 9 10 11 12 14 15 17 18 24 25 23 22 21 20 19 16 13 
1 2 3 4 5 6 7 8 9 10 11 12 14 15 17 19 20 21 24 25 23 22 18 16 13 
1 2 3 4 5 6 7 8 9 10 11 12 14 15 17 19 20 23 24 25 22 21 18 16 13 
1 2 3 4 5 6 7 8 9 10 11 12 14 15 17 19 22 23 24 25 21 20 18 16 13 
1 2 3 4 5 6 7 8 9 10 11 12 14 15 17 19 23 25 24 22 21 20 18 16 13 
1 2 3 4 5 6 7 8 9 10 11 12 14 15 17 19 25 24 23 22 21 20 18 16 13 
1 2 3 4 5 6 7 8 9 10 11 12 14 15 17 20 22 23 25 24 21 19 18 16 13 
1 2 3 4 5 6 7 8 9 10 11 12 14 15 17 23 25 24 22 21 20 19 18 16 13 
1 2 3 4 5 6 7 8 9 10 11 12 14 15 17 25 24 23 22 21 20 19 18 16 13 
1 2 3 4 5 6 7 8 9 10 11 12 14 15 18 19 20 25 24 23 22 21 17 16 13 
1 2 3 4 5 6 7 8 9 10 11 12 14 15 18 19 22 25 24 23 21 20 17 16 13 
1 2 3 4 5 6 7 8 9 10 11 12 14 15 18 19 23 24 25 22 21 20 17 16 13 
1 2 3 4 5 6 7 8 9 10 11 12 14 15 18 19 24 25 23 22 21 20 17 16 13 
1 2 3 4 5 6 7 8 9 10 11 12 14 15 18 20 23 25 24 22 21 19 17 16 13 
1 2 3 4 5 6 7 8 9 10 11 12 14 15 18 22 23 25 24 21 20 19 17 16 13 
1 2 3 4 5 6 7 8 9 10 11 12 14 15 18 23 24 25 22 21 20 19 17 16 13 
1 2 3 4 5 6 7 8 9 10 11 12 14 15 18 24 25 23 22 21 20 19 17 16 13 
1 2 3 4 5 6 7 8 9 10 11 12 14 15 19 20 21 22 25 24 23 18 17 16 13 
1 2 3 4 5 6 7 8 9 10 11 12 14 15 19 20 22 23 25 24 21 18 17 16 13 
1 2 3 4 5 6 7 8 9 10 11 12 14 15 19 20 23 24 25 22 21 18 17 16 13 
1 2 3 4 5 6 7 8 9 10 11 12 14 15 19 22 23 24 25 21 20 18 17 16 13 
1 2 3 4 5 6 7 8 9 10 11 12 14 15 21 22 23 24 25 20 19 18 17 16 13 
1 2 3 4 5 6 7 8 9 10 11 12 14 15 22 23 24 25 21 20 19 18 17 16 13 
1 2 3 4 5 6 7 8 9 10 11 12 14 15 22 24 25 23 21 20 19 18 17 16 13 
1 2 3 4 5 6 7 8 9 10 11 12 14 15 23 25 24 22 21 20 19 18 17 16 13 
1 2 3 4 5 6 7 8 9 10 11 12 14 16 17 18 19 20 24 25 23 22 21 15 13 
1 2 3 4 5 6 7 8 9 10 11 12 14 16 17 18 19 25 24 23 22 21 20 15 13 
1 2 3 4 5 6 7 8 9 10 11 12 14 16 17 18 20 21 23 24 25 22 19 15 13 
1 2 3 4 5 6 7 8 9 10 11 12 14 16 17 18 23 25 24 22 21 20 19 15 13 
1 2 3 4 5 6 7 8 9 10 11 12 14 16 17 18 25 24 23 22 21 20 19 15 13 
1 2 3 4 5 6 7 8 9 10 11 12 14 16 17 19 20 21 25 24 23 22 18 15 13 
1 2 3 4 5 6 7 8 9 10 11 12 14 16 17 19 20 23 25 24 22 21 18 15 13 
1 2 3 4 5 6 7 8 9 10 11 12 14 16 17 19 22 23 25 24 21 20 18 15 13 
1 2 3 4 5 6 7 8 9 10 11 12 14 16 17 19 23 24 25 22 21 20 18 15 13 
1 2 3 4 5 6 7 8 9 10 11 12 14 16 17 19 24 25 23 22 21 20 18 15 13 
1 2 3 4 5 6 7 8 9 10 11 12 14 16 17 20 22 23 24 25 21 19 18 15 13 
1 2 3 4 5 6 7 8 9 10 11 12 14 16 17 23 24 25 22 21 20 19 18 15 13 
1 2 3 4 5 6 7 8 9 10 11 12 14 16 17 24 25 23 22 21 20 19 18 15 13 
1 2 3 4 5 6 7 8 9 10 11 12 14 16 18 19 20 24 25 23 22 21 17 15 13 
1 2 3 4 5 6 7 8 9 10 11 12 14 16 18 19 22 24 25 23 21 20 17 15 13 
1 2 3 4 5 6 7 8 9 10 11 12 14 16 18 19 23 25 24 22 21 20 17 15 13 
1 2 3 4 5 6 7 8 9 10 11 12 14 16 18 19 25 24 23 22 21 20 17 15 13 
1 2 3 4 5 6 7 8 9 10 11 12 14 16 18 20 23 24 25 22 21 19 17 15 13 
1 2 3 4 5 6 7 8 9 10 11 12 14 16 18 22 23 24 25 21 20 19 17 15 13 
1 2 3 4 5 6 7 8 9 10 11 12 14 16 18 23 25 24 22 21 20 19 17 15 13 
1 2 3 4 5 6 7 8 9 10 11 12 14 16 18 25 24 23 22 21 20 19 17 15 13 
1 2 3 4 5 6 7 8 9 10 11 12 14 16 19 20 21 22 24 25 23 18 17 15 13 
1 2 3 4 5 6 7 8 9 10 11 12 14 16 19 20 22 23 24 25 21 18 17 15 13 
1 2 3 4 5 6 7 8 9 10 11 12 14 16 19 20 23 25 24 22 21 18 17 15 13 
1 2 3 4 5 6 7 8 9 10 11 12 14 16 19 22 23 25 24 21 20 18 17 15 13 
1 2 3 4 5 6 7 8 9 10 11 12 14 16 21 22 23 25 24 20 19 18 17 15 13 
1 2 3 4 5 6 7 8 9 10 11 12 14 16 22 23 25 24 21 20 19 18 17 15 13 
1 2 3 4 5 6 7 8 9 10 11 12 14 16 22 25 24 23 21 20 19 18 17 15 13 
1 2 3 4 5 6 7 8 9 10 11 12 14 16 23 24 25 22 21 20 19 18 17 15 13 
1 2 3 4 5 6 7 8 9 10 11 12 14 17 18 19 20 21 23 25 24 22 16 15 13 
1 2 3 4 5 6 7 8 9 10 11 12 14 17 18 19 23 24 25 22 21 20 16 15 13 
1 2 3 4 5 6 7 8 9 10 11 12 14 17 18 19 24 25 23 22 21 20 16 15 13 
1 2 3 4 5 6 7 8 9 10 11 12 14 17 18 20 22 24 25 23 21 19 16 15 13 
1 2 3 4 5 6 7 8 9 10 11 12 14 17 18 20 25 24 23 22 21 19 16 15 13 
1 2 3 4 5 6 7 8 9 10 11 12 14 17 18 22 25 24 23 21 20 19 16 15 13 
1 2 3 4 5 6 7 8 9 10 11 12 14 17 18 23 24 25 22 21 20 19 16 15 13 
1 2 3 4 5 6 7 8 9 10 11 12 14 17 18 24 25 23 22 21 20 19 16 15 13 
1 2 3 4 5 6 7 8 9 10 11 12 14 17 19 20 22 25 24 23 21 18 16 15 13 
1 2 3 4 5 6 7 8 9 10 11 12 14 17 19 23 25 24 22 21 20 18 16 15 13 
1 2 3 4 5 6 7 8 9 10 11 12 14 17 21 23 25 24 22 20 19 18 16 15 13 
1 2 3 4 5 6 7 8 9 10 11 12 14 17 22 23 24 25 21 20 19 18 16 15 13 
1 2 3 4 5 6 7 8 9 10 11 12 14 17 22 24 25 23 21 20 19 18 16 15 13 
1 2 3 4 5 6 7 8 9 10 11 12 14 17 23 25 24 22 21 20 19 18 16 15 13 
1 2 3 4 5 6 7 8 9 10 11 12 14 17 25 24 23 22 21 20 19 18 16 15 13 
1 2 3 4 5 6 7 8 9 10 11 12 14 18 19 20 21 25 24 23 22 17 16 15 13 
1 2 3 4 5 6 7 8 9 10 11 12 14 18 19 20 22 23 24 25 21 17 16 15 13 
1 2 3 4 5 6 7 8 9 10 11 12 14 18 19 20 22 24 25 23 21 17 16 15 13 
1 2 3 4 5 6 7 8 9 10 11 12 14 18 19 20 23 25 24 22 21 17 16 15 13 
1 2 3 4 5 6 7 8 9 10 11 12 14 18 19 21 22 25 24 23 20 17 16 15 13 
1 2 3 4 5 6 7 8 9 10 11 12 14 18 19 22 23 25 24 21 20 17 16 15 13 
1 2 3 4 5 6 7 8 9 10 11 12 14 18 19 23 24 25 22 21 20 17 16 15 13 
1 2 3 4 5 6 7 8 9 10 11 12 14 18 21 22 23 25 24 20 19 17 16 15 13 
1 2 3 4 5 6 7 8 9 10 11 12 14 18 21 23 24 25 22 20 19 17 16 15 13 
1 2 3 4 5 6 7 8 9 10 11 12 14 18 22 23 25 24 21 20 19 17 16 15 13 
1 2 3 4 5 6 7 8 9 10 11 12 14 18 22 25 24 23 21 20 19 17 16 15 13 
1 2 3 4 5 6 7 8 9 10 11 12 14 18 23 24 25 22 21 20 19 17 16 15 13 
1 2 3 4 5 6 7 8 9 10 11 12 14 18 24 25 23 22 21 20 19 17 16 15 13 
1 2 3 4 5 6 7 8 9 10 11 12 14 19 20 21 22 23 25 24 18 17 16 15 13 
1 2 3 4 5 6 7 8 9 10 11 12 14 19 21 22 23 24 25 20 18 17 16 15 13 
1 2 3 4 5 6 7 8 9 10 11 12 14 19 21 23 25 24 22 20 18 17 16 15 13 
1 2 3 4 5 6 7 8 9 10 11 12 14 19 22 23 24 25 21 20 18 17 16 15 13 
1 2 3 4 5 6 7 8 9 10 11 12 14 21 22 23 24 25 20 19 18 17 16 15 13 
1 2 3 4 5 6 7 8 9 10 11 12 14 22 23 24 25 21 20 19 18 17 16 15 13 
1 2 3 4 5 6 7 8 9 10 11 12 14 22 24 25 23 21 20 19 18 17 16 15 13 
1 2 3 4 5 6 7 8 9 10 11 12 14 23 25 24 22 21 20 19 18 17 16 15 13 
1 2 3 4 5 6 7 8 9 10 11 12 15 16 17 18 19 20 25 24 23 22 21 14 13 
1 2 3 4 5 6 7 8 9 10 11 12 15 16 17 18 19 24 25 23 22 21 20 14 13 
1 2 3 4 5 6 7 8 9 10 11 12 15 16 17 18 20 21 23 25 24 22 19 14 13 
1 2 3 4 5 6 7 8 9 10 11 12 15 16 17 18 23 24 25 22 21 20 19 14 13 
1 2 3 4 5 6 7 8 9 10 11 12 15 16 17 18 24 25 23 22 21 20 19 14 13 
1 2 3 4 5 6 7 8 9 10 11 12 15 16 17 19 20 21 24 25 23 22 18 14 13 
1 2 3 4 5 6 7 8 9 10 11 12 15 16 17 19 20 23 24 25 22 21 18 14 13 
1 2 3 4 5 6 7 8 9 10 11 12 15 16 17 19 22 23 24 25 21 20 18 14 13 
1 2 3 4 5 6 7 8 9 10 11 12 15 16 17 19 23 25 24 22 21 20 18 14 13 
1 2 3 4 5 6 7 8 9 10 11 12 15 16 17 19 25 24 23 22 21 20 18 14 13 
1 2 3 4 5 6 7 8 9 10 11 12 15 16 17 20 22 23 25 24 21 19 18 14 13 
1 2 3 4 5 6 7 8 9 10 11 12 15 16 17 23 25 24 22 21 20 19 18 14 13 
1 2 3 4 5 6 7 8 9 10 11 12 15 16 17 25 24 23 22 21 20 19 18 14 13 
1 2 3 4 5 6 7 8 9 10 11 12 15 16 18 19 20 25 24 23 22 21 17 14 13 
1 2 3 4 5 6 7 8 9 10 11 12 15 16 18 19 22 25 24 23 21 20 17 14 13 
1 2 3 4 5 6 7 8 9 10 11 12 15 16 18 19 23 24 25 22 21 20 17 14 13 
1 2 3 4 5 6 7 8 9 10 11 12 15 16 18 19 24 25 23 22 21 20 17 14 13 
1 2 3 4 5 6 7 8 9 10 11 12 15 16 18 20 23 25 24 22 21 19 17 14 13 
1 2 3 4 5 6 7 8 9 10 11 12 15 16 18 22 23 25 24 21 20 19 17 14 13 
1 2 3 4 5 6 7 8 9 10 11 12 15 16 18 23 24 25 22 21 20 19 17 14 13 
1 2 3 4 5 6 7 8 9 10 11 12 15 16 18 24 25 23 22 21 20 19 17 14 13 
1 2 3 4 5 6 7 8 9 10 11 12 15 16 19 20 21 22 25 24 23 18 17 14 13 
1 2 3 4 5 6 7 8 9 10 11 12 15 16 19 20 22 23 25 24 21 18 17 14 13 
1 2 3 4 5 6 7 8 9 10 11 12 15 16 19 20 23 24 25 22 21 18 17 14 13 
1 2 3 4 5 6 7 8 9 10 11 12 15 16 19 22 23 24 25 21 20 18 17 14 13 
1 2 3 4 5 6 7 8 9 10 11 12 15 16 21 22 23 24 25 20 19 18 17 14 13 
1 2 3 4 5 6 7 8 9 10 11 12 15 16 22 23 24 25 21 20 19 18 17 14 13 
1 2 3 4 5 6 7 8 9 10 11 12 15 16 22 24 25 23 21 20 19 18 17 14 13 
1 2 3 4 5 6 7 8 9 10 11 12 15 16 23 25 24 22 21 20 19 18 17 14 13 
1 2 3 4 5 6 7 8 9 10 11 12 15 17 18 19 20 21 23 24 25 22 16 14 13 
1 2 3 4 5 6 7 8 9 10 11 12 15 17 18 19 23 25 24 22 21 20 16 14 13 
1 2 3 4 5 6 7 8 9 10 11 12 15 17 18 19 25 24 23 22 21 20 16 14 13 
1 2 3 4 5 6 7 8 9 10 11 12 15 17 18 20 22 25 24 23 21 19 16 14 13 
1 2 3 4 5 6 7 8 9 10 11 12 15 17 18 20 24 25 23 22 21 19 16 14 13 
1 2 3 4 5 6 7 8 9 10 11 12 15 17 18 22 24 25 23 21 20 19 16 14 13 
1 2 3 4 5 6 7 8 9 10 11 12 15 17 18 23 25 24 22 21 20 19 16 14 13 
1 2 3 4 5 6 7 8 9 10 11 12 15 17 18 25 24 23 22 21 20 19 16 14 13 
1 2 3 4 5 6 7 8 9 10 11 12 15 17 19 20 22 24 25 23 21 18 16 14 13 
1 2 3 4 5 6 7 8 9 10 11 12 15 17 19 23 24 25 22 21 20 18 16 14 13 
1 2 3 4 5 6 7 8 9 10 11 12 15 17 21 23 24 25 22 20 19 18 16 14 13 
1 2 3 4 5 6 7 8 9 10 11 12 15 17 22 23 25 24 21 20 19 18 16 14 13 
1 2 3 4 5 6 7 8 9 10 11 12 15 17 22 25 24 23 21 20 19 18 16 14 13 
1 2 3 4 5 6 7 8 9 10 11 12 15 17 23 24 25 22 21 20 19 18 16 14 13 
1 2 3 4 5 6 7 8 9 10 11 12 15 17 24 25 23 22 21 20 19 18 16 14 13 
1 2 3 4 5 6 7 8 9 10 11 12 15 18 19 20 21 24 25 23 22 17 16 14 13 
1 2 3 4 5 6 7 8 9 10 11 12 15 18 19 20 22 23 25 24 21 17 16 14 13 
1 2 3 4 5 6 7 8 9 10 11 12 15 18 19 20 22 25 24 23 21 17 16 14 13 
1 2 3 4 5 6 7 8 9 10 11 12 15 18 19 20 23 24 25 22 21 17 16 14 13 
1 2 3 4 5 6 7 8 9 10 11 12 15 18 19 21 22 24 25 23 20 17 16 14 13 
1 2 3 4 5 6 7 8 9 10 11 12 15 18 19 22 23 24 25 21 20 17 16 14 13 
1 2 3 4 5 6 7 8 9 10 11 12 15 18 19 23 25 24 22 21 20 17 16 14 13 
1 2 3 4 5 6 7 8 9 10 11 12 15 18 21 22 23 24 25 20 19 17 16 14 13 
1 2 3 4 5 6 7 8 9 10 11 12 15 18 21 23 25 24 22 20 19 17 16 14 13 
1 2 3 4 5 6 7 8 9 10 11 12 15 18 22 23 24 25 21 20 19 17 16 14 13 
1 2 3 4 5 6 7 8 9 10 11 12 15 18 22 24 25 23 21 20 19 17 16 14 13 
1 2 3 4 5 6 7 8 9 10 11 12 15 18 23 25 24 22 21 20 19 17 16 14 13 
1 2 3 4 5 6 7 8 9 10 11 12 15 18 25 24 23 22 21 20 19 17 16 14 13 
1 2 3 4 5 6 7 8 9 10 11 12 15 19 20 21 22 23 24 25 18 17 16 14 13 
1 2 3 4 5 6 7 8 9 10 11 12 15 19 21 22 23 25 24 20 18 17 16 14 13 
1 2 3 4 5 6 7 8 9 10 11 12 15 19 21 23 24 25 22 20 18 17 16 14 13 
1 2 3 4 5 6 7 8 9 10 11 12 15 19 22 23 25 24 21 20 18 17 16 14 13 
1 2 3 4 5 6 7 8 9 10 11 12 15 21 22 23 25 24 20 19 18 17 16 14 13 
1 2 3 4 5 6 7 8 9 10 11 12 15 22 23 25 24 21 20 19 18 17 16 14 13 
1 2 3 4 5 6 7 8 9 10 11 12 15 22 25 24 23 21 20 19 18 17 16 14 13 
1 2 3 4 5 6 7 8 9 10 11 12 15 23 24 25 22 21 20 19 18 17 16 14 13 
1 2 3 4 5 6 7 8 9 10 11 12 16 17 18 19 20 21 25 24 23 22 15 14 13 
1 2 3 4 5 6 7 8 9 10 11 12 16 17 18 19 20 23 25 24 22 21 15 14 13 
1 2 3 4 5 6 7 8 9 10 11 12 16 17 18 19 22 23 25 24 21 20 15 14 13 
1 2 3 4 5 6 7 8 9 10 11 12 16 17 18 19 23 24 25 22 21 20 15 14 13 
1 2 3 4 5 6 7 8 9 10 11 12 16 17 18 19 24 25 23 22 21 20 15 14 13 
1 2 3 4 5 6 7 8 9 10 11 12 16 17 18 20 22 23 24 25 21 19 15 14 13 
1 2 3 4 5 6 7 8 9 10 11 12 16 17 18 23 24 25 22 21 20 19 15 14 13 
1 2 3 4 5 6 7 8 9 10 11 12 16 17 18 24 25 23 22 21 20 19 15 14 13 
1 2 3 4 5 6 7 8 9 10 11 12 16 17 19 20 21 22 23 25 24 18 15 14 13 
1 2 3 4 5 6 7 8 9 10 11 12 16 17 19 20 24 25 23 22 21 18 15 14 13 
1 2 3 4 5 6 7 8 9 10 11 12 16 17 19 22 24 25 23 21 20 18 15 14 13 
1 2 3 4 5 6 7 8 9 10 11 12 16 17 19 25 24 23 22 21 20 18 15 14 13 
1 2 3 4 5 6 7 8 9 10 11 12 16 17 21 22 24 25 23 20 19 18 15 14 13 
1 2 3 4 5 6 7 8 9 10 11 12 16 17 21 25 24 23 22 20 19 18 15 14 13 
1 2 3 4 5 6 7 8 9 10 11 12 16 17 22 23 24 25 21 20 19 18 15 14 13 
1 2 3 4 5 6 7 8 9 10 11 12 16 17 22 24 25 23 21 20 19 18 15 14 13 
1 2 3 4 5 6 7 8 9 10 11 12 16 17 25 24 23 22 21 20 19 18 15 14 13 
1 2 3 4 5 6 7 8 9 10 11 12 16 18 19 20 22 23 24 25 21 17 15 14 13 
1 2 3 4 5 6 7 8 9 10 11 12 16 18 19 20 22 24 25 23 21 17 15 14 13 
1 2 3 4 5 6 7 8 9 10 11 12 16 18 19 20 25 24 23 22 21 17 15 14 13 
1 2 3 4 5 6 7 8 9 10 11 12 16 18 19 22 25 24 23 21 20 17 15 14 13 
1 2 3 4 5 6 7 8 9 10 11 12 16 18 20 21 22 24 25 23 19 17 15 14 13 
1 2 3 4 5 6 7 8 9 10 11 12 16 18 21 22 25 24 23 20 19 17 15 14 13 
1 2 3 4 5 6 7 8 9 10 11 12 16 18 22 23 25 24 21 20 19 17 15 14 13 
1 2 3 4 5 6 7 8 9 10 11 12 16 18 22 25 24 23 21 20 19 17 15 14 13 
1 2 3 4 5 6 7 8 9 10 11 12 16 18 23 24 25 22 21 20 19 17 15 14 13 
1 2 3 4 5 6 7 8 9 10 11 12 16 18 24 25 23 22 21 20 19 17 15 14 13 
1 2 3 4 5 6 7 8 9 10 11 12 16 19 20 21 22 25 24 23 18 17 15 14 13 
1 2 3 4 5 6 7 8 9 10 11 12 16 19 21 25 24 23 22 20 18 17 15 14 13 
1 2 3 4 5 6 7 8 9 10 11 12 16 19 23 25 24 22 21 20 18 17 15 14 13 
1 2 3 4 5 6 7 8 9 10 11 12 16 21 23 25 24 22 20 19 18 17 15 14 13 
1 2 3 4 5 6 7 8 9 10 11 12 16 22 23 24 25 21 20 19 18 17 15 14 13 
1 2 3 4 5 6 7 8 9 10 11 12 16 22 24 25 23 21 20 19 18 17 15 14 13 
1 2 3 4 5 6 7 8 9 10 11 12 16 23 25 24 22 21 20 19 18 17 15 14 13 
1 2 3 4 5 6 7 8 9 10 11 12 16 25 24 23 22 21 20 19 18 17 15 14 13 
1 2 3 4 5 6 7 8 9 10 11 12 17 18 19 20 23 24 25 22 21 16 15 14 13 
1 2 3 4 5 6 7 8 9 10 11 12 17 18 19 20 24 25 23 22 21 16 15 14 13 
1 2 3 4 5 6 7 8 9 10 11 12 17 18 19 21 25 24 23 22 20 16 15 14 13 
1 2 3 4 5 6 7 8 9 10 11 12 17 18 19 22 23 24 25 21 20 16 15 14 13 
1 2 3 4 5 6 7 8 9 10 11 12 17 18 19 22 24 25 23 21 20 16 15 14 13 
1 2 3 4 5 6 7 8 9 10 11 12 17 18 19 23 25 24 22 21 20 16 15 14 13 
1 2 3 4 5 6 7 8 9 10 11 12 17 18 20 22 25 24 23 21 19 16 15 14 13 
1 2 3 4 5 6 7 8 9 10 11 12 17 18 21 22 23 24 25 20 19 16 15 14 13 
1 2 3 4 5 6 7 8 9 10 11 12 17 18 21 22 24 25 23 20 19 16 15 14 13 
1 2 3 4 5 6 7 8 9 10 11 12 17 18 21 23 25 24 22 20 19 16 15 14 13 
1 2 3 4 5 6 7 8 9 10 11 12 17 18 22 23 24 25 21 20 19 16 15 14 13 
1 2 3 4 5 6 7 8 9 10 11 12 17 18 22 24 25 23 21 20 19 16 15 14 13 
1 2 3 4 5 6 7 8 9 10 11 12 17 18 23 25 24 22 21 20 19 16 15 14 13 
1 2 3 4 5 6 7 8 9 10 11 12 17 18 25 24 23 22 21 20 19 16 15 14 13 
1 2 3 4 5 6 7 8 9 10 11 12 17 19 21 22 23 25 24 20 18 16 15 14 13 
1 2 3 4 5 6 7 8 9 10 11 12 17 19 21 22 25 24 23 20 18 16 15 14 13 
1 2 3 4 5 6 7 8 9 10 11 12 17 19 21 24 25 23 22 20 18 16 15 14 13 
1 2 3 4 5 6 7 8 9 10 11 12 17 19 22 23 25 24 21 20 18 16 15 14 13 
1 2 3 4 5 6 7 8 9 10 11 12 17 19 23 24 25 22 21 20 18 16 15 14 13 
1 2 3 4 5 6 7 8 9 10 11 12 17 21 22 23 25 24 20 19 18 16 15 14 13 
1 2 3 4 5 6 7 8 9 10 11 12 17 21 23 24 25 22 20 19 18 16 15 14 13 
1 2 3 4 5 6 7 8 9 10 11 12 17 22 23 25 24 21 20 19 18 16 15 14 13 
1 2 3 4 5 6 7 8 9 10 11 12 17 22 25 24 23 21 20 19 18 16 15 14 13 
1 2 3 4 5 6 7 8 9 10 11 12 17 23 24 25 22 21 20 19 18 16 15 14 13 
1 2 3 4 5 6 7 8 9 10 11 12 17 24 25 23 22 21 20 19 18 16 15 14 13 
1 2 3 4 5 6 7 8 9 10 11 12 18 19 20 21 22 25 24 23 17 16 15 14 13 
1 2 3 4 5 6 7 8 9 10 11 12 18 19 20 22 23 25 24 21 17 16 15 14 13 
1 2 3 4 5 6 7 8 9 10 11 12 18 19 21 22 23 24 25 20 17 16 15 14 13 
1 2 3 4 5 6 7 8 9 10 11 12 18 19 21 22 24 25 23 20 17 16 15 14 13 
1 2 3 4 5 6 7 8 9 10 11 12 18 19 22 23 24 25 21 20 17 16 15 14 13 
1 2 3 4 5 6 7 8 9 10 11 12 18 19 23 25 24 22 21 20 17 16 15 14 13 
1 2 3 4 5 6 7 8 9 10 11 12 18 20 21 22 23 25 24 19 17 16 15 14 13 
1 2 3 4 5 6 7 8 9 10 11 12 18 21 22 23 24 25 20 19 17 16 15 14 13 
1 2 3 4 5 6 7 8 9 10 11 12 18 21 23 25 24 22 20 19 17 16 15 14 13 
1 2 3 4 5 6 7 8 9 10 11 12 18 22 23 24 25 21 20 19 17 16 15 14 13 
1 2 3 4 5 6 7 8 9 10 11 12 19 20 21 22 23 24 25 18 17 16 15 14 13 
1 2 3 4 5 6 7 8 9 10 11 12 20 21 22 23 24 25 19 18 17 16 15 14 13 
1 2 3 4 5 6 7 8 9 10 11 12 20 21 23 25 24 22 19 18 17 16 15 14 13 
1 2 3 4 5 6 7 8 9 10 11 12 20 22 23 24 25 21 19 18 17 16 15 14 13 
1 2 3 4 5 6 7 8 9 10 11 12 21 22 23 25 24 20 19 18 17 16 15 14 13 
1 2 3 4 5 6 7 8 9 10 11 12 21 22 25 24 23 20 19 18 17 16 15 14 13 
1 2 3 4 5 6 7 8 9 10 11 12 21 23 24 25 22 20 19 18 17 16 15 14 13 
1 2 3 4 5 6 7 8 9 10 11 12 21 24 25 23 22 20 19 18 17 16 15 14 13 
1 2 3 4 5 6 7 8 9 10 11 12 22 23 25 24 21 20 19 18 17 16 15 14 13 
1 2 3 4 5 6 7 8 9 10 11 12 22 25 24 23 21 20 19 18 17 16 15 14 13 
1 2 3 4 5 6 7 8 9 10 11 13 14 15 16 17 25 24 23 22 21 20 19 18 12 
1 2 3 4 5 6 7 8 9 10 11 13 14 15 16 18 24 25 23 22 21 20 19 17 12 
1 2 3 4 5 6 7 8 9 10 11 13 14 15 16 25 24 23 22 21 20 19 18 17 12 
1 2 3 4 5 6 7 8 9 10 11 13 14 15 17 18 25 24 23 22 21 20 19 16 12 
1 2 3 4 5 6 7 8 9 10 11 13 14 15 17 24 25 23 22 21 20 19 18 16 12 
1 2 3 4 5 6 7 8 9 10 11 13 14 15 18 19 23 25 24 22 21 20 17 16 12 
1 2 3 4 5 6 7 8 9 10 11 13 14 15 23 24 25 22 21 20 19 18 17 16 12 
1 2 3 4 5 6 7 8 9 10 11 13 14 15 24 25 23 22 21 20 19 18 17 16 12 
1 2 3 4 5 6 7 8 9 10 11 13 14 16 17 18 24 25 23 22 21 20 19 15 12 
1 2 3 4 5 6 7 8 9 10 11 13 14 16 17 25 24 23 22 21 20 19 18 15 12 
1 2 3 4 5 6 7 8 9 10 11 13 14 16 18 19 23 24 25 22 21 20 17 15 12 
1 2 3 4 5 6 7 8 9 10 11 13 14 16 23 25 24 22 21 20 19 18 17 15 12 
1 2 3 4 5 6 7 8 9 10 11 13 14 16 25 24 23 22 21 20 19 18 17 15 12 
1 2 3 4 5 6 7 8 9 10 11 13 14 17 18 19 25 24 23 22 21 20 16 15 12 
1 2 3 4 5 6 7 8 9 10 11 13 14 17 18 23 25 24 22 21 20 19 16 15 12 
1 2 3 4 5 6 7 8 9 10 11 13 14 17 22 23 25 24 21 20 19 18 16 15 12 
1 2 3 4 5 6 7 8 9 10 11 13 14 17 23 24 25 22 21 20 19 18 16 15 12 
1 2 3 4 5 6 7 8 9 10 11 13 14 17 24 25 23 22 21 20 19 18 16 15 12 
1 2 3 4 5 6 7 8 9 10 11 13 14 18 19 20 22 25 24 23 21 17 16 15 12 
1 2 3 4 5 6 7 8 9 10 11 13 14 18 22 23 24 25 21 20 19 17 16 15 12 
1 2 3 4 5 6 7 8 9 10 11 13 14 23 24 25 22 21 20 19 18 17 16 15 12 
1 2 3 4 5 6 7 8 9 10 11 13 14 24 25 23 22 21 20 19 18 17 16 15 12 
1 2 3 4 5 6 7 8 9 10 11 13 15 16 17 18 25 24 23 22 21 20 19 14 12 
1 2 3 4 5 6 7 8 9 10 11 13 15 16 17 24 25 23 22 21 20 19 18 14 12 
1 2 3 4 5 6 7 8 9 10 11 13 15 16 18 19 23 25 24 22 21 20 17 14 12 
1 2 3 4 5 6 7 8 9 10 11 13 15 16 23 24 25 22 21 20 19 18 17 14 12 
1 2 3 4 5 6 7 8 9 10 11 13 15 16 24 25 23 22 21 20 19 18 17 14 12 
1 2 3 4 5 6 7 8 9 10 11 13 15 17 18 19 24 25 23 22 21 20 16 14 12 
1 2 3 4 5 6 7 8 9 10 11 13 15 17 18 23 24 25 22 21 20 19 16 14 12 
1 2 3 4 5 6 7 8 9 10 11 13 15 17 22 23 24 25 21 20 19 18 16 14 12 
1 2 3 4 5 6 7 8 9 10 11 13 15 17 23 25 24 22 21 20 19 18 16 14 12 
1 2 3 4 5 6 7 8 9 10 11 13 15 17 25 24 23 22 21 20 19 18 16 14 12 
1 2 3 4 5 6 7 8 9 10 11 13 15 18 19 20 22 24 25 23 21 17 16 14 12 
1 2 3 4 5 6 7 8 9 10 11 13 15 18 22 23 25 24 21 20 19 17 16 14 12 
1 2 3 4 5 6 7 8 9 10 11 13 15 23 25 24 22 21 20 19 18 17 16 14 12 
1 2 3 4 5 6 7 8 9 10 11 13 15 25 24 23 22 21 20 19 18 17 16 14 12 
1 2 3 4 5 6 7 8 9 10 11 13 16 17 18 25 24 23 22 21 20 19 15 14 12 
1 2 3 4 5 6 7 8 9 10 11 13 16 17 22 25 24 23 21 20 19 18 15 14 12 
1 2 3 4 5 6 7 8 9 10 11 13 16 17 23 24 25 22 21 20 19 18 15 14 12 
1 2 3 4 5 6 7 8 9 10 11 13 16 17 24 25 23 22 21 20 19 18 15 14 12 
1 2 3 4 5 6 7 8 9 10 11 13 16 18 23 25 24 22 21 20 19 17 15 14 12 
1 2 3 4 5 6 7 8 9 10 11 13 16 22 23 25 24 21 20 19 18 17 15 14 12 
1 2 3 4 5 6 7 8 9 10 11 13 16 23 24 25 22 21 20 19 18 17 15 14 12 
1 2 3 4 5 6 7 8 9 10 11 13 16 24 25 23 22 21 20 19 18 17 15 14 12 
1 2 3 4 5 6 7 8 9 10 11 13 17 18 19 20 25 24 23 22 21 16 15 14 12 
1 2 3 4 5 6 7 8 9 10 11 13 17 18 19 22 25 24 23 21 20 16 15 14 12 
1 2 3 4 5 6 7 8 9 10 11 13 17 18 21 22 25 24 23 20 19 16 15 14 12 
1 2 3 4 5 6 7 8 9 10 11 13 17 18 22 23 25 24 21 20 19 16 15 14 12 
1 2 3 4 5 6 7 8 9 10 11 13 17 18 23 24 25 22 21 20 19 16 15 14 12 
1 2 3 4 5 6 7 8 9 10 11 13 17 22 23 24 25 21 20 19 18 16 15 14 12 
1 2 3 4 5 6 7 8 9 10 11 13 18 19 21 22 23 25 24 20 17 16 15 14 12 
1 2 3 4 5 6 7 8 9 10 11 13 21 22 23 24 25 20 19 18 17 16 15 14 12 
1 2 3 4 5 6 7 8 9 10 11 13 22 23 24 25 21 20 19 18 17 16 15 14 12 
1 2 3 4 5 6 7 8 9 10 11 13 22 24 25 23 21 20 19 18 17 16 15 14 12 
1 2 3 4 5 6 7 8 9 10 11 13 23 25 24 22 21 20 19 18 17 16 15 14 12 
1 2 3 4 5 6 7 8 9 10 11 14 15 16 17 18 24 25 23 22 21 20 19 13 12 
1 2 3 4 5 6 7 8 9 10 11 14 15 16 17 25 24 23 22 21 20 19 18 13 12 
1 2 3 4 5 6 7 8 9 10 11 14 15 16 18 19 23 24 25 22 21 20 17 13 12 
1 2 3 4 5 6 7 8 9 10 11 14 15 16 23 25 24 22 21 20 19 18 17 13 12 
1 2 3 4 5 6 7 8 9 10 11 14 15 16 25 24 23 22 21 20 19 18 17 13 12 
1 2 3 4 5 6 7 8 9 10 11 14 15 17 18 19 25 24 23 22 21 20 16 13 12 
1 2 3 4 5 6 7 8 9 10 11 14 15 17 18 23 25 24 22 21 20 19 16 13 12 
1 2 3 4 5 6 7 8 9 10 11 14 15 17 22 23 25 24 21 20 19 18 16 13 12 
1 2 3 4 5 6 7 8 9 10 11 14 15 17 23 24 25 22 21 20 19 18 16 13 12 
1 2 3 4 5 6 7 8 9 10 11 14 15 17 24 25 23 22 21 20 19 18 16 13 12 
1 2 3 4 5 6 7 8 9 10 11 14 15 18 19 20 22 25 24 23 21 17 16 13 12 
1 2 3 4 5 6 7 8 9 10 11 14 15 18 22 23 24 25 21 20 19 17 16 13 12 
1 2 3 4 5 6 7 8 9 10 11 14 15 23 24 25 22 21 20 19 18 17 16 13 12 
1 2 3 4 5 6 7 8 9 10 11 14 15 24 25 23 22 21 20 19 18 17 16 13 12 
1 2 3 4 5 6 7 8 9 10 11 14 16 17 18 24 25 23 22 21 20 19 15 13 12 
1 2 3 4 5 6 7 8 9 10 11 14 16 17 22 24 25 23 21 20 19 18 15 13 12 
1 2 3 4 5 6 7 8 9 10 11 14 16 17 23 25 24 22 21 20 19 18 15 13 12 
1 2 3 4 5 6 7 8 9 10 11 14 16 17 25 24 23 22 21 20 19 18 15 13 12 
1 2 3 4 5 6 7 8 9 10 11 14 16 18 23 24 25 22 21 20 19 17 15 13 12 
1 2 3 4 5 6 7 8 9 10 11 14 16 22 23 24 25 21 20 19 18 17 15 13 12 
1 2 3 4 5 6 7 8 9 10 11 14 16 23 25 24 22 21 20 19 18 17 15 13 12 
1 2 3 4 5 6 7 8 9 10 11 14 16 25 24 23 22 21 20 19 18 17 15 13 12 
1 2 3 4 5 6 7 8 9 10 11 14 17 18 19 20 24 25 23 22 21 16 15 13 12 
1 2 3 4 5 6 7 8 9 10 11 14 17 18 19 22 24 25 23 21 20 16 15 13 12 
1 2 3 4 5 6 7 8 9 10 11 14 17 18 21 22 24 25 23 20 19 16 15 13 12 
1 2 3 4 5 6 7 8 9 10 11 14 17 18 22 23 24 25 21 20 19 16 15 13 12 
1 2 3 4 5 6 7 8 9 10 11 14 17 18 23 25 24 22 21 20 19 16 15 13 12 
1 2 3 4 5 6 7 8 9 10 11 14 17 22 23 25 24 21 20 19 18 16 15 13 12 
1 2 3 4 5 6 7 8 9 10 11 14 18 19 21 22 23 24 25 20 17 16 15 13 12 
1 2 3 4 5 6 7 8 9 10 11 14 21 22 23 25 24 20 19 18 17 16 15 13 12 
1 2 3 4 5 6 7 8 9 10 11 14 22 23 25 24 21 20 19 18 17 16 15 13 12 
1 2 3 4 5 6 7 8 9 10 11 14 22 25 24 23 21 20 19 18 17 16 15 13 12 
1 2 3 4 5 6 7 8 9 10 11 14 23 24 25 22 21 20 19 18 17 16 15 13 12 
1 2 3 4 5 6 7 8 9 10 11 15 16 17 18 19 23 25 24 22 21 20 14 13 12 
1 2 3 4 5 6 7 8 9 10 11 15 16 17 23 24 25 22 21 20 19 18 14 13 12 
1 2 3 4 5 6 7 8 9 10 11 15 16 17 24 25 23 22 21 20 19 18 14 13 12 
1 2 3 4 5 6 7 8 9 10 11 15 16 18 19 20 22 23 25 24 21 17 14 13 12 
1 2 3 4 5 6 7 8 9 10 11 15 16 18 22 24 25 23 21 20 19 17 14 13 12 
1 2 3 4 5 6 7 8 9 10 11 15 16 18 25 24 23 22 21 20 19 17 14 13 12 
1 2 3 4 5 6 7 8 9 10 11 15 16 22 25 24 23 21 20 19 18 17 14 13 12 
1 2 3 4 5 6 7 8 9 10 11 15 16 23 24 25 22 21 20 19 18 17 14 13 12 
1 2 3 4 5 6 7 8 9 10 11 15 16 24 25 23 22 21 20 19 18 17 14 13 12 
1 2 3 4 5 6 7 8 9 10 11 15 17 18 22 25 24 23 21 20 19 16 14 13 12 
1 2 3 4 5 6 7 8 9 10 11 15 17 19 21 22 24 25 23 20 18 16 14 13 12 
1 2 3 4 5 6 7 8 9 10 11 15 17 23 25 24 22 21 20 19 18 16 14 13 12 
1 2 3 4 5 6 7 8 9 10 11 15 18 19 21 22 25 24 23 20 17 16 14 13 12 
1 2 3 4 5 6 7 8 9 10 11 15 21 23 25 24 22 20 19 18 17 16 14 13 12 
1 2 3 4 5 6 7 8 9 10 11 15 22 23 24 25 21 20 19 18 17 16 14 13 12 
1 2 3 4 5 6 7 8 9 10 11 15 22 24 25 23 21 20 19 18 17 16 14 13 12 
1 2 3 4 5 6 7 8 9 10 11 15 23 25 24 22 21 20 19 18 17 16 14 13 12 
1 2 3 4 5 6 7 8 9 10 11 15 25 24 23 22 21 20 19 18 17 16 14 13 12 
1 2 3 4 5 6 7 8 9 10 11 16 17 18 19 25 24 23 22 21 20 15 14 13 12 
1 2 3 4 5 6 7 8 9 10 11 16 17 18 21 25 24 23 22 20 19 15 14 13 12 
1 2 3 4 5 6 7 8 9 10 11 16 17 18 22 23 24 25 21 20 19 15 14 13 12 
1 2 3 4 5 6 7 8 9 10 11 16 17 18 22 24 25 23 21 20 19 15 14 13 12 
1 2 3 4 5 6 7 8 9 10 11 16 17 18 23 25 24 22 21 20 19 15 14 13 12 
1 2 3 4 5 6 7 8 9 10 11 16 17 19 22 25 24 23 21 20 18 15 14 13 12 
1 2 3 4 5 6 7 8 9 10 11 16 17 21 22 25 24 23 20 19 18 15 14 13 12 
1 2 3 4 5 6 7 8 9 10 11 16 17 22 23 25 24 21 20 19 18 15 14 13 12 
1 2 3 4 5 6 7 8 9 10 11 16 17 23 24 25 22 21 20 19 18 15 14 13 12 
1 2 3 4 5 6 7 8 9 10 11 16 21 22 23 25 24 20 19 18 17 15 14 13 12 
1 2 3 4 5 6 7 8 9 10 11 16 21 23 24 25 22 20 19 18 17 15 14 13 12 
1 2 3 4 5 6 7 8 9 10 11 16 22 23 25 24 21 20 19 18 17 15 14 13 12 
1 2 3 4 5 6 7 8 9 10 11 16 22 25 24 23 21 20 19 18 17 15 14 13 12 
1 2 3 4 5 6 7 8 9 10 11 16 23 24 25 22 21 20 19 18 17 15 14 13 12 
1 2 3 4 5 6 7 8 9 10 11 16 24 25 23 22 21 20 19 18 17 15 14 13 12 
1 2 3 4 5 6 7 8 9 10 11 17 18 19 20 21 25 24 23 22 16 15 14 13 12 
1 2 3 4 5 6 7 8 9 10 11 17 18 19 21 22 25 24 23 20 16 15 14 13 12 
1 2 3 4 5 6 7 8 9 10 11 17 18 19 22 23 25 24 21 20 16 15 14 13 12 
1 2 3 4 5 6 7 8 9 10 11 17 18 21 22 23 25 24 20 19 16 15 14 13 12 
1 2 3 4 5 6 7 8 9 10 11 17 20 21 22 23 25 24 19 18 16 15 14 13 12 
1 2 3 4 5 6 7 8 9 10 11 17 21 22 23 24 25 20 19 18 16 15 14 13 12 
1 2 3 4 5 6 7 8 9 10 11 17 21 23 25 24 22 20 19 18 16 15 14 13 12 
1 2 3 4 5 6 7 8 9 10 11 17 22 23 24 25 21 20 19 18 16 15 14 13 12 
1 2 3 4 5 6 7 8 9 10 11 18 20 21 22 23 24 25 19 17 16 15 14 13 12 
1 2 3 4 5 6 7 8 9 10 11 21 22 23 24 25 20 19 18 17 16 15 14 13 12 
1 2 3 4 5 6 7 8 9 10 11 22 23 24 25 21 20 19 18 17 16 15 14 13 12 
1 2 3 4 5 6 7 8 9 10 11 22 24 25 23 21 20 19 18 17 16 15 14 13 12 
1 2 3 4 5 6 7 8 9 10 11 23 25 24 22 21 20 19 18 17 16 15 14 13 12 
1 2 3 4 5 6 7 8 9 10 12 13 14 15 25 24 23 22 21 20 19 18 17 16 11 
1 2 3 4 5 6 7 8 9 10 12 13 14 16 24 25 23 22 21 20 19 18 17 15 11 
1 2 3 4 5 6 7 8 9 10 12 13 14 25 24 23 22 21 20 19 18 17 16 15 11 
1 2 3 4 5 6 7 8 9 10 12 13 15 16 25 24 23 22 21 20 19 18 17 14 11 
1 2 3 4 5 6 7 8 9 10 12 13 15 24 25 23 22 21 20 19 18 17 16 14 11 
1 2 3 4 5 6 7 8 9 10 12 13 16 17 23 25 24 22 21 20 19 18 15 14 11 
1 2 3 4 5 6 7 8 9 10 12 13 23 24 25 22 21 20 19 18 17 16 15 14 11 
1 2 3 4 5 6 7 8 9 10 12 13 24 25 23 22 21 20 19 18 17 16 15 14 11 
1 2 3 4 5 6 7 8 9 10 12 14 15 16 24 25 23 22 21 20 19 18 17 13 11 
1 2 3 4 5 6 7 8 9 10 12 14 15 25 24 23 22 21 20 19 18 17 16 13 11 
1 2 3 4 5 6 7 8 9 10 12 14 16 17 23 24 25 22 21 20 19 18 15 13 11 
1 2 3 4 5 6 7 8 9 10 12 14 23 25 24 22 21 20 19 18 17 16 15 13 11 
1 2 3 4 5 6 7 8 9 10 12 14 25 24 23 22 21 20 19 18 17 16 15 13 11 
1 2 3 4 5 6 7 8 9 10 12 15 16 17 25 24 23 22 21 20 19 18 14 13 11 
1 2 3 4 5 6 7 8 9 10 12 15 16 23 25 24 22 21 20 19 18 17 14 13 11 
1 2 3 4 5 6 7 8 9 10 12 15 22 23 25 24 21 20 19 18 17 16 14 13 11 
1 2 3 4 5 6 7 8 9 10 12 15 23 24 25 22 21 20 19 18 17 16 14 13 11 
1 2 3 4 5 6 7 8 9 10 12 15 24 25 23 22 21 20 19 18 17 16 14 13 11 
1 2 3 4 5 6 7 8 9 10 12 16 17 18 22 25 24 23 21 20 19 15 14 13 11 
1 2 3 4 5 6 7 8 9 10 12 16 22 23 24 25 21 20 19 18 17 15 14 13 11 
1 2 3 4 5 6 7 8 9 10 12 23 24 25 22 21 20 19 18 17 16 15 14 13 11 
1 2 3 4 5 6 7 8 9 10 12 24 25 23 22 21 20 19 18 17 16 15 14 13 11 
1 2 3 4 5 6 7 8 9 10 13 14 15 16 25 24 23 22 21 20 19 18 17 12 11 
1 2 3 4 5 6 7 8 9 10 13 14 15 24 25 23 22 21 20 19 18 17 16 12 11 
1 2 3 4 5 6 7 8 9 10 13 14 16 17 23 25 24 22 21 20 19 18 15 12 11 
1 2 3 4 5 6 7 8 9 10 13 14 23 24 25 22 21 20 19 18 17 16 15 12 11 
1 2 3 4 5 6 7 8 9 10 13 14 24 25 23 22 21 20 19 18 17 16 15 12 11 
1 2 3 4 5 6 7 8 9 10 13 15 16 17 24 25 23 22 21 20 19 18 14 12 11 
1 2 3 4 5 6 7 8 9 10 13 15 16 23 24 25 22 21 20 19 18 17 14 12 11 
1 2 3 4 5 6 7 8 9 10 13 15 22 23 24 25 21 20 19 18 17 16 14 12 11 
1 2 3 4 5 6 7 8 9 10 13 15 23 25 24 22 21 20 19 18 17 16 14 12 11 
1 2 3 4 5 6 7 8 9 10 13 15 25 24 23 22 21 20 19 18 17 16 14 12 11 
1 2 3 4 5 6 7 8 9 10 13 16 17 18 22 24 25 23 21 20 19 15 14 12 11 
1 2 3 4 5 6 7 8 9 10 13 16 22 23 25 24 21 20 19 18 17 15 14 12 11 
1 2 3 4 5 6 7 8 9 10 13 23 25 24 22 21 20 19 18 17 16 15 14 12 11 
1 2 3 4 5 6 7 8 9 10 13 25 24 23 22 21 20 19 18 17 16 15 14 12 11 
1 2 3 4 5 6 7 8 9 10 14 15 16 25 24 23 22 21 20 19 18 17 13 12 11 
1 2 3 4 5 6 7 8 9 10 14 15 22 25 24 23 21 20 19 18 17 16 13 12 11 
1 2 3 4 5 6 7 8 9 10 14 15 23 24 25 22 21 20 19 18 17 16 13 12 11 
1 2 3 4 5 6 7 8 9 10 14 15 24 25 23 22 21 20 19 18 17 16 13 12 11 
1 2 3 4 5 6 7 8 9 10 14 16 23 25 24 22 21 20 19 18 17 15 13 12 11 
1 2 3 4 5 6 7 8 9 10 14 22 23 25 24 21 20 19 18 17 16 15 13 12 11 
1 2 3 4 5 6 7 8 9 10 14 23 24 25 22 21 20 19 18 17 16 15 13 12 11 
1 2 3 4 5 6 7 8 9 10 14 24 25 23 22 21 20 19 18 17 16 15 13 12 11 
1 2 3 4 5 6 7 8 9 10 15 16 17 18 25 24 23 22 21 20 19 14 13 12 11 
1 2 3 4 5 6 7 8 9 10 15 16 17 22 25 24 23 21 20 19 18 14 13 12 11 
1 2 3 4 5 6 7 8 9 10 15 16 21 22 25 24 23 20 19 18 17 14 13 12 11 
1 2 3 4 5 6 7 8 9 10 15 16 22 23 25 24 21 20 19 18 17 14 13 12 11 
1 2 3 4 5 6 7 8 9 10 15 16 23 24 25 22 21 20 19 18 17 14 13 12 11 
1 2 3 4 5 6 7 8 9 10 15 22 23 24 25 21 20 19 18 17 16 14 13 12 11 
1 2 3 4 5 6 7 8 9 10 16 17 18 19 21 25 24 23 22 20 15 14 13 12 11 
1 2 3 4 5 6 7 8 9 10 16 17 21 22 23 25 24 20 19 18 15 14 13 12 11 
1 2 3 4 5 6 7 8 9 10 21 22 23 24 25 20 19 18 17 16 15 14 13 12 11 
1 2 3 4 5 6 7 8 9 10 22 23 24 25 21 20 19 18 17 16 15 14 13 12 11 
1 2 3 4 5 6 7 8 9 10 22 24 25 23 21 20 19 18 17 16 15 14 13 12 11 
1 2 3 4 5 6 7 8 9 10 23 25 24 22 21 20 19 18 17 16 15 14 13 12 11 
1 2 3 4 5 6 7 8 9 11 12 13 25 24 23 22 21 20 19 18 17 16 15 14 10 
1 2 3 4 5 6 7 8 9 11 12 14 24 25 23 22 21 20 19 18 17 16 15 13 10 
1 2 3 4 5 6 7 8 9 11 12 25 24 23 22 21 20 19 18 17 16 15 14 13 10 
1 2 3 4 5 6 7 8 9 11 13 14 25 24 23 22 21 20 19 18 17 16 15 12 10 
1 2 3 4 5 6 7 8 9 11 13 24 25 23 22 21 20 19 18 17 16 15 14 12 10 
1 2 3 4 5 6 7 8 9 11 14 15 23 25 24 22 21 20 19 18 17 16 13 12 10 
1 2 3 4 5 6 7 8 9 11 23 24 25 22 21 20 19 18 17 16 15 14 13 12 10 
1 2 3 4 5 6 7 8 9 11 24 25 23 22 21 20 19 18 17 16 15 14 13 12 10 
1 2 3 4 5 6 7 8 9 12 13 14 24 25 23 22 21 20 19 18 17 16 15 11 10 
1 2 3 4 5 6 7 8 9 12 13 25 24 23 22 21 20 19 18 17 16 15 14 11 10 
1 2 3 4 5 6 7 8 9 12 14 15 23 24 25 22 21 20 19 18 17 16 13 11 10 
1 2 3 4 5 6 7 8 9 12 23 25 24 22 21 20 19 18 17 16 15 14 13 11 10 
1 2 3 4 5 6 7 8 9 12 25 24 23 22 21 20 19 18 17 16 15 14 13 11 10 
1 2 3 4 5 6 7 8 9 13 14 15 25 24 23 22 21 20 19 18 17 16 12 11 10 
1 2 3 4 5 6 7 8 9 13 14 23 25 24 22 21 20 19 18 17 16 15 12 11 10 
1 2 3 4 5 6 7 8 9 13 22 23 25 24 21 20 19 18 17 16 15 14 12 11 10 
1 2 3 4 5 6 7 8 9 13 23 24 25 22 21 20 19 18 17 16 15 14 12 11 10 
1 2 3 4 5 6 7 8 9 13 24 25 23 22 21 20 19 18 17 16 15 14 12 11 10 
1 2 3 4 5 6 7 8 9 14 15 16 22 25 24 23 21 20 19 18 17 13 12 11 10 
1 2 3 4 5 6 7 8 9 14 22 23 24 25 21 20 19 18 17 16 15 13 12 11 10 
1 2 3 4 5 6 7 8 9 23 24 25 22 21 20 19 18 17 16 15 14 13 12 11 10 
1 2 3 4 5 6 7 8 9 24 25 23 22 21 20 19 18 17 16 15 14 13 12 11 10 
1 2 3 4 5 6 7 8 10 11 25 24 23 22 21 20 19 18 17 16 15 14 13 12 9 
1 2 3 4 5 6 7 8 10 12 24 25 23 22 21 20 19 18 17 16 15 14 13 11 9 
1 2 3 4 5 6 7 8 10 25 24 23 22 21 20 19 18 17 16 15 14 13 12 11 9 
1 2 3 4 5 6 7 8 11 12 25 24 23 22 21 20 19 18 17 16 15 14 13 10 9 
1 2 3 4 5 6 7 8 11 24 25 23 22 21 20 19 18 17 16 15 14 13 12 10 9 
1 2 3 4 5 6 7 8 12 13 23 25 24 22 21 20 19 18 17 16 15 14 11 10 9 
1 2 3 4 5 6 7 8 23 24 25 22 21 20 19 18 17 16 15 14 13 12 11 10 9 
1 2 3 4 5 6 7 8 24 25 23 22 21 20 19 18 17 16 15 14 13 12 11 10 9 
1 2 3 4 5 6 7 9 25 24 23 22 21 20 19 18 17 16 15 14 13 12 11 10 8 
1 2 3 4 5 6 7 10 24 25 23 22 21 20 19 18 17 16 15 14 13 12 11 9 8 
1 2 3 4 5 6 7 25 24 23 22 21 20 19 18 17 16 15 14 13 12 11 10 9 8 
1 2 3 4 5 6 25 24 23 22 21 20 19 18 17 16 15 14 13 12 11 10 9 8 7 
