1060
1 2 3 4 5 6 7 8 9 10 11 12 13 14 15 16 17 18 19 21 22 23 24 25 26 27 28 29 20 
1 2 3 4 5 6 7 8 9 10 11 12 13 14 15 16 17 18 19 21 22 23 24 25 26 28 29 27 20 
1 2 3 4 5 6 7 8 9 10 11 12 13 14 15 16 17 18 19 21 22 23 24 25 27 29 28 26 20 
1 2 3 4 5 6 7 8 9 10 11 12 13 14 15 16 17 18 19 21 22 23 24 26 27 28 29 25 20 
1 2 3 4 5 6 7 8 9 10 11 12 13 14 15 16 17 18 19 21 22 23 24 27 29 28 26 25 20 
1 2 3 4 5 6 7 8 9 10 11 12 13 14 15 16 17 18 19 21 22 23 25 26 27 29 28 24 20 
1 2 3 4 5 6 7 8 9 10 11 12 13 14 15 16 17 18 19 21 22 23 25 27 28 29 26 24 20 
1 2 3 4 5 6 7 8 9 10 11 12 13 14 15 16 17 18 19 21 22 23 26 27 29 28 25 24 20 
1 2 3 4 5 6 7 8 9 10 11 12 13 14 15 16 17 18 19 21 22 23 26 29 28 27 25 24 20 
1 2 3 4 5 6 7 8 9 10 11 12 13 14 15 16 17 18 19 21 22 24 25 26 27 28 29 23 20 
1 2 3 4 5 6 7 8 9 10 11 12 13 14 15 16 17 18 19 21 22 24 25 27 29 28 26 23 20 
1 2 3 4 5 6 7 8 9 10 11 12 13 14 15 16 17 18 19 21 22 24 26 27 28 29 25 23 20 
1 2 3 4 5 6 7 8 9 10 11 12 13 14 15 16 17 18 19 21 22 24 26 28 29 27 25 23 20 
1 2 3 4 5 6 7 8 9 10 11 12 13 14 15 16 17 18 19 21 22 25 26 29 28 27 24 23 20 
1 2 3 4 5 6 7 8 9 10 11 12 13 14 15 16 17 18 19 21 22 26 27 29 28 25 24 23 20 
1 2 3 4 5 6 7 8 9 10 11 12 13 14 15 16 17 18 19 21 22 26 29 28 27 25 24 23 20 
1 2 3 4 5 6 7 8 9 10 11 12 13 14 15 16 17 18 19 21 23 24 25 26 27 29 28 22 20 
1 2 3 4 5 6 7 8 9 10 11 12 13 14 15 16 17 18 19 21 23 24 25 27 28 29 26 22 20 
1 2 3 4 5 6 7 8 9 10 11 12 13 14 15 16 17 18 19 21 23 24 26 27 29 28 25 22 20 
1 2 3 4 5 6 7 8 9 10 11 12 13 14 15 16 17 18 19 21 23 24 26 29 28 27 25 22 20 
1 2 3 4 5 6 7 8 9 10 11 12 13 14 15 16 17 18 19 21 23 25 26 28 29 27 24 22 20 
1 2 3 4 5 6 7 8 9 10 11 12 13 14 15 16 17 18 19 21 23 26 27 28 29 25 24 22 20 
1 2 3 4 5 6 7 8 9 10 11 12 13 14 15 16 17 18 19 21 23 26 28 29 27 25 24 22 20 
1 2 3 4 5 6 7 8 9 10 11 12 13 14 15 16 17 18 19 21 24 25 26 27 29 28 23 22 20 
1 2 3 4 5 6 7 8 9 10 11 12 13 14 15 16 17 18 19 21 24 26 29 28 27 25 23 22 20 
1 2 3 4 5 6 7 8 9 10 11 12 13 14 15 16 17 18 19 21 25 26 28 29 27 24 23 22 20 
1 2 3 4 5 6 7 8 9 10 11 12 13 14 15 16 17 18 19 21 25 27 29 28 26 24 23 22 20 
1 2 3 4 5 6 7 8 9 10 11 12 13 14 15 16 17 18 19 21 25 29 28 27 26 24 23 22 20 
1 2 3 4 5 6 7 8 9 10 11 12 13 14 15 16 17 18 19 22 23 24 25 26 27 28 29 21 20 
1 2 3 4 5 6 7 8 9 10 11 12 13 14 15 16 17 18 19 22 23 24 25 27 29 28 26 21 20 
1 2 3 4 5 6 7 8 9 10 11 12 13 14 15 16 17 18 19 22 23 24 26 27 28 29 25 21 20 
1 2 3 4 5 6 7 8 9 10 11 12 13 14 15 16 17 18 19 22 23 24 26 28 29 27 25 21 20 
1 2 3 4 5 6 7 8 9 10 11 12 13 14 15 16 17 18 19 22 23 25 26 29 28 27 24 21 20 
1 2 3 4 5 6 7 8 9 10 11 12 13 14 15 16 17 18 19 22 23 26 27 29 28 25 24 21 20 
1 2 3 4 5 6 7 8 9 10 11 12 13 14 15 16 17 18 19 22 23 26 29 28 27 25 24 21 20 
1 2 3 4 5 6 7 8 9 10 11 12 13 14 15 16 17 18 19 22 24 25 26 27 28 29 23 21 20 
1 2 3 4 5 6 7 8 9 10 11 12 13 14 15 16 17 18 19 22 24 26 28 29 27 25 23 21 20 
1 2 3 4 5 6 7 8 9 10 11 12 13 14 15 16 17 18 19 22 25 26 29 28 27 24 23 21 20 
1 2 3 4 5 6 7 8 9 10 11 12 13 14 15 16 17 18 19 22 25 27 28 29 26 24 23 21 20 
1 2 3 4 5 6 7 8 9 10 11 12 13 14 15 16 17 18 19 22 25 28 29 27 26 24 23 21 20 
1 2 3 4 5 6 7 8 9 10 11 12 13 14 15 16 17 18 19 23 24 25 26 27 29 28 22 21 20 
1 2 3 4 5 6 7 8 9 10 11 12 13 14 15 16 17 18 19 23 24 25 26 29 28 27 22 21 20 
1 2 3 4 5 6 7 8 9 10 11 12 13 14 15 16 17 18 19 23 24 26 27 29 28 25 22 21 20 
1 2 3 4 5 6 7 8 9 10 11 12 13 14 15 16 17 18 19 23 25 26 27 28 29 24 22 21 20 
1 2 3 4 5 6 7 8 9 10 11 12 13 14 15 16 17 18 19 23 25 26 28 29 27 24 22 21 20 
1 2 3 4 5 6 7 8 9 10 11 12 13 14 15 16 17 18 19 23 25 29 28 27 26 24 22 21 20 
1 2 3 4 5 6 7 8 9 10 11 12 13 14 15 16 17 18 19 24 25 26 29 28 27 23 22 21 20 
1 2 3 4 5 6 7 8 9 10 11 12 13 14 15 16 17 18 19 24 25 28 29 27 26 23 22 21 20 
1 2 3 4 5 6 7 8 9 10 11 12 13 14 15 16 17 18 19 25 26 28 29 27 24 23 22 21 20 
1 2 3 4 5 6 7 8 9 10 11 12 13 14 15 16 17 18 19 25 27 29 28 26 24 23 22 21 20 
1 2 3 4 5 6 7 8 9 10 11 12 13 14 15 16 17 18 19 25 29 28 27 26 24 23 22 21 20 
1 2 3 4 5 6 7 8 9 10 11 12 13 14 15 16 17 18 20 21 22 23 24 25 26 27 29 28 19 
1 2 3 4 5 6 7 8 9 10 11 12 13 14 15 16 17 18 20 21 22 23 24 25 26 29 28 27 19 
1 2 3 4 5 6 7 8 9 10 11 12 13 14 15 16 17 18 20 21 22 23 24 25 27 28 29 26 19 
1 2 3 4 5 6 7 8 9 10 11 12 13 14 15 16 17 18 20 21 22 23 24 25 28 29 27 26 19 
1 2 3 4 5 6 7 8 9 10 11 12 13 14 15 16 17 18 20 21 22 23 24 26 27 29 28 25 19 
1 2 3 4 5 6 7 8 9 10 11 12 13 14 15 16 17 18 20 21 22 23 24 26 29 28 27 25 19 
1 2 3 4 5 6 7 8 9 10 11 12 13 14 15 16 17 18 20 21 22 23 24 27 28 29 26 25 19 
1 2 3 4 5 6 7 8 9 10 11 12 13 14 15 16 17 18 20 21 22 23 24 28 29 27 26 25 19 
1 2 3 4 5 6 7 8 9 10 11 12 13 14 15 16 17 18 20 21 22 23 25 26 27 28 29 24 19 
1 2 3 4 5 6 7 8 9 10 11 12 13 14 15 16 17 18 20 21 22 23 25 26 28 29 27 24 19 
1 2 3 4 5 6 7 8 9 10 11 12 13 14 15 16 17 18 20 21 22 23 25 27 29 28 26 24 19 
1 2 3 4 5 6 7 8 9 10 11 12 13 14 15 16 17 18 20 21 22 23 25 29 28 27 26 24 19 
1 2 3 4 5 6 7 8 9 10 11 12 13 14 15 16 17 18 20 21 22 23 26 27 28 29 25 24 19 
1 2 3 4 5 6 7 8 9 10 11 12 13 14 15 16 17 18 20 21 22 23 26 28 29 27 25 24 19 
1 2 3 4 5 6 7 8 9 10 11 12 13 14 15 16 17 18 20 21 22 23 27 29 28 26 25 24 19 
1 2 3 4 5 6 7 8 9 10 11 12 13 14 15 16 17 18 20 21 22 24 25 26 27 29 28 23 19 
1 2 3 4 5 6 7 8 9 10 11 12 13 14 15 16 17 18 20 21 22 24 25 26 29 28 27 23 19 
1 2 3 4 5 6 7 8 9 10 11 12 13 14 15 16 17 18 20 21 22 24 25 27 28 29 26 23 19 
1 2 3 4 5 6 7 8 9 10 11 12 13 14 15 16 17 18 20 21 22 24 25 28 29 27 26 23 19 
1 2 3 4 5 6 7 8 9 10 11 12 13 14 15 16 17 18 20 21 22 24 26 27 29 28 25 23 19 
1 2 3 4 5 6 7 8 9 10 11 12 13 14 15 16 17 18 20 21 22 24 26 29 28 27 25 23 19 
1 2 3 4 5 6 7 8 9 10 11 12 13 14 15 16 17 18 20 21 22 24 27 28 29 26 25 23 19 
1 2 3 4 5 6 7 8 9 10 11 12 13 14 15 16 17 18 20 21 22 25 26 27 28 29 24 23 19 
1 2 3 4 5 6 7 8 9 10 11 12 13 14 15 16 17 18 20 21 22 25 26 28 29 27 24 23 19 
1 2 3 4 5 6 7 8 9 10 11 12 13 14 15 16 17 18 20 21 22 25 27 29 28 26 24 23 19 
1 2 3 4 5 6 7 8 9 10 11 12 13 14 15 16 17 18 20 21 22 25 29 28 27 26 24 23 19 
1 2 3 4 5 6 7 8 9 10 11 12 13 14 15 16 17 18 20 21 22 26 27 28 29 25 24 23 19 
1 2 3 4 5 6 7 8 9 10 11 12 13 14 15 16 17 18 20 21 22 26 28 29 27 25 24 23 19 
1 2 3 4 5 6 7 8 9 10 11 12 13 14 15 16 17 18 20 21 22 27 29 28 26 25 24 23 19 
1 2 3 4 5 6 7 8 9 10 11 12 13 14 15 16 17 18 20 21 23 24 25 26 27 28 29 22 19 
1 2 3 4 5 6 7 8 9 10 11 12 13 14 15 16 17 18 20 21 23 24 25 26 28 29 27 22 19 
1 2 3 4 5 6 7 8 9 10 11 12 13 14 15 16 17 18 20 21 23 24 25 27 29 28 26 22 19 
1 2 3 4 5 6 7 8 9 10 11 12 13 14 15 16 17 18 20 21 23 24 25 29 28 27 26 22 19 
1 2 3 4 5 6 7 8 9 10 11 12 13 14 15 16 17 18 20 21 23 24 26 27 28 29 25 22 19 
1 2 3 4 5 6 7 8 9 10 11 12 13 14 15 16 17 18 20 21 23 24 26 28 29 27 25 22 19 
1 2 3 4 5 6 7 8 9 10 11 12 13 14 15 16 17 18 20 21 23 24 27 29 28 26 25 22 19 
1 2 3 4 5 6 7 8 9 10 11 12 13 14 15 16 17 18 20 21 23 25 26 27 29 28 24 22 19 
1 2 3 4 5 6 7 8 9 10 11 12 13 14 15 16 17 18 20 21 23 25 26 29 28 27 24 22 19 
1 2 3 4 5 6 7 8 9 10 11 12 13 14 15 16 17 18 20 21 23 25 27 28 29 26 24 22 19 
1 2 3 4 5 6 7 8 9 10 11 12 13 14 15 16 17 18 20 21 23 25 28 29 27 26 24 22 19 
1 2 3 4 5 6 7 8 9 10 11 12 13 14 15 16 17 18 20 21 23 26 27 29 28 25 24 22 19 
1 2 3 4 5 6 7 8 9 10 11 12 13 14 15 16 17 18 20 21 23 26 29 28 27 25 24 22 19 
1 2 3 4 5 6 7 8 9 10 11 12 13 14 15 16 17 18 20 21 23 27 28 29 26 25 24 22 19 
1 2 3 4 5 6 7 8 9 10 11 12 13 14 15 16 17 18 20 21 24 25 26 27 28 29 23 22 19 
1 2 3 4 5 6 7 8 9 10 11 12 13 14 15 16 17 18 20 21 24 25 26 28 29 27 23 22 19 
1 2 3 4 5 6 7 8 9 10 11 12 13 14 15 16 17 18 20 21 24 25 29 28 27 26 23 22 19 
1 2 3 4 5 6 7 8 9 10 11 12 13 14 15 16 17 18 20 21 24 26 27 28 29 25 23 22 19 
1 2 3 4 5 6 7 8 9 10 11 12 13 14 15 16 17 18 20 21 24 26 28 29 27 25 23 22 19 
1 2 3 4 5 6 7 8 9 10 11 12 13 14 15 16 17 18 20 21 24 27 29 28 26 25 23 22 19 
1 2 3 4 5 6 7 8 9 10 11 12 13 14 15 16 17 18 20 21 24 29 28 27 26 25 23 22 19 
1 2 3 4 5 6 7 8 9 10 11 12 13 14 15 16 17 18 20 21 25 26 27 29 28 24 23 22 19 
1 2 3 4 5 6 7 8 9 10 11 12 13 14 15 16 17 18 20 21 25 26 29 28 27 24 23 22 19 
1 2 3 4 5 6 7 8 9 10 11 12 13 14 15 16 17 18 20 21 25 27 28 29 26 24 23 22 19 
1 2 3 4 5 6 7 8 9 10 11 12 13 14 15 16 17 18 20 21 25 28 29 27 26 24 23 22 19 
1 2 3 4 5 6 7 8 9 10 11 12 13 14 15 16 17 18 20 21 26 27 29 28 25 24 23 22 19 
1 2 3 4 5 6 7 8 9 10 11 12 13 14 15 16 17 18 20 21 26 29 28 27 25 24 23 22 19 
1 2 3 4 5 6 7 8 9 10 11 12 13 14 15 16 17 18 20 22 23 24 25 26 27 29 28 21 19 
1 2 3 4 5 6 7 8 9 10 11 12 13 14 15 16 17 18 20 22 23 24 25 26 29 28 27 21 19 
1 2 3 4 5 6 7 8 9 10 11 12 13 14 15 16 17 18 20 22 23 24 25 27 28 29 26 21 19 
1 2 3 4 5 6 7 8 9 10 11 12 13 14 15 16 17 18 20 22 23 24 25 28 29 27 26 21 19 
1 2 3 4 5 6 7 8 9 10 11 12 13 14 15 16 17 18 20 22 23 24 26 27 29 28 25 21 19 
1 2 3 4 5 6 7 8 9 10 11 12 13 14 15 16 17 18 20 22 23 24 26 29 28 27 25 21 19 
1 2 3 4 5 6 7 8 9 10 11 12 13 14 15 16 17 18 20 22 23 24 27 28 29 26 25 21 19 
1 2 3 4 5 6 7 8 9 10 11 12 13 14 15 16 17 18 20 22 23 25 26 27 28 29 24 21 19 
1 2 3 4 5 6 7 8 9 10 11 12 13 14 15 16 17 18 20 22 23 25 26 28 29 27 24 21 19 
1 2 3 4 5 6 7 8 9 10 11 12 13 14 15 16 17 18 20 22 23 25 27 29 28 26 24 21 19 
1 2 3 4 5 6 7 8 9 10 11 12 13 14 15 16 17 18 20 22 23 25 29 28 27 26 24 21 19 
1 2 3 4 5 6 7 8 9 10 11 12 13 14 15 16 17 18 20 22 23 26 27 28 29 25 24 21 19 
1 2 3 4 5 6 7 8 9 10 11 12 13 14 15 16 17 18 20 22 23 26 28 29 27 25 24 21 19 
1 2 3 4 5 6 7 8 9 10 11 12 13 14 15 16 17 18 20 22 23 27 29 28 26 25 24 21 19 
1 2 3 4 5 6 7 8 9 10 11 12 13 14 15 16 17 18 20 22 24 25 26 27 29 28 23 21 19 
1 2 3 4 5 6 7 8 9 10 11 12 13 14 15 16 17 18 20 22 24 25 26 29 28 27 23 21 19 
1 2 3 4 5 6 7 8 9 10 11 12 13 14 15 16 17 18 20 22 24 25 28 29 27 26 23 21 19 
1 2 3 4 5 6 7 8 9 10 11 12 13 14 15 16 17 18 20 22 24 26 27 29 28 25 23 21 19 
1 2 3 4 5 6 7 8 9 10 11 12 13 14 15 16 17 18 20 22 24 26 29 28 27 25 23 21 19 
1 2 3 4 5 6 7 8 9 10 11 12 13 14 15 16 17 18 20 22 24 27 28 29 26 25 23 21 19 
1 2 3 4 5 6 7 8 9 10 11 12 13 14 15 16 17 18 20 22 24 28 29 27 26 25 23 21 19 
1 2 3 4 5 6 7 8 9 10 11 12 13 14 15 16 17 18 20 22 25 26 27 28 29 24 23 21 19 
1 2 3 4 5 6 7 8 9 10 11 12 13 14 15 16 17 18 20 22 25 26 28 29 27 24 23 21 19 
1 2 3 4 5 6 7 8 9 10 11 12 13 14 15 16 17 18 20 22 25 27 29 28 26 24 23 21 19 
1 2 3 4 5 6 7 8 9 10 11 12 13 14 15 16 17 18 20 22 25 29 28 27 26 24 23 21 19 
1 2 3 4 5 6 7 8 9 10 11 12 13 14 15 16 17 18 20 22 26 27 28 29 25 24 23 21 19 
1 2 3 4 5 6 7 8 9 10 11 12 13 14 15 16 17 18 20 22 26 28 29 27 25 24 23 21 19 
1 2 3 4 5 6 7 8 9 10 11 12 13 14 15 16 17 18 20 23 24 25 26 27 28 29 22 21 19 
1 2 3 4 5 6 7 8 9 10 11 12 13 14 15 16 17 18 20 23 24 25 26 28 29 27 22 21 19 
1 2 3 4 5 6 7 8 9 10 11 12 13 14 15 16 17 18 20 23 24 25 27 29 28 26 22 21 19 
1 2 3 4 5 6 7 8 9 10 11 12 13 14 15 16 17 18 20 23 24 26 27 28 29 25 22 21 19 
1 2 3 4 5 6 7 8 9 10 11 12 13 14 15 16 17 18 20 23 24 26 28 29 27 25 22 21 19 
1 2 3 4 5 6 7 8 9 10 11 12 13 14 15 16 17 18 20 23 24 29 28 27 26 25 22 21 19 
1 2 3 4 5 6 7 8 9 10 11 12 13 14 15 16 17 18 20 23 25 26 27 29 28 24 22 21 19 
1 2 3 4 5 6 7 8 9 10 11 12 13 14 15 16 17 18 20 23 25 26 29 28 27 24 22 21 19 
1 2 3 4 5 6 7 8 9 10 11 12 13 14 15 16 17 18 20 23 25 27 28 29 26 24 22 21 19 
1 2 3 4 5 6 7 8 9 10 11 12 13 14 15 16 17 18 20 23 25 28 29 27 26 24 22 21 19 
1 2 3 4 5 6 7 8 9 10 11 12 13 14 15 16 17 18 20 23 26 29 28 27 25 24 22 21 19 
1 2 3 4 5 6 7 8 9 10 11 12 13 14 15 16 17 18 20 24 25 26 27 28 29 23 22 21 19 
1 2 3 4 5 6 7 8 9 10 11 12 13 14 15 16 17 18 20 24 25 26 28 29 27 23 22 21 19 
1 2 3 4 5 6 7 8 9 10 11 12 13 14 15 16 17 18 20 24 25 27 29 28 26 23 22 21 19 
1 2 3 4 5 6 7 8 9 10 11 12 13 14 15 16 17 18 20 24 25 29 28 27 26 23 22 21 19 
1 2 3 4 5 6 7 8 9 10 11 12 13 14 15 16 17 18 20 24 26 28 29 27 25 23 22 21 19 
1 2 3 4 5 6 7 8 9 10 11 12 13 14 15 16 17 18 20 24 27 29 28 26 25 23 22 21 19 
1 2 3 4 5 6 7 8 9 10 11 12 13 14 15 16 17 18 20 24 29 28 27 26 25 23 22 21 19 
1 2 3 4 5 6 7 8 9 10 11 12 13 14 15 16 17 18 20 25 26 27 29 28 24 23 22 21 19 
1 2 3 4 5 6 7 8 9 10 11 12 13 14 15 16 17 18 20 25 26 29 28 27 24 23 22 21 19 
1 2 3 4 5 6 7 8 9 10 11 12 13 14 15 16 17 18 20 25 27 28 29 26 24 23 22 21 19 
1 2 3 4 5 6 7 8 9 10 11 12 13 14 15 16 17 18 20 25 28 29 27 26 24 23 22 21 19 
1 2 3 4 5 6 7 8 9 10 11 12 13 14 15 16 17 18 20 26 27 29 28 25 24 23 22 21 19 
1 2 3 4 5 6 7 8 9 10 11 12 13 14 15 16 17 18 20 26 29 28 27 25 24 23 22 21 19 
1 2 3 4 5 6 7 8 9 10 11 12 13 14 15 16 17 18 21 22 23 24 25 26 27 28 29 20 19 
1 2 3 4 5 6 7 8 9 10 11 12 13 14 15 16 17 18 21 22 23 24 25 26 28 29 27 20 19 
1 2 3 4 5 6 7 8 9 10 11 12 13 14 15 16 17 18 21 22 23 24 25 27 29 28 26 20 19 
1 2 3 4 5 6 7 8 9 10 11 12 13 14 15 16 17 18 21 22 23 24 25 29 28 27 26 20 19 
1 2 3 4 5 6 7 8 9 10 11 12 13 14 15 16 17 18 21 22 23 24 26 27 28 29 25 20 19 
1 2 3 4 5 6 7 8 9 10 11 12 13 14 15 16 17 18 21 22 23 24 26 28 29 27 25 20 19 
1 2 3 4 5 6 7 8 9 10 11 12 13 14 15 16 17 18 21 22 23 24 27 29 28 26 25 20 19 
1 2 3 4 5 6 7 8 9 10 11 12 13 14 15 16 17 18 21 22 23 25 26 27 29 28 24 20 19 
1 2 3 4 5 6 7 8 9 10 11 12 13 14 15 16 17 18 21 22 23 25 26 29 28 27 24 20 19 
1 2 3 4 5 6 7 8 9 10 11 12 13 14 15 16 17 18 21 22 23 25 27 28 29 26 24 20 19 
1 2 3 4 5 6 7 8 9 10 11 12 13 14 15 16 17 18 21 22 23 25 28 29 27 26 24 20 19 
1 2 3 4 5 6 7 8 9 10 11 12 13 14 15 16 17 18 21 22 23 26 27 29 28 25 24 20 19 
1 2 3 4 5 6 7 8 9 10 11 12 13 14 15 16 17 18 21 22 23 26 29 28 27 25 24 20 19 
1 2 3 4 5 6 7 8 9 10 11 12 13 14 15 16 17 18 21 22 23 27 28 29 26 25 24 20 19 
1 2 3 4 5 6 7 8 9 10 11 12 13 14 15 16 17 18 21 22 24 25 26 27 28 29 23 20 19 
1 2 3 4 5 6 7 8 9 10 11 12 13 14 15 16 17 18 21 22 24 25 26 28 29 27 23 20 19 
1 2 3 4 5 6 7 8 9 10 11 12 13 14 15 16 17 18 21 22 24 25 29 28 27 26 23 20 19 
1 2 3 4 5 6 7 8 9 10 11 12 13 14 15 16 17 18 21 22 24 26 27 28 29 25 23 20 19 
1 2 3 4 5 6 7 8 9 10 11 12 13 14 15 16 17 18 21 22 24 26 28 29 27 25 23 20 19 
1 2 3 4 5 6 7 8 9 10 11 12 13 14 15 16 17 18 21 22 24 27 29 28 26 25 23 20 19 
1 2 3 4 5 6 7 8 9 10 11 12 13 14 15 16 17 18 21 22 24 29 28 27 26 25 23 20 19 
1 2 3 4 5 6 7 8 9 10 11 12 13 14 15 16 17 18 21 22 25 26 27 29 28 24 23 20 19 
1 2 3 4 5 6 7 8 9 10 11 12 13 14 15 16 17 18 21 22 25 26 29 28 27 24 23 20 19 
1 2 3 4 5 6 7 8 9 10 11 12 13 14 15 16 17 18 21 22 25 27 28 29 26 24 23 20 19 
1 2 3 4 5 6 7 8 9 10 11 12 13 14 15 16 17 18 21 22 25 28 29 27 26 24 23 20 19 
1 2 3 4 5 6 7 8 9 10 11 12 13 14 15 16 17 18 21 22 26 27 29 28 25 24 23 20 19 
1 2 3 4 5 6 7 8 9 10 11 12 13 14 15 16 17 18 21 22 26 29 28 27 25 24 23 20 19 
1 2 3 4 5 6 7 8 9 10 11 12 13 14 15 16 17 18 21 23 24 25 26 27 29 28 22 20 19 
1 2 3 4 5 6 7 8 9 10 11 12 13 14 15 16 17 18 21 23 24 25 26 29 28 27 22 20 19 
1 2 3 4 5 6 7 8 9 10 11 12 13 14 15 16 17 18 21 23 24 25 27 28 29 26 22 20 19 
1 2 3 4 5 6 7 8 9 10 11 12 13 14 15 16 17 18 21 23 24 26 27 29 28 25 22 20 19 
1 2 3 4 5 6 7 8 9 10 11 12 13 14 15 16 17 18 21 23 24 26 29 28 27 25 22 20 19 
1 2 3 4 5 6 7 8 9 10 11 12 13 14 15 16 17 18 21 23 24 28 29 27 26 25 22 20 19 
1 2 3 4 5 6 7 8 9 10 11 12 13 14 15 16 17 18 21 23 25 26 27 28 29 24 22 20 19 
1 2 3 4 5 6 7 8 9 10 11 12 13 14 15 16 17 18 21 23 25 26 28 29 27 24 22 20 19 
1 2 3 4 5 6 7 8 9 10 11 12 13 14 15 16 17 18 21 23 25 27 29 28 26 24 22 20 19 
1 2 3 4 5 6 7 8 9 10 11 12 13 14 15 16 17 18 21 23 25 29 28 27 26 24 22 20 19 
1 2 3 4 5 6 7 8 9 10 11 12 13 14 15 16 17 18 21 23 26 28 29 27 25 24 22 20 19 
1 2 3 4 5 6 7 8 9 10 11 12 13 14 15 16 17 18 21 24 25 26 27 29 28 23 22 20 19 
1 2 3 4 5 6 7 8 9 10 11 12 13 14 15 16 17 18 21 24 25 26 29 28 27 23 22 20 19 
1 2 3 4 5 6 7 8 9 10 11 12 13 14 15 16 17 18 21 24 25 27 28 29 26 23 22 20 19 
1 2 3 4 5 6 7 8 9 10 11 12 13 14 15 16 17 18 21 24 25 28 29 27 26 23 22 20 19 
1 2 3 4 5 6 7 8 9 10 11 12 13 14 15 16 17 18 21 24 26 29 28 27 25 23 22 20 19 
1 2 3 4 5 6 7 8 9 10 11 12 13 14 15 16 17 18 21 24 27 28 29 26 25 23 22 20 19 
1 2 3 4 5 6 7 8 9 10 11 12 13 14 15 16 17 18 21 24 28 29 27 26 25 23 22 20 19 
1 2 3 4 5 6 7 8 9 10 11 12 13 14 15 16 17 18 21 25 26 27 28 29 24 23 22 20 19 
1 2 3 4 5 6 7 8 9 10 11 12 13 14 15 16 17 18 21 25 26 28 29 27 24 23 22 20 19 
1 2 3 4 5 6 7 8 9 10 11 12 13 14 15 16 17 18 21 25 27 29 28 26 24 23 22 20 19 
1 2 3 4 5 6 7 8 9 10 11 12 13 14 15 16 17 18 21 25 29 28 27 26 24 23 22 20 19 
1 2 3 4 5 6 7 8 9 10 11 12 13 14 15 16 17 18 21 26 27 28 29 25 24 23 22 20 19 
1 2 3 4 5 6 7 8 9 10 11 12 13 14 15 16 17 18 21 26 28 29 27 25 24 23 22 20 19 
1 2 3 4 5 6 7 8 9 10 11 12 13 14 15 16 17 18 22 23 24 25 26 27 28 29 21 20 19 
1 2 3 4 5 6 7 8 9 10 11 12 13 14 15 16 17 18 22 23 24 25 26 28 29 27 21 20 19 
1 2 3 4 5 6 7 8 9 10 11 12 13 14 15 16 17 18 22 23 24 25 27 29 28 26 21 20 19 
1 2 3 4 5 6 7 8 9 10 11 12 13 14 15 16 17 18 22 23 24 25 29 28 27 26 21 20 19 
1 2 3 4 5 6 7 8 9 10 11 12 13 14 15 16 17 18 22 23 24 26 27 28 29 25 21 20 19 
1 2 3 4 5 6 7 8 9 10 11 12 13 14 15 16 17 18 22 23 24 26 28 29 27 25 21 20 19 
1 2 3 4 5 6 7 8 9 10 11 12 13 14 15 16 17 18 22 23 24 27 29 28 26 25 21 20 19 
1 2 3 4 5 6 7 8 9 10 11 12 13 14 15 16 17 18 22 23 25 26 27 29 28 24 21 20 19 
1 2 3 4 5 6 7 8 9 10 11 12 13 14 15 16 17 18 22 23 25 26 29 28 27 24 21 20 19 
1 2 3 4 5 6 7 8 9 10 11 12 13 14 15 16 17 18 22 23 25 27 28 29 26 24 21 20 19 
1 2 3 4 5 6 7 8 9 10 11 12 13 14 15 16 17 18 22 23 25 28 29 27 26 24 21 20 19 
1 2 3 4 5 6 7 8 9 10 11 12 13 14 15 16 17 18 22 23 26 27 29 28 25 24 21 20 19 
1 2 3 4 5 6 7 8 9 10 11 12 13 14 15 16 17 18 22 24 25 26 27 28 29 23 21 20 19 
1 2 3 4 5 6 7 8 9 10 11 12 13 14 15 16 17 18 22 24 25 26 28 29 27 23 21 20 19 
1 2 3 4 5 6 7 8 9 10 11 12 13 14 15 16 17 18 22 24 25 27 29 28 26 23 21 20 19 
1 2 3 4 5 6 7 8 9 10 11 12 13 14 15 16 17 18 22 24 25 29 28 27 26 23 21 20 19 
1 2 3 4 5 6 7 8 9 10 11 12 13 14 15 16 17 18 22 24 26 27 28 29 25 23 21 20 19 
1 2 3 4 5 6 7 8 9 10 11 12 13 14 15 16 17 18 22 24 26 28 29 27 25 23 21 20 19 
1 2 3 4 5 6 7 8 9 10 11 12 13 14 15 16 17 18 22 24 29 28 27 26 25 23 21 20 19 
1 2 3 4 5 6 7 8 9 10 11 12 13 14 15 16 17 18 22 25 26 27 29 28 24 23 21 20 19 
1 2 3 4 5 6 7 8 9 10 11 12 13 14 15 16 17 18 22 25 26 29 28 27 24 23 21 20 19 
1 2 3 4 5 6 7 8 9 10 11 12 13 14 15 16 17 18 22 25 27 28 29 26 24 23 21 20 19 
1 2 3 4 5 6 7 8 9 10 11 12 13 14 15 16 17 18 22 25 28 29 27 26 24 23 21 20 19 
1 2 3 4 5 6 7 8 9 10 11 12 13 14 15 16 17 18 22 26 29 28 27 25 24 23 21 20 19 
1 2 3 4 5 6 7 8 9 10 11 12 13 14 15 16 17 18 23 24 25 26 27 29 28 22 21 20 19 
1 2 3 4 5 6 7 8 9 10 11 12 13 14 15 16 17 18 23 24 25 27 28 29 26 22 21 20 19 
1 2 3 4 5 6 7 8 9 10 11 12 13 14 15 16 17 18 23 24 25 28 29 27 26 22 21 20 19 
1 2 3 4 5 6 7 8 9 10 11 12 13 14 15 16 17 18 23 24 26 29 28 27 25 22 21 20 19 
1 2 3 4 5 6 7 8 9 10 11 12 13 14 15 16 17 18 23 24 28 29 27 26 25 22 21 20 19 
1 2 3 4 5 6 7 8 9 10 11 12 13 14 15 16 17 18 23 25 26 27 28 29 24 22 21 20 19 
1 2 3 4 5 6 7 8 9 10 11 12 13 14 15 16 17 18 23 25 26 28 29 27 24 22 21 20 19 
1 2 3 4 5 6 7 8 9 10 11 12 13 14 15 16 17 18 23 25 27 29 28 26 24 22 21 20 19 
1 2 3 4 5 6 7 8 9 10 11 12 13 14 15 16 17 18 23 25 29 28 27 26 24 22 21 20 19 
1 2 3 4 5 6 7 8 9 10 11 12 13 14 15 16 17 18 23 26 28 29 27 25 24 22 21 20 19 
1 2 3 4 5 6 7 8 9 10 11 12 13 14 15 16 17 18 23 27 29 28 26 25 24 22 21 20 19 
1 2 3 4 5 6 7 8 9 10 11 12 13 14 15 16 17 18 23 29 28 27 26 25 24 22 21 20 19 
1 2 3 4 5 6 7 8 9 10 11 12 13 14 15 16 17 18 24 25 26 27 29 28 23 22 21 20 19 
1 2 3 4 5 6 7 8 9 10 11 12 13 14 15 16 17 18 24 25 26 29 28 27 23 22 21 20 19 
1 2 3 4 5 6 7 8 9 10 11 12 13 14 15 16 17 18 24 25 27 28 29 26 23 22 21 20 19 
1 2 3 4 5 6 7 8 9 10 11 12 13 14 15 16 17 18 24 25 28 29 27 26 23 22 21 20 19 
1 2 3 4 5 6 7 8 9 10 11 12 13 14 15 16 17 18 24 26 27 29 28 25 23 22 21 20 19 
1 2 3 4 5 6 7 8 9 10 11 12 13 14 15 16 17 18 24 26 29 28 27 25 23 22 21 20 19 
1 2 3 4 5 6 7 8 9 10 11 12 13 14 15 16 17 18 24 27 28 29 26 25 23 22 21 20 19 
1 2 3 4 5 6 7 8 9 10 11 12 13 14 15 16 17 18 24 28 29 27 26 25 23 22 21 20 19 
1 2 3 4 5 6 7 8 9 10 11 12 13 14 15 16 17 18 25 26 28 29 27 24 23 22 21 20 19 
1 2 3 4 5 6 7 8 9 10 11 12 13 14 15 16 17 18 25 27 29 28 26 24 23 22 21 20 19 
1 2 3 4 5 6 7 8 9 10 11 12 13 14 15 16 17 18 25 29 28 27 26 24 23 22 21 20 19 
1 2 3 4 5 6 7 8 9 10 11 12 13 14 15 16 17 19 20 21 22 23 24 25 29 28 27 26 18 
1 2 3 4 5 6 7 8 9 10 11 12 13 14 15 16 17 19 20 21 22 23 24 26 28 29 27 25 18 
1 2 3 4 5 6 7 8 9 10 11 12 13 14 15 16 17 19 20 21 22 23 24 29 28 27 26 25 18 
1 2 3 4 5 6 7 8 9 10 11 12 13 14 15 16 17 19 20 21 22 23 25 26 29 28 27 24 18 
1 2 3 4 5 6 7 8 9 10 11 12 13 14 15 16 17 19 20 21 22 23 25 28 29 27 26 24 18 
1 2 3 4 5 6 7 8 9 10 11 12 13 14 15 16 17 19 20 21 22 23 27 28 29 26 25 24 18 
1 2 3 4 5 6 7 8 9 10 11 12 13 14 15 16 17 19 20 21 22 23 28 29 27 26 25 24 18 
1 2 3 4 5 6 7 8 9 10 11 12 13 14 15 16 17 19 20 21 22 24 25 26 28 29 27 23 18 
1 2 3 4 5 6 7 8 9 10 11 12 13 14 15 16 17 19 20 21 22 24 25 29 28 27 26 23 18 
1 2 3 4 5 6 7 8 9 10 11 12 13 14 15 16 17 19 20 21 22 24 27 29 28 26 25 23 18 
1 2 3 4 5 6 7 8 9 10 11 12 13 14 15 16 17 19 20 21 22 24 29 28 27 26 25 23 18 
1 2 3 4 5 6 7 8 9 10 11 12 13 14 15 16 17 19 20 21 22 25 26 27 29 28 24 23 18 
1 2 3 4 5 6 7 8 9 10 11 12 13 14 15 16 17 19 20 21 22 25 27 28 29 26 24 23 18 
1 2 3 4 5 6 7 8 9 10 11 12 13 14 15 16 17 19 20 21 22 25 28 29 27 26 24 23 18 
1 2 3 4 5 6 7 8 9 10 11 12 13 14 15 16 17 19 20 21 22 27 28 29 26 25 24 23 18 
1 2 3 4 5 6 7 8 9 10 11 12 13 14 15 16 17 19 20 21 22 28 29 27 26 25 24 23 18 
1 2 3 4 5 6 7 8 9 10 11 12 13 14 15 16 17 19 20 21 23 24 25 26 29 28 27 22 18 
1 2 3 4 5 6 7 8 9 10 11 12 13 14 15 16 17 19 20 21 23 24 25 28 29 27 26 22 18 
1 2 3 4 5 6 7 8 9 10 11 12 13 14 15 16 17 19 20 21 23 24 27 28 29 26 25 22 18 
1 2 3 4 5 6 7 8 9 10 11 12 13 14 15 16 17 19 20 21 23 24 28 29 27 26 25 22 18 
1 2 3 4 5 6 7 8 9 10 11 12 13 14 15 16 17 19 20 21 23 25 26 27 28 29 24 22 18 
1 2 3 4 5 6 7 8 9 10 11 12 13 14 15 16 17 19 20 21 23 25 27 29 28 26 24 22 18 
1 2 3 4 5 6 7 8 9 10 11 12 13 14 15 16 17 19 20 21 23 25 29 28 27 26 24 22 18 
1 2 3 4 5 6 7 8 9 10 11 12 13 14 15 16 17 19 20 21 23 27 29 28 26 25 24 22 18 
1 2 3 4 5 6 7 8 9 10 11 12 13 14 15 16 17 19 20 21 23 29 28 27 26 25 24 22 18 
1 2 3 4 5 6 7 8 9 10 11 12 13 14 15 16 17 19 20 21 24 25 26 29 28 27 23 22 18 
1 2 3 4 5 6 7 8 9 10 11 12 13 14 15 16 17 19 20 21 24 25 27 28 29 26 23 22 18 
1 2 3 4 5 6 7 8 9 10 11 12 13 14 15 16 17 19 20 21 24 25 28 29 27 26 23 22 18 
1 2 3 4 5 6 7 8 9 10 11 12 13 14 15 16 17 19 20 21 24 26 27 29 28 25 23 22 18 
1 2 3 4 5 6 7 8 9 10 11 12 13 14 15 16 17 19 20 21 24 27 28 29 26 25 23 22 18 
1 2 3 4 5 6 7 8 9 10 11 12 13 14 15 16 17 19 20 21 24 28 29 27 26 25 23 22 18 
1 2 3 4 5 6 7 8 9 10 11 12 13 14 15 16 17 19 20 21 25 26 27 28 29 24 23 22 18 
1 2 3 4 5 6 7 8 9 10 11 12 13 14 15 16 17 19 20 21 26 27 28 29 25 24 23 22 18 
1 2 3 4 5 6 7 8 9 10 11 12 13 14 15 16 17 19 20 21 26 28 29 27 25 24 23 22 18 
1 2 3 4 5 6 7 8 9 10 11 12 13 14 15 16 17 19 20 21 27 29 28 26 25 24 23 22 18 
1 2 3 4 5 6 7 8 9 10 11 12 13 14 15 16 17 19 20 22 23 24 25 26 28 29 27 21 18 
1 2 3 4 5 6 7 8 9 10 11 12 13 14 15 16 17 19 20 22 23 24 25 29 28 27 26 21 18 
1 2 3 4 5 6 7 8 9 10 11 12 13 14 15 16 17 19 20 22 23 24 27 29 28 26 25 21 18 
1 2 3 4 5 6 7 8 9 10 11 12 13 14 15 16 17 19 20 22 23 24 29 28 27 26 25 21 18 
1 2 3 4 5 6 7 8 9 10 11 12 13 14 15 16 17 19 20 22 23 25 26 27 29 28 24 21 18 
1 2 3 4 5 6 7 8 9 10 11 12 13 14 15 16 17 19 20 22 23 25 27 28 29 26 24 21 18 
1 2 3 4 5 6 7 8 9 10 11 12 13 14 15 16 17 19 20 22 23 25 28 29 27 26 24 21 18 
1 2 3 4 5 6 7 8 9 10 11 12 13 14 15 16 17 19 20 22 23 27 28 29 26 25 24 21 18 
1 2 3 4 5 6 7 8 9 10 11 12 13 14 15 16 17 19 20 22 23 28 29 27 26 25 24 21 18 
1 2 3 4 5 6 7 8 9 10 11 12 13 14 15 16 17 19 20 22 24 25 26 28 29 27 23 21 18 
1 2 3 4 5 6 7 8 9 10 11 12 13 14 15 16 17 19 20 22 24 25 27 29 28 26 23 21 18 
1 2 3 4 5 6 7 8 9 10 11 12 13 14 15 16 17 19 20 22 24 25 29 28 27 26 23 21 18 
1 2 3 4 5 6 7 8 9 10 11 12 13 14 15 16 17 19 20 22 24 26 27 28 29 25 23 21 18 
1 2 3 4 5 6 7 8 9 10 11 12 13 14 15 16 17 19 20 22 24 27 29 28 26 25 23 21 18 
1 2 3 4 5 6 7 8 9 10 11 12 13 14 15 16 17 19 20 22 24 29 28 27 26 25 23 21 18 
1 2 3 4 5 6 7 8 9 10 11 12 13 14 15 16 17 19 20 22 25 26 27 29 28 24 23 21 18 
1 2 3 4 5 6 7 8 9 10 11 12 13 14 15 16 17 19 20 22 26 27 29 28 25 24 23 21 18 
1 2 3 4 5 6 7 8 9 10 11 12 13 14 15 16 17 19 20 22 26 29 28 27 25 24 23 21 18 
1 2 3 4 5 6 7 8 9 10 11 12 13 14 15 16 17 19 20 22 27 28 29 26 25 24 23 21 18 
1 2 3 4 5 6 7 8 9 10 11 12 13 14 15 16 17 19 20 23 24 25 27 28 29 26 22 21 18 
1 2 3 4 5 6 7 8 9 10 11 12 13 14 15 16 17 19 20 23 24 25 28 29 27 26 22 21 18 
1 2 3 4 5 6 7 8 9 10 11 12 13 14 15 16 17 19 20 23 24 26 29 28 27 25 22 21 18 
1 2 3 4 5 6 7 8 9 10 11 12 13 14 15 16 17 19 20 23 24 27 28 29 26 25 22 21 18 
1 2 3 4 5 6 7 8 9 10 11 12 13 14 15 16 17 19 20 23 24 28 29 27 26 25 22 21 18 
1 2 3 4 5 6 7 8 9 10 11 12 13 14 15 16 17 19 20 23 25 27 29 28 26 24 22 21 18 
1 2 3 4 5 6 7 8 9 10 11 12 13 14 15 16 17 19 20 23 26 27 28 29 25 24 22 21 18 
1 2 3 4 5 6 7 8 9 10 11 12 13 14 15 16 17 19 20 23 26 28 29 27 25 24 22 21 18 
1 2 3 4 5 6 7 8 9 10 11 12 13 14 15 16 17 19 20 23 27 29 28 26 25 24 22 21 18 
1 2 3 4 5 6 7 8 9 10 11 12 13 14 15 16 17 19 20 23 29 28 27 26 25 24 22 21 18 
1 2 3 4 5 6 7 8 9 10 11 12 13 14 15 16 17 19 20 24 25 26 27 29 28 23 22 21 18 
1 2 3 4 5 6 7 8 9 10 11 12 13 14 15 16 17 19 20 24 25 27 28 29 26 23 22 21 18 
1 2 3 4 5 6 7 8 9 10 11 12 13 14 15 16 17 19 20 24 26 27 29 28 25 23 22 21 18 
1 2 3 4 5 6 7 8 9 10 11 12 13 14 15 16 17 19 20 24 26 29 28 27 25 23 22 21 18 
1 2 3 4 5 6 7 8 9 10 11 12 13 14 15 16 17 19 20 24 27 28 29 26 25 23 22 21 18 
1 2 3 4 5 6 7 8 9 10 11 12 13 14 15 16 17 19 20 24 28 29 27 26 25 23 22 21 18 
1 2 3 4 5 6 7 8 9 10 11 12 13 14 15 16 17 19 20 25 26 27 28 29 24 23 22 21 18 
1 2 3 4 5 6 7 8 9 10 11 12 13 14 15 16 17 19 20 26 27 28 29 25 24 23 22 21 18 
1 2 3 4 5 6 7 8 9 10 11 12 13 14 15 16 17 19 20 26 28 29 27 25 24 23 22 21 18 
1 2 3 4 5 6 7 8 9 10 11 12 13 14 15 16 17 19 20 27 29 28 26 25 24 23 22 21 18 
1 2 3 4 5 6 7 8 9 10 11 12 13 14 15 16 17 19 21 22 23 24 25 26 29 28 27 20 18 
1 2 3 4 5 6 7 8 9 10 11 12 13 14 15 16 17 19 21 22 23 24 25 28 29 27 26 20 18 
1 2 3 4 5 6 7 8 9 10 11 12 13 14 15 16 17 19 21 22 23 24 27 28 29 26 25 20 18 
1 2 3 4 5 6 7 8 9 10 11 12 13 14 15 16 17 19 21 22 23 24 28 29 27 26 25 20 18 
1 2 3 4 5 6 7 8 9 10 11 12 13 14 15 16 17 19 21 22 23 25 26 27 28 29 24 20 18 
1 2 3 4 5 6 7 8 9 10 11 12 13 14 15 16 17 19 21 22 23 25 27 29 28 26 24 20 18 
1 2 3 4 5 6 7 8 9 10 11 12 13 14 15 16 17 19 21 22 23 25 29 28 27 26 24 20 18 
1 2 3 4 5 6 7 8 9 10 11 12 13 14 15 16 17 19 21 22 23 27 29 28 26 25 24 20 18 
1 2 3 4 5 6 7 8 9 10 11 12 13 14 15 16 17 19 21 22 23 29 28 27 26 25 24 20 18 
1 2 3 4 5 6 7 8 9 10 11 12 13 14 15 16 17 19 21 22 24 25 26 29 28 27 23 20 18 
1 2 3 4 5 6 7 8 9 10 11 12 13 14 15 16 17 19 21 22 24 25 27 28 29 26 23 20 18 
1 2 3 4 5 6 7 8 9 10 11 12 13 14 15 16 17 19 21 22 24 25 28 29 27 26 23 20 18 
1 2 3 4 5 6 7 8 9 10 11 12 13 14 15 16 17 19 21 22 24 26 27 29 28 25 23 20 18 
1 2 3 4 5 6 7 8 9 10 11 12 13 14 15 16 17 19 21 22 24 27 28 29 26 25 23 20 18 
1 2 3 4 5 6 7 8 9 10 11 12 13 14 15 16 17 19 21 22 24 28 29 27 26 25 23 20 18 
1 2 3 4 5 6 7 8 9 10 11 12 13 14 15 16 17 19 21 22 25 26 27 28 29 24 23 20 18 
1 2 3 4 5 6 7 8 9 10 11 12 13 14 15 16 17 19 21 22 26 27 28 29 25 24 23 20 18 
1 2 3 4 5 6 7 8 9 10 11 12 13 14 15 16 17 19 21 22 26 28 29 27 25 24 23 20 18 
1 2 3 4 5 6 7 8 9 10 11 12 13 14 15 16 17 19 21 22 27 29 28 26 25 24 23 20 18 
1 2 3 4 5 6 7 8 9 10 11 12 13 14 15 16 17 19 21 23 24 25 27 29 28 26 22 20 18 
1 2 3 4 5 6 7 8 9 10 11 12 13 14 15 16 17 19 21 23 24 25 29 28 27 26 22 20 18 
1 2 3 4 5 6 7 8 9 10 11 12 13 14 15 16 17 19 21 23 24 26 28 29 27 25 22 20 18 
1 2 3 4 5 6 7 8 9 10 11 12 13 14 15 16 17 19 21 23 24 27 29 28 26 25 22 20 18 
1 2 3 4 5 6 7 8 9 10 11 12 13 14 15 16 17 19 21 23 24 29 28 27 26 25 22 20 18 
1 2 3 4 5 6 7 8 9 10 11 12 13 14 15 16 17 19 21 23 25 27 28 29 26 24 22 20 18 
1 2 3 4 5 6 7 8 9 10 11 12 13 14 15 16 17 19 21 23 26 27 29 28 25 24 22 20 18 
1 2 3 4 5 6 7 8 9 10 11 12 13 14 15 16 17 19 21 23 26 29 28 27 25 24 22 20 18 
1 2 3 4 5 6 7 8 9 10 11 12 13 14 15 16 17 19 21 23 27 28 29 26 25 24 22 20 18 
1 2 3 4 5 6 7 8 9 10 11 12 13 14 15 16 17 19 21 23 28 29 27 26 25 24 22 20 18 
1 2 3 4 5 6 7 8 9 10 11 12 13 14 15 16 17 19 21 24 25 26 27 28 29 23 22 20 18 
1 2 3 4 5 6 7 8 9 10 11 12 13 14 15 16 17 19 21 24 25 27 29 28 26 23 22 20 18 
1 2 3 4 5 6 7 8 9 10 11 12 13 14 15 16 17 19 21 24 26 27 28 29 25 23 22 20 18 
1 2 3 4 5 6 7 8 9 10 11 12 13 14 15 16 17 19 21 24 26 28 29 27 25 23 22 20 18 
1 2 3 4 5 6 7 8 9 10 11 12 13 14 15 16 17 19 21 24 27 29 28 26 25 23 22 20 18 
1 2 3 4 5 6 7 8 9 10 11 12 13 14 15 16 17 19 21 24 29 28 27 26 25 23 22 20 18 
1 2 3 4 5 6 7 8 9 10 11 12 13 14 15 16 17 19 21 25 26 27 29 28 24 23 22 20 18 
1 2 3 4 5 6 7 8 9 10 11 12 13 14 15 16 17 19 21 26 27 29 28 25 24 23 22 20 18 
1 2 3 4 5 6 7 8 9 10 11 12 13 14 15 16 17 19 21 26 29 28 27 25 24 23 22 20 18 
1 2 3 4 5 6 7 8 9 10 11 12 13 14 15 16 17 19 21 27 28 29 26 25 24 23 22 20 18 
1 2 3 4 5 6 7 8 9 10 11 12 13 14 15 16 17 19 22 23 24 25 26 27 29 28 21 20 18 
1 2 3 4 5 6 7 8 9 10 11 12 13 14 15 16 17 19 22 23 24 25 27 28 29 26 21 20 18 
1 2 3 4 5 6 7 8 9 10 11 12 13 14 15 16 17 19 22 23 24 25 28 29 27 26 21 20 18 
1 2 3 4 5 6 7 8 9 10 11 12 13 14 15 16 17 19 22 23 24 27 28 29 26 25 21 20 18 
1 2 3 4 5 6 7 8 9 10 11 12 13 14 15 16 17 19 22 23 24 28 29 27 26 25 21 20 18 
1 2 3 4 5 6 7 8 9 10 11 12 13 14 15 16 17 19 22 23 25 26 28 29 27 24 21 20 18 
1 2 3 4 5 6 7 8 9 10 11 12 13 14 15 16 17 19 22 23 25 29 28 27 26 24 21 20 18 
1 2 3 4 5 6 7 8 9 10 11 12 13 14 15 16 17 19 22 23 26 27 28 29 25 24 21 20 18 
1 2 3 4 5 6 7 8 9 10 11 12 13 14 15 16 17 19 22 23 26 28 29 27 25 24 21 20 18 
1 2 3 4 5 6 7 8 9 10 11 12 13 14 15 16 17 19 22 23 29 28 27 26 25 24 21 20 18 
1 2 3 4 5 6 7 8 9 10 11 12 13 14 15 16 17 19 22 24 25 26 29 28 27 23 21 20 18 
1 2 3 4 5 6 7 8 9 10 11 12 13 14 15 16 17 19 22 24 26 27 29 28 25 23 21 20 18 
1 2 3 4 5 6 7 8 9 10 11 12 13 14 15 16 17 19 22 24 26 29 28 27 25 23 21 20 18 
1 2 3 4 5 6 7 8 9 10 11 12 13 14 15 16 17 19 22 24 27 28 29 26 25 23 21 20 18 
1 2 3 4 5 6 7 8 9 10 11 12 13 14 15 16 17 19 22 24 28 29 27 26 25 23 21 20 18 
1 2 3 4 5 6 7 8 9 10 11 12 13 14 15 16 17 19 22 25 27 29 28 26 24 23 21 20 18 
1 2 3 4 5 6 7 8 9 10 11 12 13 14 15 16 17 19 22 26 27 28 29 25 24 23 21 20 18 
1 2 3 4 5 6 7 8 9 10 11 12 13 14 15 16 17 19 22 26 28 29 27 25 24 23 21 20 18 
1 2 3 4 5 6 7 8 9 10 11 12 13 14 15 16 17 19 22 27 29 28 26 25 24 23 21 20 18 
1 2 3 4 5 6 7 8 9 10 11 12 13 14 15 16 17 19 22 29 28 27 26 25 24 23 21 20 18 
1 2 3 4 5 6 7 8 9 10 11 12 13 14 15 16 17 19 23 24 25 26 27 28 29 22 21 20 18 
1 2 3 4 5 6 7 8 9 10 11 12 13 14 15 16 17 19 23 24 25 26 28 29 27 22 21 20 18 
1 2 3 4 5 6 7 8 9 10 11 12 13 14 15 16 17 19 23 24 25 27 29 28 26 22 21 20 18 
1 2 3 4 5 6 7 8 9 10 11 12 13 14 15 16 17 19 23 24 26 27 28 29 25 22 21 20 18 
1 2 3 4 5 6 7 8 9 10 11 12 13 14 15 16 17 19 23 24 26 28 29 27 25 22 21 20 18 
1 2 3 4 5 6 7 8 9 10 11 12 13 14 15 16 17 19 23 24 27 29 28 26 25 22 21 20 18 
1 2 3 4 5 6 7 8 9 10 11 12 13 14 15 16 17 19 23 24 29 28 27 26 25 22 21 20 18 
1 2 3 4 5 6 7 8 9 10 11 12 13 14 15 16 17 19 23 25 26 27 29 28 24 22 21 20 18 
1 2 3 4 5 6 7 8 9 10 11 12 13 14 15 16 17 19 23 25 27 28 29 26 24 22 21 20 18 
1 2 3 4 5 6 7 8 9 10 11 12 13 14 15 16 17 19 23 26 27 29 28 25 24 22 21 20 18 
1 2 3 4 5 6 7 8 9 10 11 12 13 14 15 16 17 19 23 26 29 28 27 25 24 22 21 20 18 
1 2 3 4 5 6 7 8 9 10 11 12 13 14 15 16 17 19 23 27 28 29 26 25 24 22 21 20 18 
1 2 3 4 5 6 7 8 9 10 11 12 13 14 15 16 17 19 23 28 29 27 26 25 24 22 21 20 18 
1 2 3 4 5 6 7 8 9 10 11 12 13 14 15 16 17 19 24 25 26 27 28 29 23 22 21 20 18 
1 2 3 4 5 6 7 8 9 10 11 12 13 14 15 16 17 19 24 25 27 29 28 26 23 22 21 20 18 
1 2 3 4 5 6 7 8 9 10 11 12 13 14 15 16 17 19 24 26 27 28 29 25 23 22 21 20 18 
1 2 3 4 5 6 7 8 9 10 11 12 13 14 15 16 17 19 25 26 27 29 28 24 23 22 21 20 18 
1 2 3 4 5 6 7 8 9 10 11 12 13 14 15 16 17 19 25 26 29 28 27 24 23 22 21 20 18 
1 2 3 4 5 6 7 8 9 10 11 12 13 14 15 16 17 19 25 27 28 29 26 24 23 22 21 20 18 
1 2 3 4 5 6 7 8 9 10 11 12 13 14 15 16 17 19 25 28 29 27 26 24 23 22 21 20 18 
1 2 3 4 5 6 7 8 9 10 11 12 13 14 15 16 17 19 26 27 29 28 25 24 23 22 21 20 18 
1 2 3 4 5 6 7 8 9 10 11 12 13 14 15 16 17 19 26 29 28 27 25 24 23 22 21 20 18 
1 2 3 4 5 6 7 8 9 10 11 12 13 14 15 16 17 20 21 22 23 24 25 26 28 29 27 19 18 
1 2 3 4 5 6 7 8 9 10 11 12 13 14 15 16 17 20 21 22 23 24 25 29 28 27 26 19 18 
1 2 3 4 5 6 7 8 9 10 11 12 13 14 15 16 17 20 21 22 23 24 27 29 28 26 25 19 18 
1 2 3 4 5 6 7 8 9 10 11 12 13 14 15 16 17 20 21 22 23 24 29 28 27 26 25 19 18 
1 2 3 4 5 6 7 8 9 10 11 12 13 14 15 16 17 20 21 22 23 25 26 27 29 28 24 19 18 
1 2 3 4 5 6 7 8 9 10 11 12 13 14 15 16 17 20 21 22 23 25 27 28 29 26 24 19 18 
1 2 3 4 5 6 7 8 9 10 11 12 13 14 15 16 17 20 21 22 23 25 28 29 27 26 24 19 18 
1 2 3 4 5 6 7 8 9 10 11 12 13 14 15 16 17 20 21 22 23 27 28 29 26 25 24 19 18 
1 2 3 4 5 6 7 8 9 10 11 12 13 14 15 16 17 20 21 22 23 28 29 27 26 25 24 19 18 
1 2 3 4 5 6 7 8 9 10 11 12 13 14 15 16 17 20 21 22 24 25 26 28 29 27 23 19 18 
1 2 3 4 5 6 7 8 9 10 11 12 13 14 15 16 17 20 21 22 24 25 27 29 28 26 23 19 18 
1 2 3 4 5 6 7 8 9 10 11 12 13 14 15 16 17 20 21 22 24 25 29 28 27 26 23 19 18 
1 2 3 4 5 6 7 8 9 10 11 12 13 14 15 16 17 20 21 22 24 26 27 28 29 25 23 19 18 
1 2 3 4 5 6 7 8 9 10 11 12 13 14 15 16 17 20 21 22 24 27 29 28 26 25 23 19 18 
1 2 3 4 5 6 7 8 9 10 11 12 13 14 15 16 17 20 21 22 24 29 28 27 26 25 23 19 18 
1 2 3 4 5 6 7 8 9 10 11 12 13 14 15 16 17 20 21 22 25 26 27 29 28 24 23 19 18 
1 2 3 4 5 6 7 8 9 10 11 12 13 14 15 16 17 20 21 22 26 27 29 28 25 24 23 19 18 
1 2 3 4 5 6 7 8 9 10 11 12 13 14 15 16 17 20 21 22 26 29 28 27 25 24 23 19 18 
1 2 3 4 5 6 7 8 9 10 11 12 13 14 15 16 17 20 21 22 27 28 29 26 25 24 23 19 18 
1 2 3 4 5 6 7 8 9 10 11 12 13 14 15 16 17 20 21 23 24 25 27 28 29 26 22 19 18 
1 2 3 4 5 6 7 8 9 10 11 12 13 14 15 16 17 20 21 23 24 25 28 29 27 26 22 19 18 
1 2 3 4 5 6 7 8 9 10 11 12 13 14 15 16 17 20 21 23 24 26 29 28 27 25 22 19 18 
1 2 3 4 5 6 7 8 9 10 11 12 13 14 15 16 17 20 21 23 24 27 28 29 26 25 22 19 18 
1 2 3 4 5 6 7 8 9 10 11 12 13 14 15 16 17 20 21 23 24 28 29 27 26 25 22 19 18 
1 2 3 4 5 6 7 8 9 10 11 12 13 14 15 16 17 20 21 23 25 27 29 28 26 24 22 19 18 
1 2 3 4 5 6 7 8 9 10 11 12 13 14 15 16 17 20 21 23 26 27 28 29 25 24 22 19 18 
1 2 3 4 5 6 7 8 9 10 11 12 13 14 15 16 17 20 21 23 26 28 29 27 25 24 22 19 18 
1 2 3 4 5 6 7 8 9 10 11 12 13 14 15 16 17 20 21 23 27 29 28 26 25 24 22 19 18 
1 2 3 4 5 6 7 8 9 10 11 12 13 14 15 16 17 20 21 23 29 28 27 26 25 24 22 19 18 
1 2 3 4 5 6 7 8 9 10 11 12 13 14 15 16 17 20 21 24 25 26 27 29 28 23 22 19 18 
1 2 3 4 5 6 7 8 9 10 11 12 13 14 15 16 17 20 21 24 25 27 28 29 26 23 22 19 18 
1 2 3 4 5 6 7 8 9 10 11 12 13 14 15 16 17 20 21 24 26 27 29 28 25 23 22 19 18 
1 2 3 4 5 6 7 8 9 10 11 12 13 14 15 16 17 20 21 24 26 29 28 27 25 23 22 19 18 
1 2 3 4 5 6 7 8 9 10 11 12 13 14 15 16 17 20 21 24 27 28 29 26 25 23 22 19 18 
1 2 3 4 5 6 7 8 9 10 11 12 13 14 15 16 17 20 21 24 28 29 27 26 25 23 22 19 18 
1 2 3 4 5 6 7 8 9 10 11 12 13 14 15 16 17 20 21 25 26 27 28 29 24 23 22 19 18 
1 2 3 4 5 6 7 8 9 10 11 12 13 14 15 16 17 20 21 26 27 28 29 25 24 23 22 19 18 
1 2 3 4 5 6 7 8 9 10 11 12 13 14 15 16 17 20 21 26 28 29 27 25 24 23 22 19 18 
1 2 3 4 5 6 7 8 9 10 11 12 13 14 15 16 17 20 21 27 29 28 26 25 24 23 22 19 18 
1 2 3 4 5 6 7 8 9 10 11 12 13 14 15 16 17 20 22 23 24 25 26 27 28 29 21 19 18 
1 2 3 4 5 6 7 8 9 10 11 12 13 14 15 16 17 20 22 23 24 25 27 29 28 26 21 19 18 
1 2 3 4 5 6 7 8 9 10 11 12 13 14 15 16 17 20 22 23 24 25 29 28 27 26 21 19 18 
1 2 3 4 5 6 7 8 9 10 11 12 13 14 15 16 17 20 22 23 24 27 29 28 26 25 21 19 18 
1 2 3 4 5 6 7 8 9 10 11 12 13 14 15 16 17 20 22 23 24 29 28 27 26 25 21 19 18 
1 2 3 4 5 6 7 8 9 10 11 12 13 14 15 16 17 20 22 23 25 26 29 28 27 24 21 19 18 
1 2 3 4 5 6 7 8 9 10 11 12 13 14 15 16 17 20 22 23 25 28 29 27 26 24 21 19 18 
1 2 3 4 5 6 7 8 9 10 11 12 13 14 15 16 17 20 22 23 26 27 29 28 25 24 21 19 18 
1 2 3 4 5 6 7 8 9 10 11 12 13 14 15 16 17 20 22 23 26 29 28 27 25 24 21 19 18 
1 2 3 4 5 6 7 8 9 10 11 12 13 14 15 16 17 20 22 23 28 29 27 26 25 24 21 19 18 
1 2 3 4 5 6 7 8 9 10 11 12 13 14 15 16 17 20 22 24 25 26 28 29 27 23 21 19 18 
1 2 3 4 5 6 7 8 9 10 11 12 13 14 15 16 17 20 22 24 26 27 28 29 25 23 21 19 18 
1 2 3 4 5 6 7 8 9 10 11 12 13 14 15 16 17 20 22 24 26 28 29 27 25 23 21 19 18 
1 2 3 4 5 6 7 8 9 10 11 12 13 14 15 16 17 20 22 24 27 29 28 26 25 23 21 19 18 
1 2 3 4 5 6 7 8 9 10 11 12 13 14 15 16 17 20 22 24 29 28 27 26 25 23 21 19 18 
1 2 3 4 5 6 7 8 9 10 11 12 13 14 15 16 17 20 22 25 27 28 29 26 24 23 21 19 18 
1 2 3 4 5 6 7 8 9 10 11 12 13 14 15 16 17 20 22 26 27 29 28 25 24 23 21 19 18 
1 2 3 4 5 6 7 8 9 10 11 12 13 14 15 16 17 20 22 26 29 28 27 25 24 23 21 19 18 
1 2 3 4 5 6 7 8 9 10 11 12 13 14 15 16 17 20 22 27 28 29 26 25 24 23 21 19 18 
1 2 3 4 5 6 7 8 9 10 11 12 13 14 15 16 17 20 22 28 29 27 26 25 24 23 21 19 18 
1 2 3 4 5 6 7 8 9 10 11 12 13 14 15 16 17 20 23 24 25 26 27 29 28 22 21 19 18 
1 2 3 4 5 6 7 8 9 10 11 12 13 14 15 16 17 20 23 24 25 26 29 28 27 22 21 19 18 
1 2 3 4 5 6 7 8 9 10 11 12 13 14 15 16 17 20 23 24 25 27 28 29 26 22 21 19 18 
1 2 3 4 5 6 7 8 9 10 11 12 13 14 15 16 17 20 23 24 26 27 29 28 25 22 21 19 18 
1 2 3 4 5 6 7 8 9 10 11 12 13 14 15 16 17 20 23 24 26 29 28 27 25 22 21 19 18 
1 2 3 4 5 6 7 8 9 10 11 12 13 14 15 16 17 20 23 24 27 28 29 26 25 22 21 19 18 
1 2 3 4 5 6 7 8 9 10 11 12 13 14 15 16 17 20 23 24 28 29 27 26 25 22 21 19 18 
1 2 3 4 5 6 7 8 9 10 11 12 13 14 15 16 17 20 23 25 26 27 28 29 24 22 21 19 18 
1 2 3 4 5 6 7 8 9 10 11 12 13 14 15 16 17 20 23 25 27 29 28 26 24 22 21 19 18 
1 2 3 4 5 6 7 8 9 10 11 12 13 14 15 16 17 20 23 26 27 28 29 25 24 22 21 19 18 
1 2 3 4 5 6 7 8 9 10 11 12 13 14 15 16 17 20 23 26 28 29 27 25 24 22 21 19 18 
1 2 3 4 5 6 7 8 9 10 11 12 13 14 15 16 17 20 23 27 29 28 26 25 24 22 21 19 18 
1 2 3 4 5 6 7 8 9 10 11 12 13 14 15 16 17 20 23 29 28 27 26 25 24 22 21 19 18 
1 2 3 4 5 6 7 8 9 10 11 12 13 14 15 16 17 20 24 25 26 27 29 28 23 22 21 19 18 
1 2 3 4 5 6 7 8 9 10 11 12 13 14 15 16 17 20 24 25 27 28 29 26 23 22 21 19 18 
1 2 3 4 5 6 7 8 9 10 11 12 13 14 15 16 17 20 24 26 27 29 28 25 23 22 21 19 18 
1 2 3 4 5 6 7 8 9 10 11 12 13 14 15 16 17 20 25 26 27 28 29 24 23 22 21 19 18 
1 2 3 4 5 6 7 8 9 10 11 12 13 14 15 16 17 20 25 26 28 29 27 24 23 22 21 19 18 
1 2 3 4 5 6 7 8 9 10 11 12 13 14 15 16 17 20 25 27 29 28 26 24 23 22 21 19 18 
1 2 3 4 5 6 7 8 9 10 11 12 13 14 15 16 17 20 25 29 28 27 26 24 23 22 21 19 18 
1 2 3 4 5 6 7 8 9 10 11 12 13 14 15 16 17 20 26 27 28 29 25 24 23 22 21 19 18 
1 2 3 4 5 6 7 8 9 10 11 12 13 14 15 16 17 20 26 28 29 27 25 24 23 22 21 19 18 
1 2 3 4 5 6 7 8 9 10 11 12 13 14 15 16 17 21 22 23 24 25 26 29 28 27 20 19 18 
1 2 3 4 5 6 7 8 9 10 11 12 13 14 15 16 17 21 22 23 24 25 27 28 29 26 20 19 18 
1 2 3 4 5 6 7 8 9 10 11 12 13 14 15 16 17 21 22 23 24 25 28 29 27 26 20 19 18 
1 2 3 4 5 6 7 8 9 10 11 12 13 14 15 16 17 21 22 23 24 26 27 29 28 25 20 19 18 
1 2 3 4 5 6 7 8 9 10 11 12 13 14 15 16 17 21 22 23 24 27 28 29 26 25 20 19 18 
1 2 3 4 5 6 7 8 9 10 11 12 13 14 15 16 17 21 22 23 24 28 29 27 26 25 20 19 18 
1 2 3 4 5 6 7 8 9 10 11 12 13 14 15 16 17 21 22 23 25 26 27 28 29 24 20 19 18 
1 2 3 4 5 6 7 8 9 10 11 12 13 14 15 16 17 21 22 23 26 27 28 29 25 24 20 19 18 
1 2 3 4 5 6 7 8 9 10 11 12 13 14 15 16 17 21 22 23 26 28 29 27 25 24 20 19 18 
1 2 3 4 5 6 7 8 9 10 11 12 13 14 15 16 17 21 22 23 27 29 28 26 25 24 20 19 18 
1 2 3 4 5 6 7 8 9 10 11 12 13 14 15 16 17 21 22 24 25 28 29 27 26 23 20 19 18 
1 2 3 4 5 6 7 8 9 10 11 12 13 14 15 16 17 21 22 24 26 27 29 28 25 23 20 19 18 
1 2 3 4 5 6 7 8 9 10 11 12 13 14 15 16 17 21 22 24 26 29 28 27 25 23 20 19 18 
1 2 3 4 5 6 7 8 9 10 11 12 13 14 15 16 17 21 22 24 27 28 29 26 25 23 20 19 18 
1 2 3 4 5 6 7 8 9 10 11 12 13 14 15 16 17 21 22 24 28 29 27 26 25 23 20 19 18 
1 2 3 4 5 6 7 8 9 10 11 12 13 14 15 16 17 21 22 25 26 28 29 27 24 23 20 19 18 
1 2 3 4 5 6 7 8 9 10 11 12 13 14 15 16 17 21 22 25 29 28 27 26 24 23 20 19 18 
1 2 3 4 5 6 7 8 9 10 11 12 13 14 15 16 17 21 22 26 27 28 29 25 24 23 20 19 18 
1 2 3 4 5 6 7 8 9 10 11 12 13 14 15 16 17 21 22 26 28 29 27 25 24 23 20 19 18 
1 2 3 4 5 6 7 8 9 10 11 12 13 14 15 16 17 21 22 29 28 27 26 25 24 23 20 19 18 
1 2 3 4 5 6 7 8 9 10 11 12 13 14 15 16 17 21 23 24 25 26 27 28 29 22 20 19 18 
1 2 3 4 5 6 7 8 9 10 11 12 13 14 15 16 17 21 23 24 25 26 28 29 27 22 20 19 18 
1 2 3 4 5 6 7 8 9 10 11 12 13 14 15 16 17 21 23 24 25 29 28 27 26 22 20 19 18 
1 2 3 4 5 6 7 8 9 10 11 12 13 14 15 16 17 21 23 24 26 27 28 29 25 22 20 19 18 
1 2 3 4 5 6 7 8 9 10 11 12 13 14 15 16 17 21 23 24 26 28 29 27 25 22 20 19 18 
1 2 3 4 5 6 7 8 9 10 11 12 13 14 15 16 17 21 23 24 27 29 28 26 25 22 20 19 18 
1 2 3 4 5 6 7 8 9 10 11 12 13 14 15 16 17 21 23 24 29 28 27 26 25 22 20 19 18 
1 2 3 4 5 6 7 8 9 10 11 12 13 14 15 16 17 21 23 25 26 29 28 27 24 22 20 19 18 
1 2 3 4 5 6 7 8 9 10 11 12 13 14 15 16 17 21 23 26 27 29 28 25 24 22 20 19 18 
1 2 3 4 5 6 7 8 9 10 11 12 13 14 15 16 17 21 23 26 29 28 27 25 24 22 20 19 18 
1 2 3 4 5 6 7 8 9 10 11 12 13 14 15 16 17 21 23 27 28 29 26 25 24 22 20 19 18 
1 2 3 4 5 6 7 8 9 10 11 12 13 14 15 16 17 21 23 28 29 27 26 25 24 22 20 19 18 
1 2 3 4 5 6 7 8 9 10 11 12 13 14 15 16 17 21 24 25 29 28 27 26 23 22 20 19 18 
1 2 3 4 5 6 7 8 9 10 11 12 13 14 15 16 17 21 24 27 29 28 26 25 23 22 20 19 18 
1 2 3 4 5 6 7 8 9 10 11 12 13 14 15 16 17 21 25 26 27 29 28 24 23 22 20 19 18 
1 2 3 4 5 6 7 8 9 10 11 12 13 14 15 16 17 21 25 26 29 28 27 24 23 22 20 19 18 
1 2 3 4 5 6 7 8 9 10 11 12 13 14 15 16 17 21 25 27 28 29 26 24 23 22 20 19 18 
1 2 3 4 5 6 7 8 9 10 11 12 13 14 15 16 17 21 25 28 29 27 26 24 23 22 20 19 18 
1 2 3 4 5 6 7 8 9 10 11 12 13 14 15 16 17 21 26 29 28 27 25 24 23 22 20 19 18 
1 2 3 4 5 6 7 8 9 10 11 12 13 14 15 16 17 22 23 24 25 27 28 29 26 21 20 19 18 
1 2 3 4 5 6 7 8 9 10 11 12 13 14 15 16 17 22 23 24 25 28 29 27 26 21 20 19 18 
1 2 3 4 5 6 7 8 9 10 11 12 13 14 15 16 17 22 23 24 26 27 29 28 25 21 20 19 18 
1 2 3 4 5 6 7 8 9 10 11 12 13 14 15 16 17 22 23 24 27 28 29 26 25 21 20 19 18 
1 2 3 4 5 6 7 8 9 10 11 12 13 14 15 16 17 22 23 24 28 29 27 26 25 21 20 19 18 
1 2 3 4 5 6 7 8 9 10 11 12 13 14 15 16 17 22 23 25 26 27 28 29 24 21 20 19 18 
1 2 3 4 5 6 7 8 9 10 11 12 13 14 15 16 17 22 23 25 26 28 29 27 24 21 20 19 18 
1 2 3 4 5 6 7 8 9 10 11 12 13 14 15 16 17 22 23 25 27 29 28 26 24 21 20 19 18 
1 2 3 4 5 6 7 8 9 10 11 12 13 14 15 16 17 22 23 26 27 28 29 25 24 21 20 19 18 
1 2 3 4 5 6 7 8 9 10 11 12 13 14 15 16 17 22 23 26 28 29 27 25 24 21 20 19 18 
1 2 3 4 5 6 7 8 9 10 11 12 13 14 15 16 17 22 23 27 29 28 26 25 24 21 20 19 18 
1 2 3 4 5 6 7 8 9 10 11 12 13 14 15 16 17 22 23 29 28 27 26 25 24 21 20 19 18 
1 2 3 4 5 6 7 8 9 10 11 12 13 14 15 16 17 22 24 25 26 27 29 28 23 21 20 19 18 
1 2 3 4 5 6 7 8 9 10 11 12 13 14 15 16 17 22 24 25 26 29 28 27 23 21 20 19 18 
1 2 3 4 5 6 7 8 9 10 11 12 13 14 15 16 17 22 24 25 28 29 27 26 23 21 20 19 18 
1 2 3 4 5 6 7 8 9 10 11 12 13 14 15 16 17 22 24 26 27 29 28 25 23 21 20 19 18 
1 2 3 4 5 6 7 8 9 10 11 12 13 14 15 16 17 22 24 27 28 29 26 25 23 21 20 19 18 
1 2 3 4 5 6 7 8 9 10 11 12 13 14 15 16 17 22 25 26 27 28 29 24 23 21 20 19 18 
1 2 3 4 5 6 7 8 9 10 11 12 13 14 15 16 17 22 25 26 28 29 27 24 23 21 20 19 18 
1 2 3 4 5 6 7 8 9 10 11 12 13 14 15 16 17 22 25 27 29 28 26 24 23 21 20 19 18 
1 2 3 4 5 6 7 8 9 10 11 12 13 14 15 16 17 22 25 29 28 27 26 24 23 21 20 19 18 
1 2 3 4 5 6 7 8 9 10 11 12 13 14 15 16 17 22 26 28 29 27 25 24 23 21 20 19 18 
1 2 3 4 5 6 7 8 9 10 11 12 13 14 15 16 17 22 27 29 28 26 25 24 23 21 20 19 18 
1 2 3 4 5 6 7 8 9 10 11 12 13 14 15 16 17 22 29 28 27 26 25 24 23 21 20 19 18 
1 2 3 4 5 6 7 8 9 10 11 12 13 14 15 16 17 23 24 25 26 27 28 29 22 21 20 19 18 
1 2 3 4 5 6 7 8 9 10 11 12 13 14 15 16 17 23 24 25 26 28 29 27 22 21 20 19 18 
1 2 3 4 5 6 7 8 9 10 11 12 13 14 15 16 17 23 24 26 27 28 29 25 22 21 20 19 18 
1 2 3 4 5 6 7 8 9 10 11 12 13 14 15 16 17 23 24 27 29 28 26 25 22 21 20 19 18 
1 2 3 4 5 6 7 8 9 10 11 12 13 14 15 16 17 23 25 26 27 29 28 24 22 21 20 19 18 
1 2 3 4 5 6 7 8 9 10 11 12 13 14 15 16 17 23 25 26 29 28 27 24 22 21 20 19 18 
1 2 3 4 5 6 7 8 9 10 11 12 13 14 15 16 17 23 25 27 28 29 26 24 22 21 20 19 18 
1 2 3 4 5 6 7 8 9 10 11 12 13 14 15 16 17 23 25 28 29 27 26 24 22 21 20 19 18 
1 2 3 4 5 6 7 8 9 10 11 12 13 14 15 16 17 23 26 27 29 28 25 24 22 21 20 19 18 
1 2 3 4 5 6 7 8 9 10 11 12 13 14 15 16 17 23 26 29 28 27 25 24 22 21 20 19 18 
1 2 3 4 5 6 7 8 9 10 11 12 13 14 15 16 17 23 27 28 29 26 25 24 22 21 20 19 18 
1 2 3 4 5 6 7 8 9 10 11 12 13 14 15 16 17 23 28 29 27 26 25 24 22 21 20 19 18 
1 2 3 4 5 6 7 8 9 10 11 12 13 14 15 16 17 24 25 26 27 28 29 23 22 21 20 19 18 
1 2 3 4 5 6 7 8 9 10 11 12 13 14 15 16 17 24 25 27 29 28 26 23 22 21 20 19 18 
1 2 3 4 5 6 7 8 9 10 11 12 13 14 15 16 17 24 26 27 28 29 25 23 22 21 20 19 18 
1 2 3 4 5 6 7 8 9 10 11 12 13 14 15 16 17 25 26 27 29 28 24 23 22 21 20 19 18 
1 2 3 4 5 6 7 8 9 10 11 12 13 14 15 16 17 25 26 29 28 27 24 23 22 21 20 19 18 
1 2 3 4 5 6 7 8 9 10 11 12 13 14 15 16 17 25 27 28 29 26 24 23 22 21 20 19 18 
1 2 3 4 5 6 7 8 9 10 11 12 13 14 15 16 17 25 28 29 27 26 24 23 22 21 20 19 18 
1 2 3 4 5 6 7 8 9 10 11 12 13 14 15 16 17 26 27 29 28 25 24 23 22 21 20 19 18 
1 2 3 4 5 6 7 8 9 10 11 12 13 14 15 16 17 26 29 28 27 25 24 23 22 21 20 19 18 
1 2 3 4 5 6 7 8 9 10 11 12 13 14 15 16 18 19 20 21 22 23 29 28 27 26 25 24 17 
1 2 3 4 5 6 7 8 9 10 11 12 13 14 15 16 18 19 20 21 22 24 28 29 27 26 25 23 17 
1 2 3 4 5 6 7 8 9 10 11 12 13 14 15 16 18 19 20 21 22 29 28 27 26 25 24 23 17 
1 2 3 4 5 6 7 8 9 10 11 12 13 14 15 16 18 19 20 21 23 24 29 28 27 26 25 22 17 
1 2 3 4 5 6 7 8 9 10 11 12 13 14 15 16 18 19 20 21 23 28 29 27 26 25 24 22 17 
1 2 3 4 5 6 7 8 9 10 11 12 13 14 15 16 18 19 20 21 24 25 27 29 28 26 23 22 17 
1 2 3 4 5 6 7 8 9 10 11 12 13 14 15 16 18 19 20 21 27 28 29 26 25 24 23 22 17 
1 2 3 4 5 6 7 8 9 10 11 12 13 14 15 16 18 19 20 21 28 29 27 26 25 24 23 22 17 
1 2 3 4 5 6 7 8 9 10 11 12 13 14 15 16 18 19 20 22 23 24 28 29 27 26 25 21 17 
1 2 3 4 5 6 7 8 9 10 11 12 13 14 15 16 18 19 20 22 23 29 28 27 26 25 24 21 17 
1 2 3 4 5 6 7 8 9 10 11 12 13 14 15 16 18 19 20 22 24 25 27 28 29 26 23 21 17 
1 2 3 4 5 6 7 8 9 10 11 12 13 14 15 16 18 19 20 22 27 29 28 26 25 24 23 21 17 
1 2 3 4 5 6 7 8 9 10 11 12 13 14 15 16 18 19 20 22 29 28 27 26 25 24 23 21 17 
1 2 3 4 5 6 7 8 9 10 11 12 13 14 15 16 18 19 20 23 24 25 29 28 27 26 22 21 17 
1 2 3 4 5 6 7 8 9 10 11 12 13 14 15 16 18 19 20 23 24 27 29 28 26 25 22 21 17 
1 2 3 4 5 6 7 8 9 10 11 12 13 14 15 16 18 19 20 23 26 27 29 28 25 24 22 21 17 
1 2 3 4 5 6 7 8 9 10 11 12 13 14 15 16 18 19 20 23 27 28 29 26 25 24 22 21 17 
1 2 3 4 5 6 7 8 9 10 11 12 13 14 15 16 18 19 20 23 28 29 27 26 25 24 22 21 17 
1 2 3 4 5 6 7 8 9 10 11 12 13 14 15 16 18 19 20 24 26 27 28 29 25 23 22 21 17 
1 2 3 4 5 6 7 8 9 10 11 12 13 14 15 16 18 19 20 27 28 29 26 25 24 23 22 21 17 
1 2 3 4 5 6 7 8 9 10 11 12 13 14 15 16 18 19 20 28 29 27 26 25 24 23 22 21 17 
1 2 3 4 5 6 7 8 9 10 11 12 13 14 15 16 18 19 21 22 23 24 29 28 27 26 25 20 17 
1 2 3 4 5 6 7 8 9 10 11 12 13 14 15 16 18 19 21 22 23 28 29 27 26 25 24 20 17 
1 2 3 4 5 6 7 8 9 10 11 12 13 14 15 16 18 19 21 22 24 25 27 29 28 26 23 20 17 
1 2 3 4 5 6 7 8 9 10 11 12 13 14 15 16 18 19 21 22 27 28 29 26 25 24 23 20 17 
1 2 3 4 5 6 7 8 9 10 11 12 13 14 15 16 18 19 21 22 28 29 27 26 25 24 23 20 17 
1 2 3 4 5 6 7 8 9 10 11 12 13 14 15 16 18 19 21 23 24 25 28 29 27 26 22 20 17 
1 2 3 4 5 6 7 8 9 10 11 12 13 14 15 16 18 19 21 23 24 27 28 29 26 25 22 20 17 
1 2 3 4 5 6 7 8 9 10 11 12 13 14 15 16 18 19 21 23 26 27 28 29 25 24 22 20 17 
1 2 3 4 5 6 7 8 9 10 11 12 13 14 15 16 18 19 21 23 27 29 28 26 25 24 22 20 17 
1 2 3 4 5 6 7 8 9 10 11 12 13 14 15 16 18 19 21 23 29 28 27 26 25 24 22 20 17 
1 2 3 4 5 6 7 8 9 10 11 12 13 14 15 16 18 19 21 24 26 27 29 28 25 23 22 20 17 
1 2 3 4 5 6 7 8 9 10 11 12 13 14 15 16 18 19 21 27 29 28 26 25 24 23 22 20 17 
1 2 3 4 5 6 7 8 9 10 11 12 13 14 15 16 18 19 21 29 28 27 26 25 24 23 22 20 17 
1 2 3 4 5 6 7 8 9 10 11 12 13 14 15 16 18 19 22 23 24 29 28 27 26 25 21 20 17 
1 2 3 4 5 6 7 8 9 10 11 12 13 14 15 16 18 19 22 23 26 29 28 27 25 24 21 20 17 
1 2 3 4 5 6 7 8 9 10 11 12 13 14 15 16 18 19 22 23 27 28 29 26 25 24 21 20 17 
1 2 3 4 5 6 7 8 9 10 11 12 13 14 15 16 18 19 22 23 28 29 27 26 25 24 21 20 17 
1 2 3 4 5 6 7 8 9 10 11 12 13 14 15 16 18 19 22 24 27 29 28 26 25 23 21 20 17 
1 2 3 4 5 6 7 8 9 10 11 12 13 14 15 16 18 19 22 26 27 29 28 25 24 23 21 20 17 
1 2 3 4 5 6 7 8 9 10 11 12 13 14 15 16 18 19 22 27 28 29 26 25 24 23 21 20 17 
1 2 3 4 5 6 7 8 9 10 11 12 13 14 15 16 18 19 22 28 29 27 26 25 24 23 21 20 17 
1 2 3 4 5 6 7 8 9 10 11 12 13 14 15 16 18 19 23 24 25 26 29 28 27 22 21 20 17 
1 2 3 4 5 6 7 8 9 10 11 12 13 14 15 16 18 19 23 24 26 27 29 28 25 22 21 20 17 
1 2 3 4 5 6 7 8 9 10 11 12 13 14 15 16 18 19 23 24 27 28 29 26 25 22 21 20 17 
1 2 3 4 5 6 7 8 9 10 11 12 13 14 15 16 18 19 23 26 27 28 29 25 24 22 21 20 17 
1 2 3 4 5 6 7 8 9 10 11 12 13 14 15 16 18 19 25 26 27 28 29 24 23 22 21 20 17 
1 2 3 4 5 6 7 8 9 10 11 12 13 14 15 16 18 19 26 27 28 29 25 24 23 22 21 20 17 
1 2 3 4 5 6 7 8 9 10 11 12 13 14 15 16 18 19 26 28 29 27 25 24 23 22 21 20 17 
1 2 3 4 5 6 7 8 9 10 11 12 13 14 15 16 18 19 27 29 28 26 25 24 23 22 21 20 17 
1 2 3 4 5 6 7 8 9 10 11 12 13 14 15 16 18 20 21 22 23 24 28 29 27 26 25 19 17 
1 2 3 4 5 6 7 8 9 10 11 12 13 14 15 16 18 20 21 22 23 29 28 27 26 25 24 19 17 
1 2 3 4 5 6 7 8 9 10 11 12 13 14 15 16 18 20 21 22 24 25 27 28 29 26 23 19 17 
1 2 3 4 5 6 7 8 9 10 11 12 13 14 15 16 18 20 21 22 27 29 28 26 25 24 23 19 17 
1 2 3 4 5 6 7 8 9 10 11 12 13 14 15 16 18 20 21 22 29 28 27 26 25 24 23 19 17 
1 2 3 4 5 6 7 8 9 10 11 12 13 14 15 16 18 20 21 23 24 25 29 28 27 26 22 19 17 
1 2 3 4 5 6 7 8 9 10 11 12 13 14 15 16 18 20 21 23 24 27 29 28 26 25 22 19 17 
1 2 3 4 5 6 7 8 9 10 11 12 13 14 15 16 18 20 21 23 26 27 29 28 25 24 22 19 17 
1 2 3 4 5 6 7 8 9 10 11 12 13 14 15 16 18 20 21 23 27 28 29 26 25 24 22 19 17 
1 2 3 4 5 6 7 8 9 10 11 12 13 14 15 16 18 20 21 23 28 29 27 26 25 24 22 19 17 
1 2 3 4 5 6 7 8 9 10 11 12 13 14 15 16 18 20 21 24 26 27 28 29 25 23 22 19 17 
1 2 3 4 5 6 7 8 9 10 11 12 13 14 15 16 18 20 21 27 28 29 26 25 24 23 22 19 17 
1 2 3 4 5 6 7 8 9 10 11 12 13 14 15 16 18 20 21 28 29 27 26 25 24 23 22 19 17 
1 2 3 4 5 6 7 8 9 10 11 12 13 14 15 16 18 20 22 23 24 28 29 27 26 25 21 19 17 
1 2 3 4 5 6 7 8 9 10 11 12 13 14 15 16 18 20 22 23 26 28 29 27 25 24 21 19 17 
1 2 3 4 5 6 7 8 9 10 11 12 13 14 15 16 18 20 22 23 27 29 28 26 25 24 21 19 17 
1 2 3 4 5 6 7 8 9 10 11 12 13 14 15 16 18 20 22 23 29 28 27 26 25 24 21 19 17 
1 2 3 4 5 6 7 8 9 10 11 12 13 14 15 16 18 20 22 24 27 28 29 26 25 23 21 19 17 
1 2 3 4 5 6 7 8 9 10 11 12 13 14 15 16 18 20 22 26 27 28 29 25 24 23 21 19 17 
1 2 3 4 5 6 7 8 9 10 11 12 13 14 15 16 18 20 22 27 29 28 26 25 24 23 21 19 17 
1 2 3 4 5 6 7 8 9 10 11 12 13 14 15 16 18 20 22 29 28 27 26 25 24 23 21 19 17 
1 2 3 4 5 6 7 8 9 10 11 12 13 14 15 16 18 20 23 24 25 26 28 29 27 22 21 19 17 
1 2 3 4 5 6 7 8 9 10 11 12 13 14 15 16 18 20 23 24 26 27 28 29 25 22 21 19 17 
1 2 3 4 5 6 7 8 9 10 11 12 13 14 15 16 18 20 23 24 27 29 28 26 25 22 21 19 17 
1 2 3 4 5 6 7 8 9 10 11 12 13 14 15 16 18 20 23 26 27 29 28 25 24 22 21 19 17 
1 2 3 4 5 6 7 8 9 10 11 12 13 14 15 16 18 20 25 26 27 29 28 24 23 22 21 19 17 
1 2 3 4 5 6 7 8 9 10 11 12 13 14 15 16 18 20 26 27 29 28 25 24 23 22 21 19 17 
1 2 3 4 5 6 7 8 9 10 11 12 13 14 15 16 18 20 26 29 28 27 25 24 23 22 21 19 17 
1 2 3 4 5 6 7 8 9 10 11 12 13 14 15 16 18 20 27 28 29 26 25 24 23 22 21 19 17 
1 2 3 4 5 6 7 8 9 10 11 12 13 14 15 16 18 21 22 23 24 25 27 29 28 26 20 19 17 
1 2 3 4 5 6 7 8 9 10 11 12 13 14 15 16 18 21 22 23 27 28 29 26 25 24 20 19 17 
1 2 3 4 5 6 7 8 9 10 11 12 13 14 15 16 18 21 22 23 28 29 27 26 25 24 20 19 17 
1 2 3 4 5 6 7 8 9 10 11 12 13 14 15 16 18 21 22 24 26 28 29 27 25 23 20 19 17 
1 2 3 4 5 6 7 8 9 10 11 12 13 14 15 16 18 21 22 24 29 28 27 26 25 23 20 19 17 
1 2 3 4 5 6 7 8 9 10 11 12 13 14 15 16 18 21 22 26 29 28 27 25 24 23 20 19 17 
1 2 3 4 5 6 7 8 9 10 11 12 13 14 15 16 18 21 22 27 28 29 26 25 24 23 20 19 17 
1 2 3 4 5 6 7 8 9 10 11 12 13 14 15 16 18 21 22 28 29 27 26 25 24 23 20 19 17 
1 2 3 4 5 6 7 8 9 10 11 12 13 14 15 16 18 21 23 24 26 29 28 27 25 22 20 19 17 
1 2 3 4 5 6 7 8 9 10 11 12 13 14 15 16 18 21 23 27 29 28 26 25 24 22 20 19 17 
1 2 3 4 5 6 7 8 9 10 11 12 13 14 15 16 18 21 25 27 29 28 26 24 23 22 20 19 17 
1 2 3 4 5 6 7 8 9 10 11 12 13 14 15 16 18 21 26 27 28 29 25 24 23 22 20 19 17 
1 2 3 4 5 6 7 8 9 10 11 12 13 14 15 16 18 21 26 28 29 27 25 24 23 22 20 19 17 
1 2 3 4 5 6 7 8 9 10 11 12 13 14 15 16 18 21 27 29 28 26 25 24 23 22 20 19 17 
1 2 3 4 5 6 7 8 9 10 11 12 13 14 15 16 18 21 29 28 27 26 25 24 23 22 20 19 17 
1 2 3 4 5 6 7 8 9 10 11 12 13 14 15 16 18 22 23 24 25 29 28 27 26 21 20 19 17 
1 2 3 4 5 6 7 8 9 10 11 12 13 14 15 16 18 22 23 24 26 27 28 29 25 21 20 19 17 
1 2 3 4 5 6 7 8 9 10 11 12 13 14 15 16 18 22 23 24 26 28 29 27 25 21 20 19 17 
1 2 3 4 5 6 7 8 9 10 11 12 13 14 15 16 18 22 23 24 27 29 28 26 25 21 20 19 17 
1 2 3 4 5 6 7 8 9 10 11 12 13 14 15 16 18 22 23 25 26 29 28 27 24 21 20 19 17 
1 2 3 4 5 6 7 8 9 10 11 12 13 14 15 16 18 22 23 26 27 29 28 25 24 21 20 19 17 
1 2 3 4 5 6 7 8 9 10 11 12 13 14 15 16 18 22 23 27 28 29 26 25 24 21 20 19 17 
1 2 3 4 5 6 7 8 9 10 11 12 13 14 15 16 18 22 25 26 27 29 28 24 23 21 20 19 17 
1 2 3 4 5 6 7 8 9 10 11 12 13 14 15 16 18 22 25 27 28 29 26 24 23 21 20 19 17 
1 2 3 4 5 6 7 8 9 10 11 12 13 14 15 16 18 22 26 27 29 28 25 24 23 21 20 19 17 
1 2 3 4 5 6 7 8 9 10 11 12 13 14 15 16 18 22 26 29 28 27 25 24 23 21 20 19 17 
1 2 3 4 5 6 7 8 9 10 11 12 13 14 15 16 18 22 27 28 29 26 25 24 23 21 20 19 17 
1 2 3 4 5 6 7 8 9 10 11 12 13 14 15 16 18 22 28 29 27 26 25 24 23 21 20 19 17 
1 2 3 4 5 6 7 8 9 10 11 12 13 14 15 16 18 23 24 25 26 27 29 28 22 21 20 19 17 
1 2 3 4 5 6 7 8 9 10 11 12 13 14 15 16 18 23 25 26 27 28 29 24 22 21 20 19 17 
1 2 3 4 5 6 7 8 9 10 11 12 13 14 15 16 18 23 25 27 29 28 26 24 22 21 20 19 17 
1 2 3 4 5 6 7 8 9 10 11 12 13 14 15 16 18 23 26 27 28 29 25 24 22 21 20 19 17 
1 2 3 4 5 6 7 8 9 10 11 12 13 14 15 16 18 25 26 27 28 29 24 23 22 21 20 19 17 
1 2 3 4 5 6 7 8 9 10 11 12 13 14 15 16 18 26 27 28 29 25 24 23 22 21 20 19 17 
1 2 3 4 5 6 7 8 9 10 11 12 13 14 15 16 18 26 28 29 27 25 24 23 22 21 20 19 17 
1 2 3 4 5 6 7 8 9 10 11 12 13 14 15 16 18 27 29 28 26 25 24 23 22 21 20 19 17 
1 2 3 4 5 6 7 8 9 10 11 12 13 14 15 16 19 20 21 22 23 24 29 28 27 26 25 18 17 
1 2 3 4 5 6 7 8 9 10 11 12 13 14 15 16 19 20 21 22 23 28 29 27 26 25 24 18 17 
1 2 3 4 5 6 7 8 9 10 11 12 13 14 15 16 19 20 21 22 24 25 27 29 28 26 23 18 17 
1 2 3 4 5 6 7 8 9 10 11 12 13 14 15 16 19 20 21 22 27 28 29 26 25 24 23 18 17 
1 2 3 4 5 6 7 8 9 10 11 12 13 14 15 16 19 20 21 22 28 29 27 26 25 24 23 18 17 
1 2 3 4 5 6 7 8 9 10 11 12 13 14 15 16 19 20 21 23 24 25 28 29 27 26 22 18 17 
1 2 3 4 5 6 7 8 9 10 11 12 13 14 15 16 19 20 21 23 24 27 28 29 26 25 22 18 17 
1 2 3 4 5 6 7 8 9 10 11 12 13 14 15 16 19 20 21 23 26 27 28 29 25 24 22 18 17 
1 2 3 4 5 6 7 8 9 10 11 12 13 14 15 16 19 20 21 23 27 29 28 26 25 24 22 18 17 
1 2 3 4 5 6 7 8 9 10 11 12 13 14 15 16 19 20 21 23 29 28 27 26 25 24 22 18 17 
1 2 3 4 5 6 7 8 9 10 11 12 13 14 15 16 19 20 21 24 26 27 29 28 25 23 22 18 17 
1 2 3 4 5 6 7 8 9 10 11 12 13 14 15 16 19 20 21 27 29 28 26 25 24 23 22 18 17 
1 2 3 4 5 6 7 8 9 10 11 12 13 14 15 16 19 20 21 29 28 27 26 25 24 23 22 18 17 
1 2 3 4 5 6 7 8 9 10 11 12 13 14 15 16 19 20 22 23 24 29 28 27 26 25 21 18 17 
1 2 3 4 5 6 7 8 9 10 11 12 13 14 15 16 19 20 22 23 26 29 28 27 25 24 21 18 17 
1 2 3 4 5 6 7 8 9 10 11 12 13 14 15 16 19 20 22 23 27 28 29 26 25 24 21 18 17 
1 2 3 4 5 6 7 8 9 10 11 12 13 14 15 16 19 20 22 23 28 29 27 26 25 24 21 18 17 
1 2 3 4 5 6 7 8 9 10 11 12 13 14 15 16 19 20 22 24 27 29 28 26 25 23 21 18 17 
1 2 3 4 5 6 7 8 9 10 11 12 13 14 15 16 19 20 22 26 27 29 28 25 24 23 21 18 17 
1 2 3 4 5 6 7 8 9 10 11 12 13 14 15 16 19 20 22 27 28 29 26 25 24 23 21 18 17 
1 2 3 4 5 6 7 8 9 10 11 12 13 14 15 16 19 20 22 28 29 27 26 25 24 23 21 18 17 
1 2 3 4 5 6 7 8 9 10 11 12 13 14 15 16 19 20 23 24 25 26 29 28 27 22 21 18 17 
1 2 3 4 5 6 7 8 9 10 11 12 13 14 15 16 19 20 23 24 26 27 29 28 25 22 21 18 17 
1 2 3 4 5 6 7 8 9 10 11 12 13 14 15 16 19 20 23 24 27 28 29 26 25 22 21 18 17 
1 2 3 4 5 6 7 8 9 10 11 12 13 14 15 16 19 20 23 26 27 28 29 25 24 22 21 18 17 
1 2 3 4 5 6 7 8 9 10 11 12 13 14 15 16 19 20 25 26 27 28 29 24 23 22 21 18 17 
1 2 3 4 5 6 7 8 9 10 11 12 13 14 15 16 19 20 26 27 28 29 25 24 23 22 21 18 17 
1 2 3 4 5 6 7 8 9 10 11 12 13 14 15 16 19 20 26 28 29 27 25 24 23 22 21 18 17 
1 2 3 4 5 6 7 8 9 10 11 12 13 14 15 16 19 20 27 29 28 26 25 24 23 22 21 18 17 
1 2 3 4 5 6 7 8 9 10 11 12 13 14 15 16 19 21 22 23 24 25 27 28 29 26 20 18 17 
1 2 3 4 5 6 7 8 9 10 11 12 13 14 15 16 19 21 22 23 27 29 28 26 25 24 20 18 17 
1 2 3 4 5 6 7 8 9 10 11 12 13 14 15 16 19 21 22 23 29 28 27 26 25 24 20 18 17 
1 2 3 4 5 6 7 8 9 10 11 12 13 14 15 16 19 21 22 24 26 29 28 27 25 23 20 18 17 
1 2 3 4 5 6 7 8 9 10 11 12 13 14 15 16 19 21 22 24 28 29 27 26 25 23 20 18 17 
1 2 3 4 5 6 7 8 9 10 11 12 13 14 15 16 19 21 22 26 28 29 27 25 24 23 20 18 17 
1 2 3 4 5 6 7 8 9 10 11 12 13 14 15 16 19 21 22 27 29 28 26 25 24 23 20 18 17 
1 2 3 4 5 6 7 8 9 10 11 12 13 14 15 16 19 21 22 29 28 27 26 25 24 23 20 18 17 
1 2 3 4 5 6 7 8 9 10 11 12 13 14 15 16 19 21 23 24 26 28 29 27 25 22 20 18 17 
1 2 3 4 5 6 7 8 9 10 11 12 13 14 15 16 19 21 23 27 28 29 26 25 24 22 20 18 17 
1 2 3 4 5 6 7 8 9 10 11 12 13 14 15 16 19 21 25 27 28 29 26 24 23 22 20 18 17 
1 2 3 4 5 6 7 8 9 10 11 12 13 14 15 16 19 21 26 27 29 28 25 24 23 22 20 18 17 
1 2 3 4 5 6 7 8 9 10 11 12 13 14 15 16 19 21 26 29 28 27 25 24 23 22 20 18 17 
1 2 3 4 5 6 7 8 9 10 11 12 13 14 15 16 19 21 27 28 29 26 25 24 23 22 20 18 17 
1 2 3 4 5 6 7 8 9 10 11 12 13 14 15 16 19 21 28 29 27 26 25 24 23 22 20 18 17 
1 2 3 4 5 6 7 8 9 10 11 12 13 14 15 16 19 22 23 24 25 28 29 27 26 21 20 18 17 
1 2 3 4 5 6 7 8 9 10 11 12 13 14 15 16 19 22 23 24 26 27 29 28 25 21 20 18 17 
1 2 3 4 5 6 7 8 9 10 11 12 13 14 15 16 19 22 23 24 26 29 28 27 25 21 20 18 17 
1 2 3 4 5 6 7 8 9 10 11 12 13 14 15 16 19 22 23 24 27 28 29 26 25 21 20 18 17 
1 2 3 4 5 6 7 8 9 10 11 12 13 14 15 16 19 22 23 25 26 28 29 27 24 21 20 18 17 
1 2 3 4 5 6 7 8 9 10 11 12 13 14 15 16 19 22 23 26 27 28 29 25 24 21 20 18 17 
1 2 3 4 5 6 7 8 9 10 11 12 13 14 15 16 19 22 23 27 29 28 26 25 24 21 20 18 17 
1 2 3 4 5 6 7 8 9 10 11 12 13 14 15 16 19 22 25 26 27 28 29 24 23 21 20 18 17 
1 2 3 4 5 6 7 8 9 10 11 12 13 14 15 16 19 22 25 27 29 28 26 24 23 21 20 18 17 
1 2 3 4 5 6 7 8 9 10 11 12 13 14 15 16 19 22 26 27 28 29 25 24 23 21 20 18 17 
1 2 3 4 5 6 7 8 9 10 11 12 13 14 15 16 19 22 26 28 29 27 25 24 23 21 20 18 17 
1 2 3 4 5 6 7 8 9 10 11 12 13 14 15 16 19 22 27 29 28 26 25 24 23 21 20 18 17 
1 2 3 4 5 6 7 8 9 10 11 12 13 14 15 16 19 22 29 28 27 26 25 24 23 21 20 18 17 
1 2 3 4 5 6 7 8 9 10 11 12 13 14 15 16 19 23 24 25 26 27 28 29 22 21 20 18 17 
1 2 3 4 5 6 7 8 9 10 11 12 13 14 15 16 19 23 25 26 27 29 28 24 22 21 20 18 17 
1 2 3 4 5 6 7 8 9 10 11 12 13 14 15 16 19 23 25 27 28 29 26 24 22 21 20 18 17 
1 2 3 4 5 6 7 8 9 10 11 12 13 14 15 16 19 23 26 27 29 28 25 24 22 21 20 18 17 
1 2 3 4 5 6 7 8 9 10 11 12 13 14 15 16 19 25 26 27 29 28 24 23 22 21 20 18 17 
1 2 3 4 5 6 7 8 9 10 11 12 13 14 15 16 19 26 27 29 28 25 24 23 22 21 20 18 17 
1 2 3 4 5 6 7 8 9 10 11 12 13 14 15 16 19 26 29 28 27 25 24 23 22 21 20 18 17 
1 2 3 4 5 6 7 8 9 10 11 12 13 14 15 16 19 27 28 29 26 25 24 23 22 21 20 18 17 
1 2 3 4 5 6 7 8 9 10 11 12 13 14 15 16 20 21 22 23 24 25 29 28 27 26 19 18 17 
1 2 3 4 5 6 7 8 9 10 11 12 13 14 15 16 20 21 22 23 24 27 29 28 26 25 19 18 17 
1 2 3 4 5 6 7 8 9 10 11 12 13 14 15 16 20 21 22 23 26 27 29 28 25 24 19 18 17 
1 2 3 4 5 6 7 8 9 10 11 12 13 14 15 16 20 21 22 23 27 28 29 26 25 24 19 18 17 
1 2 3 4 5 6 7 8 9 10 11 12 13 14 15 16 20 21 22 23 28 29 27 26 25 24 19 18 17 
1 2 3 4 5 6 7 8 9 10 11 12 13 14 15 16 20 21 22 24 26 27 28 29 25 23 19 18 17 
1 2 3 4 5 6 7 8 9 10 11 12 13 14 15 16 20 21 22 27 28 29 26 25 24 23 19 18 17 
1 2 3 4 5 6 7 8 9 10 11 12 13 14 15 16 20 21 22 28 29 27 26 25 24 23 19 18 17 
1 2 3 4 5 6 7 8 9 10 11 12 13 14 15 16 20 21 23 24 25 26 27 29 28 22 19 18 17 
1 2 3 4 5 6 7 8 9 10 11 12 13 14 15 16 20 21 23 24 28 29 27 26 25 22 19 18 17 
1 2 3 4 5 6 7 8 9 10 11 12 13 14 15 16 20 21 23 26 28 29 27 25 24 22 19 18 17 
1 2 3 4 5 6 7 8 9 10 11 12 13 14 15 16 20 21 23 29 28 27 26 25 24 22 19 18 17 
1 2 3 4 5 6 7 8 9 10 11 12 13 14 15 16 20 21 25 26 28 29 27 24 23 22 19 18 17 
1 2 3 4 5 6 7 8 9 10 11 12 13 14 15 16 20 21 25 29 28 27 26 24 23 22 19 18 17 
1 2 3 4 5 6 7 8 9 10 11 12 13 14 15 16 20 21 26 27 28 29 25 24 23 22 19 18 17 
1 2 3 4 5 6 7 8 9 10 11 12 13 14 15 16 20 21 26 28 29 27 25 24 23 22 19 18 17 
1 2 3 4 5 6 7 8 9 10 11 12 13 14 15 16 20 21 29 28 27 26 25 24 23 22 19 18 17 
1 2 3 4 5 6 7 8 9 10 11 12 13 14 15 16 20 22 23 24 26 27 28 29 25 21 19 18 17 
1 2 3 4 5 6 7 8 9 10 11 12 13 14 15 16 20 22 23 24 26 28 29 27 25 21 19 18 17 
1 2 3 4 5 6 7 8 9 10 11 12 13 14 15 16 20 22 23 24 29 28 27 26 25 21 19 18 17 
1 2 3 4 5 6 7 8 9 10 11 12 13 14 15 16 20 22 23 26 29 28 27 25 24 21 19 18 17 
1 2 3 4 5 6 7 8 9 10 11 12 13 14 15 16 20 22 24 25 26 28 29 27 23 21 19 18 17 
1 2 3 4 5 6 7 8 9 10 11 12 13 14 15 16 20 22 25 26 29 28 27 24 23 21 19 18 17 
1 2 3 4 5 6 7 8 9 10 11 12 13 14 15 16 20 22 26 27 29 28 25 24 23 21 19 18 17 
1 2 3 4 5 6 7 8 9 10 11 12 13 14 15 16 20 22 26 29 28 27 25 24 23 21 19 18 17 
1 2 3 4 5 6 7 8 9 10 11 12 13 14 15 16 20 22 27 28 29 26 25 24 23 21 19 18 17 
1 2 3 4 5 6 7 8 9 10 11 12 13 14 15 16 20 22 28 29 27 26 25 24 23 21 19 18 17 
1 2 3 4 5 6 7 8 9 10 11 12 13 14 15 16 20 23 24 25 26 29 28 27 22 21 19 18 17 
1 2 3 4 5 6 7 8 9 10 11 12 13 14 15 16 20 23 25 29 28 27 26 24 22 21 19 18 17 
1 2 3 4 5 6 7 8 9 10 11 12 13 14 15 16 20 23 27 29 28 26 25 24 22 21 19 18 17 
1 2 3 4 5 6 7 8 9 10 11 12 13 14 15 16 20 25 27 29 28 26 24 23 22 21 19 18 17 
1 2 3 4 5 6 7 8 9 10 11 12 13 14 15 16 20 26 27 28 29 25 24 23 22 21 19 18 17 
1 2 3 4 5 6 7 8 9 10 11 12 13 14 15 16 20 26 28 29 27 25 24 23 22 21 19 18 17 
1 2 3 4 5 6 7 8 9 10 11 12 13 14 15 16 20 27 29 28 26 25 24 23 22 21 19 18 17 
1 2 3 4 5 6 7 8 9 10 11 12 13 14 15 16 20 29 28 27 26 25 24 23 22 21 19 18 17 
1 2 3 4 5 6 7 8 9 10 11 12 13 14 15 16 21 22 23 24 27 28 29 26 25 20 19 18 17 
1 2 3 4 5 6 7 8 9 10 11 12 13 14 15 16 21 22 23 24 28 29 27 26 25 20 19 18 17 
1 2 3 4 5 6 7 8 9 10 11 12 13 14 15 16 21 22 23 25 29 28 27 26 24 20 19 18 17 
1 2 3 4 5 6 7 8 9 10 11 12 13 14 15 16 21 22 23 26 27 28 29 25 24 20 19 18 17 
1 2 3 4 5 6 7 8 9 10 11 12 13 14 15 16 21 22 23 26 28 29 27 25 24 20 19 18 17 
1 2 3 4 5 6 7 8 9 10 11 12 13 14 15 16 21 22 23 27 29 28 26 25 24 20 19 18 17 
1 2 3 4 5 6 7 8 9 10 11 12 13 14 15 16 21 22 24 26 29 28 27 25 23 20 19 18 17 
1 2 3 4 5 6 7 8 9 10 11 12 13 14 15 16 21 22 25 26 27 28 29 24 23 20 19 18 17 
1 2 3 4 5 6 7 8 9 10 11 12 13 14 15 16 21 22 25 26 28 29 27 24 23 20 19 18 17 
1 2 3 4 5 6 7 8 9 10 11 12 13 14 15 16 21 22 25 27 29 28 26 24 23 20 19 18 17 
1 2 3 4 5 6 7 8 9 10 11 12 13 14 15 16 21 22 26 27 28 29 25 24 23 20 19 18 17 
1 2 3 4 5 6 7 8 9 10 11 12 13 14 15 16 21 22 26 28 29 27 25 24 23 20 19 18 17 
1 2 3 4 5 6 7 8 9 10 11 12 13 14 15 16 21 22 27 29 28 26 25 24 23 20 19 18 17 
1 2 3 4 5 6 7 8 9 10 11 12 13 14 15 16 21 22 29 28 27 26 25 24 23 20 19 18 17 
1 2 3 4 5 6 7 8 9 10 11 12 13 14 15 16 21 23 25 26 27 29 28 24 22 20 19 18 17 
1 2 3 4 5 6 7 8 9 10 11 12 13 14 15 16 21 23 25 26 29 28 27 24 22 20 19 18 17 
1 2 3 4 5 6 7 8 9 10 11 12 13 14 15 16 21 23 25 28 29 27 26 24 22 20 19 18 17 
1 2 3 4 5 6 7 8 9 10 11 12 13 14 15 16 21 23 26 27 29 28 25 24 22 20 19 18 17 
1 2 3 4 5 6 7 8 9 10 11 12 13 14 15 16 21 23 27 28 29 26 25 24 22 20 19 18 17 
1 2 3 4 5 6 7 8 9 10 11 12 13 14 15 16 21 25 26 27 29 28 24 23 22 20 19 18 17 
1 2 3 4 5 6 7 8 9 10 11 12 13 14 15 16 21 25 27 28 29 26 24 23 22 20 19 18 17 
1 2 3 4 5 6 7 8 9 10 11 12 13 14 15 16 21 26 27 29 28 25 24 23 22 20 19 18 17 
1 2 3 4 5 6 7 8 9 10 11 12 13 14 15 16 21 26 29 28 27 25 24 23 22 20 19 18 17 
1 2 3 4 5 6 7 8 9 10 11 12 13 14 15 16 21 27 28 29 26 25 24 23 22 20 19 18 17 
1 2 3 4 5 6 7 8 9 10 11 12 13 14 15 16 21 28 29 27 26 25 24 23 22 20 19 18 17 
1 2 3 4 5 6 7 8 9 10 11 12 13 14 15 16 22 23 24 25 26 29 28 27 21 20 19 18 17 
1 2 3 4 5 6 7 8 9 10 11 12 13 14 15 16 22 23 24 26 27 29 28 25 21 20 19 18 17 
1 2 3 4 5 6 7 8 9 10 11 12 13 14 15 16 22 23 25 26 27 28 29 24 21 20 19 18 17 
1 2 3 4 5 6 7 8 9 10 11 12 13 14 15 16 22 23 25 26 28 29 27 24 21 20 19 18 17 
1 2 3 4 5 6 7 8 9 10 11 12 13 14 15 16 22 23 26 27 28 29 25 24 21 20 19 18 17 
1 2 3 4 5 6 7 8 9 10 11 12 13 14 15 16 22 23 27 29 28 26 25 24 21 20 19 18 17 
1 2 3 4 5 6 7 8 9 10 11 12 13 14 15 16 22 24 25 26 27 29 28 23 21 20 19 18 17 
1 2 3 4 5 6 7 8 9 10 11 12 13 14 15 16 22 25 26 27 28 29 24 23 21 20 19 18 17 
1 2 3 4 5 6 7 8 9 10 11 12 13 14 15 16 22 25 27 29 28 26 24 23 21 20 19 18 17 
1 2 3 4 5 6 7 8 9 10 11 12 13 14 15 16 22 26 27 28 29 25 24 23 21 20 19 18 17 
1 2 3 4 5 6 7 8 9 10 11 12 13 14 15 16 23 24 25 26 27 28 29 22 21 20 19 18 17 
1 2 3 4 5 6 7 8 9 10 11 12 13 14 15 16 24 25 26 27 28 29 23 22 21 20 19 18 17 
1 2 3 4 5 6 7 8 9 10 11 12 13 14 15 16 24 25 27 29 28 26 23 22 21 20 19 18 17 
1 2 3 4 5 6 7 8 9 10 11 12 13 14 15 16 24 26 27 28 29 25 23 22 21 20 19 18 17 
1 2 3 4 5 6 7 8 9 10 11 12 13 14 15 16 25 26 27 29 28 24 23 22 21 20 19 18 17 
1 2 3 4 5 6 7 8 9 10 11 12 13 14 15 16 25 26 29 28 27 24 23 22 21 20 19 18 17 
1 2 3 4 5 6 7 8 9 10 11 12 13 14 15 16 25 27 28 29 26 24 23 22 21 20 19 18 17 
1 2 3 4 5 6 7 8 9 10 11 12 13 14 15 16 25 28 29 27 26 24 23 22 21 20 19 18 17 
1 2 3 4 5 6 7 8 9 10 11 12 13 14 15 16 26 27 29 28 25 24 23 22 21 20 19 18 17 
1 2 3 4 5 6 7 8 9 10 11 12 13 14 15 16 26 29 28 27 25 24 23 22 21 20 19 18 17 
1 2 3 4 5 6 7 8 9 10 11 12 13 14 15 17 18 19 20 21 29 28 27 26 25 24 23 22 16 
1 2 3 4 5 6 7 8 9 10 11 12 13 14 15 17 18 19 20 22 28 29 27 26 25 24 23 21 16 
1 2 3 4 5 6 7 8 9 10 11 12 13 14 15 17 18 19 20 29 28 27 26 25 24 23 22 21 16 
1 2 3 4 5 6 7 8 9 10 11 12 13 14 15 17 18 19 21 22 29 28 27 26 25 24 23 20 16 
1 2 3 4 5 6 7 8 9 10 11 12 13 14 15 17 18 19 21 28 29 27 26 25 24 23 22 20 16 
1 2 3 4 5 6 7 8 9 10 11 12 13 14 15 17 18 19 22 23 27 29 28 26 25 24 21 20 16 
1 2 3 4 5 6 7 8 9 10 11 12 13 14 15 17 18 19 27 28 29 26 25 24 23 22 21 20 16 
1 2 3 4 5 6 7 8 9 10 11 12 13 14 15 17 18 19 28 29 27 26 25 24 23 22 21 20 16 
1 2 3 4 5 6 7 8 9 10 11 12 13 14 15 17 18 20 21 22 28 29 27 26 25 24 23 19 16 
1 2 3 4 5 6 7 8 9 10 11 12 13 14 15 17 18 20 21 29 28 27 26 25 24 23 22 19 16 
1 2 3 4 5 6 7 8 9 10 11 12 13 14 15 17 18 20 22 23 27 28 29 26 25 24 21 19 16 
1 2 3 4 5 6 7 8 9 10 11 12 13 14 15 17 18 20 27 29 28 26 25 24 23 22 21 19 16 
1 2 3 4 5 6 7 8 9 10 11 12 13 14 15 17 18 20 29 28 27 26 25 24 23 22 21 19 16 
1 2 3 4 5 6 7 8 9 10 11 12 13 14 15 17 18 21 22 23 29 28 27 26 25 24 20 19 16 
1 2 3 4 5 6 7 8 9 10 11 12 13 14 15 17 18 21 22 27 29 28 26 25 24 23 20 19 16 
1 2 3 4 5 6 7 8 9 10 11 12 13 14 15 17 18 21 26 27 29 28 25 24 23 22 20 19 16 
1 2 3 4 5 6 7 8 9 10 11 12 13 14 15 17 18 21 27 28 29 26 25 24 23 22 20 19 16 
1 2 3 4 5 6 7 8 9 10 11 12 13 14 15 17 18 21 28 29 27 26 25 24 23 22 20 19 16 
1 2 3 4 5 6 7 8 9 10 11 12 13 14 15 17 18 22 23 24 26 29 28 27 25 21 20 19 16 
1 2 3 4 5 6 7 8 9 10 11 12 13 14 15 17 18 22 26 27 28 29 25 24 23 21 20 19 16 
1 2 3 4 5 6 7 8 9 10 11 12 13 14 15 17 18 27 28 29 26 25 24 23 22 21 20 19 16 
1 2 3 4 5 6 7 8 9 10 11 12 13 14 15 17 18 28 29 27 26 25 24 23 22 21 20 19 16 
1 2 3 4 5 6 7 8 9 10 11 12 13 14 15 17 19 20 21 22 29 28 27 26 25 24 23 18 16 
1 2 3 4 5 6 7 8 9 10 11 12 13 14 15 17 19 20 21 28 29 27 26 25 24 23 22 18 16 
1 2 3 4 5 6 7 8 9 10 11 12 13 14 15 17 19 20 22 23 27 29 28 26 25 24 21 18 16 
1 2 3 4 5 6 7 8 9 10 11 12 13 14 15 17 19 20 27 28 29 26 25 24 23 22 21 18 16 
1 2 3 4 5 6 7 8 9 10 11 12 13 14 15 17 19 20 28 29 27 26 25 24 23 22 21 18 16 
1 2 3 4 5 6 7 8 9 10 11 12 13 14 15 17 19 21 22 23 28 29 27 26 25 24 20 18 16 
1 2 3 4 5 6 7 8 9 10 11 12 13 14 15 17 19 21 22 27 28 29 26 25 24 23 20 18 16 
1 2 3 4 5 6 7 8 9 10 11 12 13 14 15 17 19 21 26 27 28 29 25 24 23 22 20 18 16 
1 2 3 4 5 6 7 8 9 10 11 12 13 14 15 17 19 21 27 29 28 26 25 24 23 22 20 18 16 
1 2 3 4 5 6 7 8 9 10 11 12 13 14 15 17 19 21 29 28 27 26 25 24 23 22 20 18 16 
1 2 3 4 5 6 7 8 9 10 11 12 13 14 15 17 19 22 23 24 26 28 29 27 25 21 20 18 16 
1 2 3 4 5 6 7 8 9 10 11 12 13 14 15 17 19 22 26 27 29 28 25 24 23 21 20 18 16 
1 2 3 4 5 6 7 8 9 10 11 12 13 14 15 17 19 27 29 28 26 25 24 23 22 21 20 18 16 
1 2 3 4 5 6 7 8 9 10 11 12 13 14 15 17 19 29 28 27 26 25 24 23 22 21 20 18 16 
1 2 3 4 5 6 7 8 9 10 11 12 13 14 15 17 20 21 22 29 28 27 26 25 24 23 19 18 16 
1 2 3 4 5 6 7 8 9 10 11 12 13 14 15 17 20 21 26 29 28 27 25 24 23 22 19 18 16 
1 2 3 4 5 6 7 8 9 10 11 12 13 14 15 17 20 21 27 28 29 26 25 24 23 22 19 18 16 
1 2 3 4 5 6 7 8 9 10 11 12 13 14 15 17 20 21 28 29 27 26 25 24 23 22 19 18 16 
1 2 3 4 5 6 7 8 9 10 11 12 13 14 15 17 20 22 27 29 28 26 25 24 23 21 19 18 16 
1 2 3 4 5 6 7 8 9 10 11 12 13 14 15 17 20 26 27 29 28 25 24 23 22 21 19 18 16 
1 2 3 4 5 6 7 8 9 10 11 12 13 14 15 17 20 27 28 29 26 25 24 23 22 21 19 18 16 
1 2 3 4 5 6 7 8 9 10 11 12 13 14 15 17 20 28 29 27 26 25 24 23 22 21 19 18 16 
1 2 3 4 5 6 7 8 9 10 11 12 13 14 15 17 21 22 23 24 29 28 27 26 25 20 19 18 16 
1 2 3 4 5 6 7 8 9 10 11 12 13 14 15 17 21 22 23 26 29 28 27 25 24 20 19 18 16 
1 2 3 4 5 6 7 8 9 10 11 12 13 14 15 17 21 22 25 26 29 28 27 24 23 20 19 18 16 
1 2 3 4 5 6 7 8 9 10 11 12 13 14 15 17 21 22 26 27 29 28 25 24 23 20 19 18 16 
1 2 3 4 5 6 7 8 9 10 11 12 13 14 15 17 21 22 27 28 29 26 25 24 23 20 19 18 16 
1 2 3 4 5 6 7 8 9 10 11 12 13 14 15 17 21 26 27 28 29 25 24 23 22 20 19 18 16 
1 2 3 4 5 6 7 8 9 10 11 12 13 14 15 17 22 23 25 26 27 29 28 24 21 20 19 18 16 
1 2 3 4 5 6 7 8 9 10 11 12 13 14 15 17 25 26 27 28 29 24 23 22 21 20 19 18 16 
1 2 3 4 5 6 7 8 9 10 11 12 13 14 15 17 26 27 28 29 25 24 23 22 21 20 19 18 16 
1 2 3 4 5 6 7 8 9 10 11 12 13 14 15 17 26 28 29 27 25 24 23 22 21 20 19 18 16 
1 2 3 4 5 6 7 8 9 10 11 12 13 14 15 17 27 29 28 26 25 24 23 22 21 20 19 18 16 
1 2 3 4 5 6 7 8 9 10 11 12 13 14 15 18 19 20 21 22 28 29 27 26 25 24 23 17 16 
1 2 3 4 5 6 7 8 9 10 11 12 13 14 15 18 19 20 21 29 28 27 26 25 24 23 22 17 16 
1 2 3 4 5 6 7 8 9 10 11 12 13 14 15 18 19 20 22 23 27 28 29 26 25 24 21 17 16 
1 2 3 4 5 6 7 8 9 10 11 12 13 14 15 18 19 20 27 29 28 26 25 24 23 22 21 17 16 
1 2 3 4 5 6 7 8 9 10 11 12 13 14 15 18 19 20 29 28 27 26 25 24 23 22 21 17 16 
1 2 3 4 5 6 7 8 9 10 11 12 13 14 15 18 19 21 22 23 29 28 27 26 25 24 20 17 16 
1 2 3 4 5 6 7 8 9 10 11 12 13 14 15 18 19 21 22 27 29 28 26 25 24 23 20 17 16 
1 2 3 4 5 6 7 8 9 10 11 12 13 14 15 18 19 21 26 27 29 28 25 24 23 22 20 17 16 
1 2 3 4 5 6 7 8 9 10 11 12 13 14 15 18 19 21 27 28 29 26 25 24 23 22 20 17 16 
1 2 3 4 5 6 7 8 9 10 11 12 13 14 15 18 19 21 28 29 27 26 25 24 23 22 20 17 16 
1 2 3 4 5 6 7 8 9 10 11 12 13 14 15 18 19 22 23 24 26 29 28 27 25 21 20 17 16 
1 2 3 4 5 6 7 8 9 10 11 12 13 14 15 18 19 22 26 27 28 29 25 24 23 21 20 17 16 
1 2 3 4 5 6 7 8 9 10 11 12 13 14 15 18 19 27 28 29 26 25 24 23 22 21 20 17 16 
1 2 3 4 5 6 7 8 9 10 11 12 13 14 15 18 19 28 29 27 26 25 24 23 22 21 20 17 16 
1 2 3 4 5 6 7 8 9 10 11 12 13 14 15 18 20 21 22 28 29 27 26 25 24 23 19 17 16 
1 2 3 4 5 6 7 8 9 10 11 12 13 14 15 18 20 21 26 28 29 27 25 24 23 22 19 17 16 
1 2 3 4 5 6 7 8 9 10 11 12 13 14 15 18 20 21 27 29 28 26 25 24 23 22 19 17 16 
1 2 3 4 5 6 7 8 9 10 11 12 13 14 15 18 20 21 29 28 27 26 25 24 23 22 19 17 16 
1 2 3 4 5 6 7 8 9 10 11 12 13 14 15 18 20 22 27 28 29 26 25 24 23 21 19 17 16 
1 2 3 4 5 6 7 8 9 10 11 12 13 14 15 18 20 26 27 28 29 25 24 23 22 21 19 17 16 
1 2 3 4 5 6 7 8 9 10 11 12 13 14 15 18 20 27 29 28 26 25 24 23 22 21 19 17 16 
1 2 3 4 5 6 7 8 9 10 11 12 13 14 15 18 20 29 28 27 26 25 24 23 22 21 19 17 16 
1 2 3 4 5 6 7 8 9 10 11 12 13 14 15 18 21 22 23 24 28 29 27 26 25 20 19 17 16 
1 2 3 4 5 6 7 8 9 10 11 12 13 14 15 18 21 22 23 26 28 29 27 25 24 20 19 17 16 
1 2 3 4 5 6 7 8 9 10 11 12 13 14 15 18 21 22 25 26 28 29 27 24 23 20 19 17 16 
1 2 3 4 5 6 7 8 9 10 11 12 13 14 15 18 21 22 26 27 28 29 25 24 23 20 19 17 16 
1 2 3 4 5 6 7 8 9 10 11 12 13 14 15 18 21 22 27 29 28 26 25 24 23 20 19 17 16 
1 2 3 4 5 6 7 8 9 10 11 12 13 14 15 18 21 26 27 29 28 25 24 23 22 20 19 17 16 
1 2 3 4 5 6 7 8 9 10 11 12 13 14 15 18 22 23 25 26 27 28 29 24 21 20 19 17 16 
1 2 3 4 5 6 7 8 9 10 11 12 13 14 15 18 25 26 27 29 28 24 23 22 21 20 19 17 16 
1 2 3 4 5 6 7 8 9 10 11 12 13 14 15 18 26 27 29 28 25 24 23 22 21 20 19 17 16 
1 2 3 4 5 6 7 8 9 10 11 12 13 14 15 18 26 29 28 27 25 24 23 22 21 20 19 17 16 
1 2 3 4 5 6 7 8 9 10 11 12 13 14 15 18 27 28 29 26 25 24 23 22 21 20 19 17 16 
1 2 3 4 5 6 7 8 9 10 11 12 13 14 15 19 20 21 22 23 27 29 28 26 25 24 18 17 16 
1 2 3 4 5 6 7 8 9 10 11 12 13 14 15 19 20 21 27 28 29 26 25 24 23 22 18 17 16 
1 2 3 4 5 6 7 8 9 10 11 12 13 14 15 19 20 21 28 29 27 26 25 24 23 22 18 17 16 
1 2 3 4 5 6 7 8 9 10 11 12 13 14 15 19 20 22 23 24 26 27 29 28 25 21 18 17 16 
1 2 3 4 5 6 7 8 9 10 11 12 13 14 15 19 20 22 26 28 29 27 25 24 23 21 18 17 16 
1 2 3 4 5 6 7 8 9 10 11 12 13 14 15 19 20 22 29 28 27 26 25 24 23 21 18 17 16 
1 2 3 4 5 6 7 8 9 10 11 12 13 14 15 19 20 26 29 28 27 25 24 23 22 21 18 17 16 
1 2 3 4 5 6 7 8 9 10 11 12 13 14 15 19 20 27 28 29 26 25 24 23 22 21 18 17 16 
1 2 3 4 5 6 7 8 9 10 11 12 13 14 15 19 20 28 29 27 26 25 24 23 22 21 18 17 16 
1 2 3 4 5 6 7 8 9 10 11 12 13 14 15 19 21 22 26 29 28 27 25 24 23 20 18 17 16 
1 2 3 4 5 6 7 8 9 10 11 12 13 14 15 19 21 23 25 26 28 29 27 24 22 20 18 17 16 
1 2 3 4 5 6 7 8 9 10 11 12 13 14 15 19 21 27 29 28 26 25 24 23 22 20 18 17 16 
1 2 3 4 5 6 7 8 9 10 11 12 13 14 15 19 22 23 25 26 29 28 27 24 21 20 18 17 16 
1 2 3 4 5 6 7 8 9 10 11 12 13 14 15 19 25 27 29 28 26 24 23 22 21 20 18 17 16 
1 2 3 4 5 6 7 8 9 10 11 12 13 14 15 19 26 27 28 29 25 24 23 22 21 20 18 17 16 
1 2 3 4 5 6 7 8 9 10 11 12 13 14 15 19 26 28 29 27 25 24 23 22 21 20 18 17 16 
1 2 3 4 5 6 7 8 9 10 11 12 13 14 15 19 27 29 28 26 25 24 23 22 21 20 18 17 16 
1 2 3 4 5 6 7 8 9 10 11 12 13 14 15 19 29 28 27 26 25 24 23 22 21 20 18 17 16 
1 2 3 4 5 6 7 8 9 10 11 12 13 14 15 20 21 22 23 29 28 27 26 25 24 19 18 17 16 
1 2 3 4 5 6 7 8 9 10 11 12 13 14 15 20 21 22 25 29 28 27 26 24 23 19 18 17 16 
1 2 3 4 5 6 7 8 9 10 11 12 13 14 15 20 21 22 26 27 28 29 25 24 23 19 18 17 16 
1 2 3 4 5 6 7 8 9 10 11 12 13 14 15 20 21 22 26 28 29 27 25 24 23 19 18 17 16 
1 2 3 4 5 6 7 8 9 10 11 12 13 14 15 20 21 22 27 29 28 26 25 24 23 19 18 17 16 
1 2 3 4 5 6 7 8 9 10 11 12 13 14 15 20 21 23 26 29 28 27 25 24 22 19 18 17 16 
1 2 3 4 5 6 7 8 9 10 11 12 13 14 15 20 21 25 26 29 28 27 24 23 22 19 18 17 16 
1 2 3 4 5 6 7 8 9 10 11 12 13 14 15 20 21 26 27 29 28 25 24 23 22 19 18 17 16 
1 2 3 4 5 6 7 8 9 10 11 12 13 14 15 20 21 27 28 29 26 25 24 23 22 19 18 17 16 
1 2 3 4 5 6 7 8 9 10 11 12 13 14 15 20 25 26 27 29 28 24 23 22 21 19 18 17 16 
1 2 3 4 5 6 7 8 9 10 11 12 13 14 15 20 25 27 28 29 26 24 23 22 21 19 18 17 16 
1 2 3 4 5 6 7 8 9 10 11 12 13 14 15 20 26 27 29 28 25 24 23 22 21 19 18 17 16 
1 2 3 4 5 6 7 8 9 10 11 12 13 14 15 20 26 29 28 27 25 24 23 22 21 19 18 17 16 
1 2 3 4 5 6 7 8 9 10 11 12 13 14 15 20 27 28 29 26 25 24 23 22 21 19 18 17 16 
1 2 3 4 5 6 7 8 9 10 11 12 13 14 15 20 28 29 27 26 25 24 23 22 21 19 18 17 16 
1 2 3 4 5 6 7 8 9 10 11 12 13 14 15 21 22 23 24 25 29 28 27 26 20 19 18 17 16 
1 2 3 4 5 6 7 8 9 10 11 12 13 14 15 21 22 23 25 26 29 28 27 24 20 19 18 17 16 
1 2 3 4 5 6 7 8 9 10 11 12 13 14 15 21 22 23 26 27 29 28 25 24 20 19 18 17 16 
1 2 3 4 5 6 7 8 9 10 11 12 13 14 15 21 22 25 26 27 29 28 24 23 20 19 18 17 16 
1 2 3 4 5 6 7 8 9 10 11 12 13 14 15 21 24 25 26 27 29 28 23 22 20 19 18 17 16 
1 2 3 4 5 6 7 8 9 10 11 12 13 14 15 21 25 26 27 28 29 24 23 22 20 19 18 17 16 
1 2 3 4 5 6 7 8 9 10 11 12 13 14 15 21 25 27 29 28 26 24 23 22 20 19 18 17 16 
1 2 3 4 5 6 7 8 9 10 11 12 13 14 15 21 26 27 28 29 25 24 23 22 20 19 18 17 16 
1 2 3 4 5 6 7 8 9 10 11 12 13 14 15 22 24 25 26 27 28 29 23 21 20 19 18 17 16 
1 2 3 4 5 6 7 8 9 10 11 12 13 14 15 25 26 27 28 29 24 23 22 21 20 19 18 17 16 
1 2 3 4 5 6 7 8 9 10 11 12 13 14 15 26 27 28 29 25 24 23 22 21 20 19 18 17 16 
1 2 3 4 5 6 7 8 9 10 11 12 13 14 15 26 28 29 27 25 24 23 22 21 20 19 18 17 16 
1 2 3 4 5 6 7 8 9 10 11 12 13 14 15 27 29 28 26 25 24 23 22 21 20 19 18 17 16 
1 2 3 4 5 6 7 8 9 10 11 12 13 14 16 17 18 19 29 28 27 26 25 24 23 22 21 20 15 
1 2 3 4 5 6 7 8 9 10 11 12 13 14 16 17 18 20 28 29 27 26 25 24 23 22 21 19 15 
1 2 3 4 5 6 7 8 9 10 11 12 13 14 16 17 18 29 28 27 26 25 24 23 22 21 20 19 15 
1 2 3 4 5 6 7 8 9 10 11 12 13 14 16 17 19 20 29 28 27 26 25 24 23 22 21 18 15 
1 2 3 4 5 6 7 8 9 10 11 12 13 14 16 17 19 28 29 27 26 25 24 23 22 21 20 18 15 
1 2 3 4 5 6 7 8 9 10 11 12 13 14 16 17 20 21 27 29 28 26 25 24 23 22 19 18 15 
1 2 3 4 5 6 7 8 9 10 11 12 13 14 16 17 27 28 29 26 25 24 23 22 21 20 19 18 15 
1 2 3 4 5 6 7 8 9 10 11 12 13 14 16 17 28 29 27 26 25 24 23 22 21 20 19 18 15 
1 2 3 4 5 6 7 8 9 10 11 12 13 14 16 18 19 20 28 29 27 26 25 24 23 22 21 17 15 
1 2 3 4 5 6 7 8 9 10 11 12 13 14 16 18 19 29 28 27 26 25 24 23 22 21 20 17 15 
1 2 3 4 5 6 7 8 9 10 11 12 13 14 16 18 20 21 27 28 29 26 25 24 23 22 19 17 15 
1 2 3 4 5 6 7 8 9 10 11 12 13 14 16 18 27 29 28 26 25 24 23 22 21 20 19 17 15 
1 2 3 4 5 6 7 8 9 10 11 12 13 14 16 18 29 28 27 26 25 24 23 22 21 20 19 17 15 
1 2 3 4 5 6 7 8 9 10 11 12 13 14 16 19 20 21 29 28 27 26 25 24 23 22 18 17 15 
1 2 3 4 5 6 7 8 9 10 11 12 13 14 16 19 20 27 29 28 26 25 24 23 22 21 18 17 15 
1 2 3 4 5 6 7 8 9 10 11 12 13 14 16 19 26 27 29 28 25 24 23 22 21 20 18 17 15 
1 2 3 4 5 6 7 8 9 10 11 12 13 14 16 19 27 28 29 26 25 24 23 22 21 20 18 17 15 
1 2 3 4 5 6 7 8 9 10 11 12 13 14 16 19 28 29 27 26 25 24 23 22 21 20 18 17 15 
1 2 3 4 5 6 7 8 9 10 11 12 13 14 16 20 21 22 26 29 28 27 25 24 23 19 18 17 15 
1 2 3 4 5 6 7 8 9 10 11 12 13 14 16 20 26 27 28 29 25 24 23 22 21 19 18 17 15 
1 2 3 4 5 6 7 8 9 10 11 12 13 14 16 27 28 29 26 25 24 23 22 21 20 19 18 17 15 
1 2 3 4 5 6 7 8 9 10 11 12 13 14 16 28 29 27 26 25 24 23 22 21 20 19 18 17 15 
1 2 3 4 5 6 7 8 9 10 11 12 13 14 17 18 19 20 29 28 27 26 25 24 23 22 21 16 15 
1 2 3 4 5 6 7 8 9 10 11 12 13 14 17 18 19 28 29 27 26 25 24 23 22 21 20 16 15 
1 2 3 4 5 6 7 8 9 10 11 12 13 14 17 18 20 21 27 29 28 26 25 24 23 22 19 16 15 
1 2 3 4 5 6 7 8 9 10 11 12 13 14 17 18 27 28 29 26 25 24 23 22 21 20 19 16 15 
1 2 3 4 5 6 7 8 9 10 11 12 13 14 17 18 28 29 27 26 25 24 23 22 21 20 19 16 15 
1 2 3 4 5 6 7 8 9 10 11 12 13 14 17 19 20 21 28 29 27 26 25 24 23 22 18 16 15 
1 2 3 4 5 6 7 8 9 10 11 12 13 14 17 19 20 27 28 29 26 25 24 23 22 21 18 16 15 
1 2 3 4 5 6 7 8 9 10 11 12 13 14 17 19 26 27 28 29 25 24 23 22 21 20 18 16 15 
1 2 3 4 5 6 7 8 9 10 11 12 13 14 17 19 27 29 28 26 25 24 23 22 21 20 18 16 15 
1 2 3 4 5 6 7 8 9 10 11 12 13 14 17 19 29 28 27 26 25 24 23 22 21 20 18 16 15 
1 2 3 4 5 6 7 8 9 10 11 12 13 14 17 20 21 22 26 28 29 27 25 24 23 19 18 16 15 
1 2 3 4 5 6 7 8 9 10 11 12 13 14 17 20 26 27 29 28 25 24 23 22 21 19 18 16 15 
1 2 3 4 5 6 7 8 9 10 11 12 13 14 17 27 29 28 26 25 24 23 22 21 20 19 18 16 15 
1 2 3 4 5 6 7 8 9 10 11 12 13 14 17 29 28 27 26 25 24 23 22 21 20 19 18 16 15 
1 2 3 4 5 6 7 8 9 10 11 12 13 14 18 19 20 29 28 27 26 25 24 23 22 21 17 16 15 
1 2 3 4 5 6 7 8 9 10 11 12 13 14 18 19 26 29 28 27 25 24 23 22 21 20 17 16 15 
1 2 3 4 5 6 7 8 9 10 11 12 13 14 18 19 27 28 29 26 25 24 23 22 21 20 17 16 15 
1 2 3 4 5 6 7 8 9 10 11 12 13 14 18 19 28 29 27 26 25 24 23 22 21 20 17 16 15 
1 2 3 4 5 6 7 8 9 10 11 12 13 14 18 20 27 29 28 26 25 24 23 22 21 19 17 16 15 
1 2 3 4 5 6 7 8 9 10 11 12 13 14 18 26 27 29 28 25 24 23 22 21 20 19 17 16 15 
1 2 3 4 5 6 7 8 9 10 11 12 13 14 18 27 28 29 26 25 24 23 22 21 20 19 17 16 15 
1 2 3 4 5 6 7 8 9 10 11 12 13 14 18 28 29 27 26 25 24 23 22 21 20 19 17 16 15 
1 2 3 4 5 6 7 8 9 10 11 12 13 14 19 20 21 22 29 28 27 26 25 24 23 18 17 16 15 
1 2 3 4 5 6 7 8 9 10 11 12 13 14 19 20 21 26 29 28 27 25 24 23 22 18 17 16 15 
1 2 3 4 5 6 7 8 9 10 11 12 13 14 19 20 25 26 29 28 27 24 23 22 21 18 17 16 15 
1 2 3 4 5 6 7 8 9 10 11 12 13 14 19 20 26 27 29 28 25 24 23 22 21 18 17 16 15 
1 2 3 4 5 6 7 8 9 10 11 12 13 14 19 20 27 28 29 26 25 24 23 22 21 18 17 16 15 
1 2 3 4 5 6 7 8 9 10 11 12 13 14 19 26 27 28 29 25 24 23 22 21 20 18 17 16 15 
1 2 3 4 5 6 7 8 9 10 11 12 13 14 20 21 22 23 25 29 28 27 26 24 19 18 17 16 15 
1 2 3 4 5 6 7 8 9 10 11 12 13 14 20 21 25 26 27 29 28 24 23 22 19 18 17 16 15 
1 2 3 4 5 6 7 8 9 10 11 12 13 14 25 26 27 28 29 24 23 22 21 20 19 18 17 16 15 
1 2 3 4 5 6 7 8 9 10 11 12 13 14 26 27 28 29 25 24 23 22 21 20 19 18 17 16 15 
1 2 3 4 5 6 7 8 9 10 11 12 13 14 26 28 29 27 25 24 23 22 21 20 19 18 17 16 15 
1 2 3 4 5 6 7 8 9 10 11 12 13 14 27 29 28 26 25 24 23 22 21 20 19 18 17 16 15 
1 2 3 4 5 6 7 8 9 10 11 12 13 15 16 17 29 28 27 26 25 24 23 22 21 20 19 18 14 
1 2 3 4 5 6 7 8 9 10 11 12 13 15 16 18 28 29 27 26 25 24 23 22 21 20 19 17 14 
1 2 3 4 5 6 7 8 9 10 11 12 13 15 16 29 28 27 26 25 24 23 22 21 20 19 18 17 14 
1 2 3 4 5 6 7 8 9 10 11 12 13 15 17 18 29 28 27 26 25 24 23 22 21 20 19 16 14 
1 2 3 4 5 6 7 8 9 10 11 12 13 15 17 28 29 27 26 25 24 23 22 21 20 19 18 16 14 
1 2 3 4 5 6 7 8 9 10 11 12 13 15 18 19 27 29 28 26 25 24 23 22 21 20 17 16 14 
1 2 3 4 5 6 7 8 9 10 11 12 13 15 27 28 29 26 25 24 23 22 21 20 19 18 17 16 14 
1 2 3 4 5 6 7 8 9 10 11 12 13 15 28 29 27 26 25 24 23 22 21 20 19 18 17 16 14 
1 2 3 4 5 6 7 8 9 10 11 12 13 16 17 18 28 29 27 26 25 24 23 22 21 20 19 15 14 
1 2 3 4 5 6 7 8 9 10 11 12 13 16 17 29 28 27 26 25 24 23 22 21 20 19 18 15 14 
1 2 3 4 5 6 7 8 9 10 11 12 13 16 18 19 27 28 29 26 25 24 23 22 21 20 17 15 14 
1 2 3 4 5 6 7 8 9 10 11 12 13 16 27 29 28 26 25 24 23 22 21 20 19 18 17 15 14 
1 2 3 4 5 6 7 8 9 10 11 12 13 16 29 28 27 26 25 24 23 22 21 20 19 18 17 15 14 
1 2 3 4 5 6 7 8 9 10 11 12 13 17 18 19 29 28 27 26 25 24 23 22 21 20 16 15 14 
1 2 3 4 5 6 7 8 9 10 11 12 13 17 18 27 29 28 26 25 24 23 22 21 20 19 16 15 14 
1 2 3 4 5 6 7 8 9 10 11 12 13 17 26 27 29 28 25 24 23 22 21 20 19 18 16 15 14 
1 2 3 4 5 6 7 8 9 10 11 12 13 17 27 28 29 26 25 24 23 22 21 20 19 18 16 15 14 
1 2 3 4 5 6 7 8 9 10 11 12 13 17 28 29 27 26 25 24 23 22 21 20 19 18 16 15 14 
1 2 3 4 5 6 7 8 9 10 11 12 13 18 19 20 26 29 28 27 25 24 23 22 21 17 16 15 14 
1 2 3 4 5 6 7 8 9 10 11 12 13 18 26 27 28 29 25 24 23 22 21 20 19 17 16 15 14 
1 2 3 4 5 6 7 8 9 10 11 12 13 27 28 29 26 25 24 23 22 21 20 19 18 17 16 15 14 
1 2 3 4 5 6 7 8 9 10 11 12 13 28 29 27 26 25 24 23 22 21 20 19 18 17 16 15 14 
1 2 3 4 5 6 7 8 9 10 11 12 14 15 29 28 27 26 25 24 23 22 21 20 19 18 17 16 13 
1 2 3 4 5 6 7 8 9 10 11 12 14 16 28 29 27 26 25 24 23 22 21 20 19 18 17 15 13 
1 2 3 4 5 6 7 8 9 10 11 12 14 29 28 27 26 25 24 23 22 21 20 19 18 17 16 15 13 
1 2 3 4 5 6 7 8 9 10 11 12 15 16 29 28 27 26 25 24 23 22 21 20 19 18 17 14 13 
1 2 3 4 5 6 7 8 9 10 11 12 15 28 29 27 26 25 24 23 22 21 20 19 18 17 16 14 13 
1 2 3 4 5 6 7 8 9 10 11 12 16 17 27 29 28 26 25 24 23 22 21 20 19 18 15 14 13 
1 2 3 4 5 6 7 8 9 10 11 12 27 28 29 26 25 24 23 22 21 20 19 18 17 16 15 14 13 
1 2 3 4 5 6 7 8 9 10 11 12 28 29 27 26 25 24 23 22 21 20 19 18 17 16 15 14 13 
1 2 3 4 5 6 7 8 9 10 11 13 29 28 27 26 25 24 23 22 21 20 19 18 17 16 15 14 12 
1 2 3 4 5 6 7 8 9 10 11 14 28 29 27 26 25 24 23 22 21 20 19 18 17 16 15 13 12 
1 2 3 4 5 6 7 8 9 10 11 29 28 27 26 25 24 23 22 21 20 19 18 17 16 15 14 13 12 
1 2 3 4 5 6 7 8 9 10 29 28 27 26 25 24 23 22 21 20 19 18 17 16 15 14 13 12 11 
