500
3
6 3 6
3
2 3 2
3
2 2 4
3
2 2 4
2
2 2
3
2 2 4
4
1 2 2 4
4
1 2 2 4
2
2 4
2
6 9
3
3 6 9
3
6 3 6
3
2 2 4
4
6 3 6 9
2
3 2
4
1 2 2 4
4
1 2 2 4
2
1 2
6
2 4 6 3 6 9
5
2 4 6 3 6
5
4 6 3 6 9
2
2 4
2
2 4
2
6 9
7
2 3 2 4 6 3 6
4
1 2 2 4
6
2 3 2 4 6 3
6
2 3 2 4 6 3
4
1 2 2 4
4
1 2 2 4
2
2 4
2
2 4
3
2 2 4
4
2 3 2 4
3
6 3 6
3
3 6 9
3
3 6 9
3
2 2 4
2
2 4
2
2 4
3
1 2 3
4
1 2 2 4
2
6 3
4
4 6 3 6
2
6 9
3
4 6 3
2
6 9
6
2 4 6 3 6 9
2
2 4
4
1 2 2 4
4
1 2 2 4
5
4 6 3 6 9
2
2 4
4
1 2 2 4
2
1 2
4
4 6 3 6
6
2 4 6 3 6 9
2
2 4
4
1 2 2 4
8
1 2 3 2 4 6 3 6
4
6 3 6 9
5
4 6 3 6 9
6
3 2 4 6 3 6
3
2 2 4
7
2 3 2 4 6 3 6
6
1 2 3 2 4 6
2
2 4
6
2 4 6 3 6 9
4
6 3 6 9
3
3 6 9
3
3 6 9
4
2 4 6 3
4
6 3 6 9
4
1 2 2 4
4
1 2 2 4
3
2 2 4
2
2 4
2
2 4
3
3 6 9
4
6 3 6 9
3
1 2 3
3
3 6 9
8
2 3 2 4 6 3 6 9
3
2 2 4
7
1 2 3 2 4 6 3
7
3 2 4 6 3 6 9
2
1 2
4
1 2 2 4
2
2 4
3
4 6 3
7
3 2 4 6 3 6 9
4
2 3 2 4
3
3 6 9
2
2 2
2
4 6
3
2 2 4
3
2 2 4
3
2 2 4
6
2 3 2 4 6 3
3
2 4 6
3
2 2 4
3
2 3 2
4
6 3 6 9
2
6 3
4
1 2 3 2
2
6 3
9
1 2 3 2 4 6 3 6 9
2
2 4
4
1 2 2 4
6
2 3 2 4 6 3
3
2 3 2
5
4 6 3 6 9
2
2 4
2
2 4
3
2 4 6
3
3 6 9
2
2 4
4
2 4 6 3
4
6 3 6 9
2
2 4
3
2 3 2
2
2 4
7
3 2 4 6 3 6 9
2
6 9
2
1 2
4
6 3 6 9
2
2 4
2
2 4
4
1 2 2 4
6
2 4 6 3 6 9
2
6 9
5
2 3 2 4 6
8
2 3 2 4 6 3 6 9
2
2 4
5
1 2 3 2 4
2
2 4
4
1 2 2 4
2
6 9
2
2 4
2
4 6
7
3 2 4 6 3 6 9
3
2 2 4
4
1 2 2 4
2
3 2
4
6 3 6 9
4
3 2 4 6
4
4 6 3 6
3
2 2 4
2
2 4
3
3 6 9
5
3 2 4 6 3
4
6 3 6 9
7
3 2 4 6 3 6 9
5
3 2 4 6 3
2
2 3
7
3 2 4 6 3 6 9
2
1 2
4
4 6 3 6
2
2 2
2
2 3
3
3 6 9
4
6 3 6 9
2
2 4
3
3 6 9
3
2 2 4
2
1 2
3
2 2 4
2
2 2
3
3 6 9
8
2 3 2 4 6 3 6 9
3
3 6 9
2
6 9
3
2 2 4
5
4 6 3 6 9
3
2 2 4
6
2 4 6 3 6 9
2
2 4
3
2 2 4
4
1 2 2 4
4
3 2 4 6
3
3 6 9
4
6 3 6 9
3
2 2 4
5
4 6 3 6 9
3
2 2 4
6
2 4 6 3 6 9
4
1 2 2 4
5
4 6 3 6 9
4
6 3 6 9
6
2 4 6 3 6 9
6
2 4 6 3 6 9
3
2 3 2
4
6 3 6 9
6
2 4 6 3 6 9
4
1 2 2 4
2
2 4
5
1 2 3 2 4
2
2 4
6
2 4 6 3 6 9
3
3 6 9
3
3 6 9
3
1 2 3
3
3 6 9
4
2 3 2 4
3
3 6 9
5
4 6 3 6 9
7
1 2 3 2 4 6 3
3
2 2 4
3
1 2 2
4
1 2 2 4
4
1 2 2 4
2
2 4
4
1 2 2 4
4
1 2 2 4
2
2 3
7
2 3 2 4 6 3 6
4
3 2 4 6
4
6 3 6 9
7
3 2 4 6 3 6 9
5
2 4 6 3 6
7
3 2 4 6 3 6 9
2
2 4
2
4 6
5
2 4 6 3 6
2
6 9
2
6 9
2
2 4
2
3 2
5
3 2 4 6 3
2
2 4
3
2 2 4
3
2 2 4
5
4 6 3 6 9
4
1 2 2 4
3
2 4 6
5
4 6 3 6 9
2
2 4
6
2 4 6 3 6 9
3
2 2 4
2
6 9
4
1 2 3 2
2
6 9
2
2 4
3
2 2 4
4
4 6 3 6
4
1 2 2 4
4
1 2 2 4
6
2 3 2 4 6 3
2
2 4
2
2 4
3
1 2 2
2
2 2
2
2 2
4
1 2 2 4
2
2 4
3
2 2 4
4
1 2 2 4
3
2 2 4
4
1 2 2 4
2
2 4
4
1 2 2 4
2
2 4
4
2 3 2 4
3
1 2 3
2
6 9
8
2 3 2 4 6 3 6 9
5
2 3 2 4 6
2
2 4
3
2 2 4
4
6 3 6 9
2
6 9
2
2 4
4
1 2 2 4
3
2 2 4
7
2 3 2 4 6 3 6
3
2 2 4
3
6 3 6
4
3 2 4 6
3
3 6 9
3
2 2 4
2
6 9
3
2 2 4
3
4 6 3
4
4 6 3 6
4
1 2 2 4
8
2 3 2 4 6 3 6 9
2
6 9
2
1 2
4
1 2 2 4
8
1 2 3 2 4 6 3 6
5
4 6 3 6 9
3
2 3 2
2
2 4
4
1 2 2 4
3
2 2 4
5
4 6 3 6 9
8
2 3 2 4 6 3 6 9
6
2 4 6 3 6 9
3
2 2 4
3
2 2 4
7
2 3 2 4 6 3 6
2
1 2
8
1 2 3 2 4 6 3 6
2
2 4
3
6 3 6
5
1 2 3 2 4
4
1 2 2 4
3
2 2 4
5
4 6 3 6 9
3
1 2 3
3
3 6 9
2
1 2
2
2 4
2
2 4
2
2 2
4
1 2 2 4
4
6 3 6 9
5
4 6 3 6 9
3
3 6 9
7
3 2 4 6 3 6 9
3
2 2 4
6
2 4 6 3 6 9
2
2 4
4
6 3 6 9
3
3 6 9
2
2 4
4
6 3 6 9
8
2 3 2 4 6 3 6 9
5
3 2 4 6 3
3
2 2 4
3
4 6 3
2
2 4
2
2 4
3
2 2 4
2
4 6
6
1 2 3 2 4 6
5
4 6 3 6 9
3
2 2 4
2
2 4
6
2 4 6 3 6 9
2
2 4
2
6 9
3
2 2 4
4
1 2 2 4
3
2 2 4
4
1 2 2 4
4
2 4 6 3
3
2 2 4
3
3 6 9
7
3 2 4 6 3 6 9
2
2 3
4
6 3 6 9
2
2 4
4
1 2 2 4
2
2 4
5
1 2 3 2 4
2
2 4
3
2 2 4
4
1 2 2 4
3
2 2 4
3
1 2 3
4
1 2 2 4
2
1 2
3
2 2 4
2
6 9
4
1 2 2 4
7
3 2 4 6 3 6 9
5
2 4 6 3 6
2
2 4
2
2 4
2
2 4
4
6 3 6 9
3
2 2 4
3
1 2 2
6
2 4 6 3 6 9
3
4 6 3
4
1 2 2 4
2
2 4
3
2 2 4
4
1 2 2 4
4
4 6 3 6
2
6 3
4
1 2 2 4
6
2 4 6 3 6 9
4
1 2 3 2
4
1 2 2 4
3
2 2 4
2
6 9
7
3 2 4 6 3 6 9
8
1 2 3 2 4 6 3 6
2
1 2
3
1 2 3
4
6 3 6 9
4
2 3 2 4
7
3 2 4 6 3 6 9
2
6 9
4
1 2 2 4
3
2 2 4
2
3 2
3
3 6 9
3
2 2 4
2
2 4
3
3 6 9
2
2 4
7
1 2 3 2 4 6 3
2
6 9
3
2 2 4
3
2 2 4
2
2 4
6
2 3 2 4 6 3
2
6 3
4
2 4 6 3
2
2 2
3
2 2 4
2
1 2
3
6 3 6
3
2 2 4
3
1 2 2
8
2 3 2 4 6 3 6 9
3
2 2 4
2
2 4
3
4 6 3
4
1 2 2 4
3
2 2 4
8
2 3 2 4 6 3 6 9
4
1 2 2 4
5
2 4 6 3 6
3
2 2 4
2
2 4
9
1 2 3 2 4 6 3 6 9
3
2 2 4
4
1 2 3 2
2
2 4
2
6 9
3
3 6 9
2
2 4
2
2 4
3
2 2 4
4
6 3 6 9
2
2 4
4
1 2 3 2
2
6 9
4
1 2 2 4
4
1 2 2 4
5
2 3 2 4 6
3
3 2 4
3
2 2 4
4
1 2 2 4
3
3 6 9
2
6 9
9
1 2 3 2 4 6 3 6 9
7
3 2 4 6 3 6 9
2
6 9
5
2 4 6 3 6
2
2 4
2
3 2
2
2 4
3
2 2 4
8
1 2 3 2 4 6 3 6
5
1 2 3 2 4
3
4 6 3
2
2 2
4
1 2 2 4
3
2 2 4
3
1 2 2
2
6 3
2
2 4
3
2 2 4
5
4 6 3 6 9
2
6 9
4
2 3 2 4
2
1 2
3
2 2 4
2
2 4
3
2 2 4
9
1 2 3 2 4 6 3 6 9
2
1 2
3
3 6 9
2
6 9
2
3 6
6
2 4 6 3 6 9
4
1 2 2 4
3
2 2 4
2
2 4
6
1 2 3 2 4 6
8
2 3 2 4 6 3 6 9
2
6 9
2
2 4
4
6 3 6 9
2
4 6
4
3 2 4 6
2
2 4
3
2 3 2
2
6 9
2
2 4
2
1 2
2
6 9
2
2 3
6
2 4 6 3 6 9
3
2 2 4
