19534
16993
27239
19926
26797
2696
6138
9225
29639
10436
18190
1755
12619
18770
505
23437
13839
9190
16286
27613
3233
23922
14302
12257
10198
608
10786
24664
17732
15910
13032
1540
28266
5585
27253
11936
29314
4899
1981
16109
16217
25186
3514
28570
25857
2366
19663
25371
21632
19639
4834
18376
1902
15086
12896
22410
11296
2661
1257
9817
5092
1306
1544
20664
28568
21485
20268
29699
20328
28396
14444
13834
16706
7882
19957
20160
27493
6220
54
1265
11505
4613
8660
7575
15357
7389
13202
17238
15977
9095
12399
27941
3140
5423
13731
1205
27146
14278
10419
21101
23166
21542
16484
1124
10912
13276
11558
14300
21182
18628
12910
24784
5623
28884
19905
1603
5705
22818
4898
7598
25138
21757
11131
15687
23822
6908
17426
1408
15784
15308
26758
1184
3371
7636
12758
28467
14765
21315
29943
17123
29032
26948
11073
5944
8672
23705
26838
4635
17387
10538
2377
9061
7696
23954
14036
24802
22978
6786
22686
22135
10022
11806
19473
17335
11860
19085
16928
5788
26934
515
27091
21532
21662
20643
15760
14761
22859
14472
29006
12940
13917
19972
16637
6726
26295
2345
7305
18833
16477
5668
10617
1368
12363
16383
6699
26585
18531
21067
30000
8650
27240
9540
4984
1667
25968
14345
16287
13745
7067
26620
25900
2394
15828
15481
8884
12163
15287
29666
8957
29111
24224
14152
20228
22705
5275
22097
8592
21062
19674
901
11915
26078
11865
9598
17496
22529
923
7674
11359
17045
11851
2675
20580
10183
4018
19095
19743
1743
15633
27438
20898
3795
10839
23718
1383
430
10288
3410
2482
18488
25919
746
14920
26768
21763
24985
23345
3705
3251
17898
4011
6447
17727
11095
20543
4056
29966
14670
3210
11935
4497
26077
29215
1177
10344
10856
8550
19000
24325
14963
17399
4508
8168
17193
26427
25944
5928
24022
19161
72
8118
21579
549
18666
10511
16981
730
23151
22131
8290
28250
27229
8594
7658
28780
1060
4758
25876
20611
27370
5913
18110
14570
24852
4293
19310
27427
2408
24356
5817
7555
14377
10453
8200
11563
10403
29260
8786
16009
17604
11962
960
29550
27646
26549
17587
23391
5268
17386
28006
13068
9105
2127
29937
21011
25120
17118
12730
6236
5700
8770
15847
13142
8134
7652
27489
8331
53
12955
17032
28995
9428
29058
19385
21328
10965
17741
6683
17920
25170
15490
24639
922
2532
28409
14323
7419
6960
27985
17725
21976
2693
23844
22208
1761
5434
11095
7933
10511
7072
27907
13408
27097
23172
4362
8415
27206
29059
9352
1632
28920
25240
28694
4774
9012
28225
28625
8301
27508
24296
20633
27961
4171
24689
11005
25382
2920
2544
7379
23005
29272
26579
13977
18624
2235
4364
27574
13030
22289
13577
1142
11045
910
20630
7684
20722
16704
14277
10705
27046
21092
19795
29515
13351
15710
12947
17914
1283
22564
1253
2982
16354
19501
1367
492
9518
20614
10215
2838
10975
27508
1148
15293
11073
20697
27171
8049
8165
4621
3565
15283
23327
2948
25169
2840
29828
3979
18835
13942
12773
14961
19240
21611
182
11628
10839
5568
25169
28227
12600
