500
2
6250880 321
2
127056661 7478
2
525086203 19278
2
315408654 15830
2
458496670 17111
2
6793920 2521
2
9176310 1496
2
64538100 6997
2
363729808 12273
2
55801292 5348
2
308593350 16966
2
1763775 1006
2
142039464 11257
2
16836690 898
2
226240 449
2
86880959 3708
2
139981485 10116
2
66673450 7256
2
39542408 2429
2
613671312 22225
2
7144930 2211
2
340960266 14254
2
47868794 3348
2
99330728 8105
2
49368518 4842
2
10336 18
2
96631774 8960
2
160217344 6497
2
247574184 13963
2
124050270 7798
2
116323632 8927
2
401940 262
2
411439896 14557
2
13543625 2426
2
39843886 1463
2
85569184 7170
2
255940534 8732
2
19547010 3991
2
659673 334
2
192405896 11945
2
119130082 7347
2
545730248 21669
2
439250 126
2
197990100 6931
2
646864569 25018
2
4902352 2073
2
385414463 19602
2
319547745 12596
2
353704832 16352
2
136687440 6961
2
821780 171
2
241093120 13121
2
1177338 620
2
103474874 6860
2
11567712 898
2
436479570 19478
2
69018560 6111
2
5119764 1925
2
428637 342
2
50528099 5148
2
24064792 4727
2
194594 150
2
651568 423
2
135287208 6548
2
84447008 2957
2
79451530 3699
2
56527452 2790
2
808198887 27214
2
238711704 11744
2
605487908 21324
2
150607588 10428
2
10901192 789
2
271739796 16267
2
18932564 2403
2
396545590 19871
2
382737600 18986
2
490750050 17851
2
23281460 3744
2
1728 33
2
406065 322
2
63657165 5534
2
7283927 1580
2
22836420 2638
2
32064975 4234
2
224150772 14597
2
10344600 1401
2
55012734 4168
2
208907322 12120
2
57037890 3571
2
19872575 2186
2
148304439 11962
2
29952752 1073
2
813260 260
2
16279846 3003
2
50763507 3698
2
750715 624
2
198708720 7321
2
196722284 13779
2
35424600 3401
2
118186701 5602
2
125884044 5435
2
225113900 10451
2
163537764 9922
2
1215044 1082
2
112317216 10294
2
143805632 10833
2
7142844 619
2
60045700 4200
2
355772872 16797
2
301643204 16194
2
6067700 471
2
9145296 370
2
16250470 2891
2
219807240 7611
2
86447415 4344
2
1973293 1232
2
21616245 3790
2
466194558 20432
2
12460512 2545
2
39053720 5141
2
584885846 23268
2
220572466 10139
2
34138777 3068
2
58026213 3700
2
434656212 18247
2
16496304 2389
2
197645692 11343
2
7040 6
2
78462264 4972
2
209398132 13680
2
614310164 22959
2
1225440 1036
2
9472510 2811
2
51161200 6701
2
103327042 8100
2
215238987 7562
2
142157420 9629
2
131406975 6166
2
215230284 7189
2
192959087 11270
2
227581848 7840
2
486007180 18036
2
102580272 9265
2
9831376 1655
2
71483296 8244
2
155812965 6574
2
442692810 16496
2
18618795 4018
2
184736875 10626
2
12919588 1227
2
3781807 1592
2
1785017 198
2
6857136 892
2
341152868 14243
2
114267076 8142
2
18403084 743
2
410203256 17853
2
40797432 6013
2
451383342 19898
2
356019340 16085
2
24243218 2420
2
106631792 9033
2
241893606 12423
2
200999325 11596
2
62039660 5232
2
330113245 17298
2
55405344 3274
2
29044184 5019
2
706209480 26221
2
111240 217
2
4795107 178
2
147687988 6860
2
213132418 9840
2
345708321 16748
2
247085280 15679
2
110545129 7490
2
119895455 5246
2
209409840 14471
2
529968626 18272
2
98809840 7637
2
123054114 8843
2
363090960 18181
2
124145294 7463
2
16317276 2427
2
477412020 18157
2
4352320 1857
2
17444340 2389
2
36215859 1924
2
267619434 16243
2
28425020 5016
2
94438215 8896
2
618336 453
2
26444457 2140
2
29178123 1782
2
41453412 6189
2
229960250 8651
2
272998692 14733
2
123916094 5883
2
381660000 12723
2
64727950 7484
2
386018040 14172
2
63984780 6708
2
14777560 2966
2
2012069 1208
2
505960512 19485
2
164651910 11479
2
24739953 1520
2
122949025 8946
2
28063057 3972
2
703486740 26428
2
144522000 5581
2
323190 136
2
88336068 5582
2
199673938 12899
2
12197732 1374
2
717617 60
2
231689772 15157
2
339408706 11442
2
47292960 5281
2
194723479 6690
2
341146592 14084
2
116046400 8201
2
267191652 13210
2
19821465 874
2
18082700 3429
2
388575745 17586
2
55564464 6468
2
264117480 12541
2
50050656 2545
2
31535 36
2
89529310 7515
2
132684864 5089
2
74441010 6275
2
64114640 6681
2
4846392 278
2
273547118 12143
2
748553 812
2
53925198 7028
2
125255693 11028
2
131536265 7718
2
75561976 6377
2
3841300 1437
2
183162000 8901
2
32381940 3181
2
12146414 3024
2
207371700 10861
2
6199302 315
2
1444947 830
2
197507322 12635
2
537373230 19586
2
209502450 10026
2
796950 211
2
99968097 9224
2
529338324 22319
2
1116081 808
2
166410 388
2
93538496 9093
2
8047600 2361
2
3777604 1523
2
19042640 1031
2
561742487 21674
2
15666 22
2
96487640 6468
2
29578640 1106
2
346140515 15906
2
924445 38
2
214890725 9206
2
10307310 2783
2
6970144 2145
2
187445754 10474
2
15309987 3818
2
11604600 1801
2
57329118 3235
2
111038760 10009
2
409771221 19948
2
9624888 2374
2
451198062 15058
2
113545800 7741
2
2073660 647
2
25779600 2161
2
10680375 2376
2
316235779 12128
2
254959305 8728
2
705023 600
2
104660592 10119
2
61140992 5633
2
72418500 8471
2
74670000 3931
2
85234800 3505
2
187112315 12506
2
133328537 7664
2
10958948 2432
2
26693024 3269
2
95403957 5550
2
342150369 12948
2
567680664 21882
2
21465288 3622
2
200775876 8359
2
337406049 17610
2
4536 64
2
29606346 3648
2
333546603 15458
2
142191 260
2
100740402 5398
2
59229485 5636
2
135406494 7975
2
485450 666
2
246488697 10648
2
384658911 17382
2
15427690 1862
2
118028500 4179
2
118064944 4337
2
9779972 1139
2
50581090 6606
2
192077720 6675
2
322240 305
2
9168666 1928
2
239792892 9268
2
389218124 18885
2
609201460 22259
2
29695086 5023
2
97522350 5386
2
10825510 744
2
295316316 11884
2
6598341 1538
2
173693450 8996
2
519604515 18946
2
3965976 1648
2
478814604 19660
2
13821192 2377
2
581735 78
2
152913772 10637
2
108690294 10399
2
22853400 2788
2
48240836 4173
2
93522970 8991
2
222961200 7621
2
36584904 4165
2
41687436 2605
2
230436360 13091
2
69188208 5785
2
402240 420
2
227209950 7690
2
441396036 15967
2
400385469 15082
2
59989257 3412
2
484310655 20706
2
2876328 547
2
147972246 8512
2
184755582 6598
2
45215280 3461
2
26978115 2964
2
1705854 803
2
605745258 20235
2
320060563 15234
2
442991200 17636
2
244838754 14304
2
57297730 4502
2
11524128 1849
2
6931200 1217
2
76597180 8735
2
204885863 12930
2
65618006 4994
2
8760318 1078
2
20828744 2723
2
343447566 12495
2
35931603 4314
2
265 6
2
95698585 7388
2
250625880 14716
2
648618150 22371
2
68626412 7280
2
195095412 6715
2
24832185 1282
2
224477200 10526
2
68443530 6243
2
4346545 246
2
17228774 2579
2
69977600 3906
2
493659210 19614
2
101862240 6577
2
266889648 10833
2
813204 883
2
5674212 2242
2
243635584 8577
2
31739768 2217
2
28192200 3801
2
2888400 416
2
371584830 13279
2
240475075 13568
2
272238688 12389
2
3417417 1270
2
107393376 4505
2
388462336 17493
2
290565 166
2
20920900 3851
2
56739830 5115
2
13494033 1702
2
21778792 2073
2
7425600 1051
2
62483773 2240
2
5765440 431
2
485930501 17934
2
250906416 10829
2
13251756 3039
2
1194930 143
2
367634678 13514
2
502982231 17310
2
47367880 5066
2
1780512 1092
2
571921920 19777
2
63579560 2520
2
810318560 28241
2
1183952 249
2
11949912 1327
2
522444750 18511
2
700310625 24466
2
19258320 2321
2
388688040 14131
2
158774360 6536
2
81087690 3931
2
577478533 20654
2
12300279 2950
2
340016908 13773
2
3719690 339
2
450733556 17759
2
2414840 828
2
3933024 1547
2
38658581 5240
2
507536310 22063
2
160147112 5472
2
308449295 11606
2
183937320 13161
2
44250624 2377
2
2058435 922
2
10630704 2437
2
340318308 12343
2
165428880 12697
2
478388807 21464
2
31987412 2357
2
212412 187
2
69992165 6338
2
428610 472
2
362469100 17571
2
35085144 4567
2
345767292 16687
2
73514304 4402
2
17003907 1192
2
45367790 4239
2
454453938 16804
2
187107132 8872
2
298350240 15073
2
490893480 16633
2
87088573 6524
2
76146370 4848
2
73124656 5649
2
309141898 17258
2
1526770 1191
2
386701832 17139
2
433538 347
2
1610280 541
2
161561166 9880
2
75722383 3884
2
1309586 959
2
64944 133
2
62009770 6516
2
146256330 7096
2
102150 11
2
3496416 1233
2
35613875 3246
2
701013872 25485
2
362768 317
2
189143824 12369
2
86624079 7824
2
241347717 11662
2
566297982 20843
2
56318853 6998
2
9528555 1168
2
5217109 1130
2
10513185 2950
2
191480707 12530
2
222469599 9538
2
1615504 549
2
460542362 18299
2
1462600 516
2
816601156 27378
2
5825256 1465
2
166331885 8832
2
66126906 4744
2
100178639 7844
2
31567710 2111
2
50755120 2639
2
71381133 3304
2
4004 23
2
89489088 7697
2
115381155 10646
2
28268736 5078
2
317834132 12629
2
344200038 12195
2
13280400 1055
