500
5
21 28 35 42 49
4
6 3 6 9
3
30 6 12
20
56 63 8 16 24 32 40 48 56 64 72 9 18 27 36 45 54 63 72 81
3
6 12 18
5
4 6 3 6 9
5
4 6 3 6 9
14
21 28 35 42 49 56 8 16 24 32 40 48 56 64
2
2 4
7
3 2 4 6 3 6 9
24
6 7 8 9 2 4 6 8 10 12 14 16 18 3 6 9 12 15 18 21 24 27 4 8
28
4 8 12 16 20 24 28 5 10 15 20 25 30 35 6 12 18 24 30 36 42 7 14 21 28 35 42 49
7
16 20 5 10 15 20 25
23
20 24 28 5 10 15 20 25 30 35 6 12 18 24 30 36 42 7 14 21 28 35 42
8
2 3 2 4 6 3 6 9
11
15 4 8 12 16 20 5 10 15 20 25
20
2 4 6 8 10 3 6 9 12 15 4 8 12 16 20 5 10 15 20 25
7
3 2 4 6 3 6 9
26
35 40 6 12 18 24 30 36 42 48 7 14 21 28 35 42 49 56 8 16 24 32 40 48 56 64
8
8 12 16 20 24 28 32 36
16
12 16 20 24 5 10 15 20 25 30 6 12 18 24 30 36
5
12 18 24 30 36
7
16 20 5 10 15 20 25
10
15 20 25 30 6 12 18 24 30 36
13
4 2 4 6 8 3 6 9 12 4 8 12 16
3
8 12 16
25
16 20 24 28 5 10 15 20 25 30 35 6 12 18 24 30 36 42 7 14 21 28 35 42 49
17
16 24 32 40 48 56 64 72 9 18 27 36 45 54 63 72 81
4
1 2 2 4
7
40 50 60 70 80 90 100
34
3 4 5 6 2 4 6 8 10 12 3 6 9 12 15 18 4 8 12 16 20 24 5 10 15 20 25 30 6 12 18 24 30 36
3
8 12 16
8
4 6 8 10 12 3 6 9
32
10 2 4 6 8 10 12 14 16 18 20 3 6 9 12 15 18 21 24 27 30 4 8 12 16 20 24 28 32 36 40 5
2
2 4
15
14 21 28 35 42 49 56 8 16 24 32 40 48 56 64
8
30 40 50 60 70 80 90 100
3
35 42 49
3
2 2 4
24
56 64 72 80 9 18 27 36 45 54 63 72 81 90 10 20 30 40 50 60 70 80 90 100
49
2 3 4 5 6 7 8 9 2 4 6 8 10 12 14 16 18 3 6 9 12 15 18 21 24 27 4 8 12 16 20 24 28 32 36 5 10 15 20 25 30 35 40 45 6 12 18 24 30
9
8 3 6 9 12 4 8 12 16
23
21 24 4 8 12 16 20 24 28 32 5 10 15 20 25 30 35 40 6 12 18 24 30
37
16 20 24 28 32 5 10 15 20 25 30 35 40 6 12 18 24 30 36 42 48 7 14 21 28 35 42 49 56 8 16 24 32 40 48 56 64
19
18 27 36 45 54 63 72 81 90 10 20 30 40 50 60 70 80 90 100
8
56 8 16 24 32 40 48 56
20
15 18 4 8 12 16 20 24 5 10 15 20 25 30 6 12 18 24 30 36
2
10 12
41
6 9 12 15 18 21 24 27 4 8 12 16 20 24 28 32 36 5 10 15 20 25 30 35 40 45 6 12 18 24 30 36 42 48 54 7 14 21 28 35 42
21
6 8 10 12 3 6 9 12 15 18 4 8 12 16 20 24 5 10 15 20 25
9
5 6 7 8 2 4 6 8 10
4
40 48 56 64
5
45 54 63 72 81
3
80 90 100
16
24 32 40 48 56 64 72 9 18 27 36 45 54 63 72 81
24
4 8 12 16 20 24 28 32 36 40 5 10 15 20 25 30 35 40 45 50 6 12 18 24
2
20 25
41
24 4 8 12 16 20 24 28 32 5 10 15 20 25 30 35 40 6 12 18 24 30 36 42 48 7 14 21 28 35 42 49 56 8 16 24 32 40 48 56 64
3
2 2 4
26
40 48 56 64 72 80 9 18 27 36 45 54 63 72 81 90 10 20 30 40 50 60 70 80 90 100
47
6 9 12 15 18 21 24 4 8 12 16 20 24 28 32 5 10 15 20 25 30 35 40 6 12 18 24 30 36 42 48 7 14 21 28 35 42 49 56 8 16 24 32 40 48 56 64
12
5 10 15 20 25 30 6 12 18 24 30 36
8
2 3 2 4 6 3 6 9
71
30 4 8 12 16 20 24 28 32 36 40 5 10 15 20 25 30 35 40 45 50 6 12 18 24 30 36 42 48 54 60 7 14 21 28 35 42 49 56 63 70 8 16 24 32 40 48 56 64 72 80 9 18 27 36 45 54 63 72 81 90 10 20 30 40 50 60 70 80 90 100
5
12 4 8 12 16
9
8 3 6 9 12 4 8 12 16
13
4 2 4 6 8 3 6 9 12 4 8 12 16
46
4 5 6 7 2 4 6 8 10 12 14 3 6 9 12 15 18 21 4 8 12 16 20 24 28 5 10 15 20 25 30 35 6 12 18 24 30 36 42 7 14 21 28 35 42 49
2
42 49
61
40 5 10 15 20 25 30 35 40 45 50 6 12 18 24 30 36 42 48 54 60 7 14 21 28 35 42 49 56 63 70 8 16 24 32 40 48 56 64 72 80 9 18 27 36 45 54 63 72 81 90 10 20 30 40 50 60 70 80 90 100
23
20 25 30 35 40 6 12 18 24 30 36 42 48 7 14 21 28 35 42 49 56 8 16
5
4 6 3 6 9
29
4 6 8 10 12 3 6 9 12 15 18 4 8 12 16 20 24 5 10 15 20 25 30 6 12 18 24 30 36
50
20 24 28 32 36 5 10 15 20 25 30 35 40 45 6 12 18 24 30 36 42 48 54 7 14 21 28 35 42 49 56 63 8 16 24 32 40 48 56 64 72 9 18 27 36 45 54 63 72 81
3
3 6 9
6
9 12 4 8 12 16
6
14 21 28 35 42 49
4
1 2 2 4
2
30 36
10
12 15 18 21 4 8 12 16 20 24
2
6 9
4
6 3 6 9
3
8 12 16
13
2 4 6 8 10 12 14 16 3 6 9 12 15
14
6 9 12 15 4 8 12 16 20 5 10 15 20 25
2
12 16
11
4 6 8 3 6 9 12 4 8 12 16
23
3 4 5 2 4 6 8 10 3 6 9 12 15 4 8 12 16 20 5 10 15 20 25
18
6 8 10 3 6 9 12 15 4 8 12 16 20 5 10 15 20 25
62
2 4 6 8 10 12 14 16 18 3 6 9 12 15 18 21 24 27 4 8 12 16 20 24 28 32 36 5 10 15 20 25 30 35 40 45 6 12 18 24 30 36 42 48 54 7 14 21 28 35 42 49 56 63 8 16 24 32 40 48 56 64
8
2 3 2 4 6 3 6 9
21
5 6 2 4 6 8 10 12 3 6 9 12 15 18 4 8 12 16 20 24 5
7
3 2 4 6 3 6 9
13
4 2 4 6 8 3 6 9 12 4 8 12 16
22
4 5 2 4 6 8 10 3 6 9 12 15 4 8 12 16 20 5 10 15 20 25
6
2 4 6 3 6 9
25
16 20 24 28 5 10 15 20 25 30 35 6 12 18 24 30 36 42 7 14 21 28 35 42 49
16
10 3 6 9 12 15 4 8 12 16 20 5 10 15 20 25
2
12 16
33
12 14 16 3 6 9 12 15 18 21 24 4 8 12 16 20 24 28 32 5 10 15 20 25 30 35 40 6 12 18 24 30 36
46
6 7 8 2 4 6 8 10 12 14 16 3 6 9 12 15 18 21 24 4 8 12 16 20 24 28 32 5 10 15 20 25 30 35 40 6 12 18 24 30 36 42 48 7 14 21
13
2 3 4 5 6 7 8 9 2 4 6 8 10
10
15 20 25 30 6 12 18 24 30 36
5
4 6 3 6 9
76
15 18 21 24 27 30 4 8 12 16 20 24 28 32 36 40 5 10 15 20 25 30 35 40 45 50 6 12 18 24 30 36 42 48 54 60 7 14 21 28 35 42 49 56 63 70 8 16 24 32 40 48 56 64 72 80 9 18 27 36 45 54 63 72 81 90 10 20 30 40 50 60 70 80 90 100
5
12 4 8 12 16
27
30 35 40 6 12 18 24 30 36 42 48 7 14 21 28 35 42 49 56 8 16 24 32 40 48 56 64
4
18 24 30 36
7
6 9 12 4 8 12 16
52
5 10 15 20 25 30 35 40 45 50 6 12 18 24 30 36 42 48 54 60 7 14 21 28 35 42 49 56 63 70 8 16 24 32 40 48 56 64 72 80 9 18 27 36 45 54 63 72 81 90 10 20
18
6 8 10 3 6 9 12 15 4 8 12 16 20 5 10 15 20 25
8
12 16 20 5 10 15 20 25
38
12 16 20 24 28 32 5 10 15 20 25 30 35 40 6 12 18 24 30 36 42 48 7 14 21 28 35 42 49 56 8 16 24 32 40 48 56 64
42
21 24 4 8 12 16 20 24 28 32 5 10 15 20 25 30 35 40 6 12 18 24 30 36 42 48 7 14 21 28 35 42 49 56 8 16 24 32 40 48 56 64
3
2 2 4
4
10 15 20 25
4
1 2 2 4
10
4 8 12 16 20 5 10 15 20 25
10
10 12 14 16 18 3 6 9 12 15
17
25 30 35 6 12 18 24 30 36 42 7 14 21 28 35 42 49
45
5 10 15 20 25 30 35 40 45 6 12 18 24 30 36 42 48 54 7 14 21 28 35 42 49 56 63 8 16 24 32 40 48 56 64 72 9 18 27 36 45 54 63 72 81
33
32 5 10 15 20 25 30 35 40 6 12 18 24 30 36 42 48 7 14 21 28 35 42 49 56 8 16 24 32 40 48 56 64
29
4 6 8 10 12 3 6 9 12 15 18 4 8 12 16 20 24 5 10 15 20 25 30 6 12 18 24 30 36
29
21 4 8 12 16 20 24 28 5 10 15 20 25 30 35 6 12 18 24 30 36 42 7 14 21 28 35 42 49
3
3 4 2
5
6 9 12 15 18
14
3 4 2 4 6 8 3 6 9 12 4 8 12 16
4
6 3 6 9
14
3 4 2 4 6 8 3 6 9 12 4 8 12 16
2
2 4
2
32 36
5
21 28 35 42 49
11
8 9 2 4 6 8 10 12 14 16 18
5
4 6 3 6 9
8
2 3 2 4 6 3 6 9
5
4 6 3 6 9
6
9 12 4 8 12 16
4
6 3 6 9
5
12 4 8 12 16
44
4 6 8 10 12 14 16 18 20 3 6 9 12 15 18 21 24 27 30 4 8 12 16 20 24 28 32 36 40 5 10 15 20 25 30 35 40 45 50 6 12 18 24 30
42
21 24 4 8 12 16 20 24 28 32 5 10 15 20 25 30 35 40 6 12 18 24 30 36 42 48 7 14 21 28 35 42 49 56 8 16 24 32 40 48 56 64
50
20 24 28 32 36 5 10 15 20 25 30 35 40 45 6 12 18 24 30 36 42 48 54 7 14 21 28 35 42 49 56 63 8 16 24 32 40 48 56 64 72 9 18 27 36 45 54 63 72 81
26
14 21 28 35 42 49 56 63 8 16 24 32 40 48 56 64 72 9 18 27 36 45 54 63 72 81
23
24 28 5 10 15 20 25 30 35 6 12 18 24 30 36 42 7 14 21 28 35 42 49
12
40 48 56 64 72 9 18 27 36 45 54 63
39
12 14 16 18 3 6 9 12 15 18 21 24 27 4 8 12 16 20 24 28 32 36 5 10 15 20 25 30 35 40 45 6 12 18 24 30 36 42 48
3
3 6 9
4
4 8 12 16
36
1 2 3 4 5 6 2 4 6 8 10 12 3 6 9 12 15 18 4 8 12 16 20 24 5 10 15 20 25 30 6 12 18 24 30 36
15
16 20 24 5 10 15 20 25 30 6 12 18 24 30 36
9
8 3 6 9 12 4 8 12 16
7
6 9 12 4 8 12 16
7
16 20 5 10 15 20 25
38
21 28 35 42 49 56 63 70 8 16 24 32 40 48 56 64 72 80 9 18 27 36 45 54 63 72 81 90 10 20 30 40 50 60 70 80 90 100
57
8 10 12 14 16 18 3 6 9 12 15 18 21 24 27 4 8 12 16 20 24 28 32 36 5 10 15 20 25 30 35 40 45 6 12 18 24 30 36 42 48 54 7 14 21 28 35 42 49 56 63 8 16 24 32 40 48
22
28 32 36 40 5 10 15 20 25 30 35 40 45 50 6 12 18 24 30 36 42 48
6
2 4 6 3 6 9
16
42 49 56 63 70 8 16 24 32 40 48 56 64 72 80 9
2
12 16
7
16 24 32 40 48 56 64
3
2 2 4
63
3 6 9 12 15 18 21 24 27 4 8 12 16 20 24 28 32 36 5 10 15 20 25 30 35 40 45 6 12 18 24 30 36 42 48 54 7 14 21 28 35 42 49 56 63 8 16 24 32 40 48 56 64 72 9 18 27 36 45 54 63 72 81
10
49 56 8 16 24 32 40 48 56 64
20
10 15 20 25 30 35 6 12 18 24 30 36 42 7 14 21 28 35 42 49
4
10 15 20 25
11
15 4 8 12 16 20 5 10 15 20 25
5
12 18 24 30 36
39
8 12 16 20 24 28 32 5 10 15 20 25 30 35 40 6 12 18 24 30 36 42 48 7 14 21 28 35 42 49 56 8 16 24 32 40 48 56 64
9
5 10 15 20 25 30 35 6 12
45
14 16 18 3 6 9 12 15 18 21 24 27 4 8 12 16 20 24 28 32 36 5 10 15 20 25 30 35 40 45 6 12 18 24 30 36 42 48 54 7 14 21 28 35 42
10
6 8 3 6 9 12 4 8 12 16
2
2 4
3
2 2 4
19
3 4 5 6 7 8 2 4 6 8 10 12 14 16 3 6 9 12 15
7
16 20 5 10 15 20 25
25
4 6 8 10 12 14 16 18 20 3 6 9 12 15 18 21 24 27 30 4 8 12 16 20 24
13
4 2 4 6 8 3 6 9 12 4 8 12 16
10
6 8 3 6 9 12 4 8 12 16
2
2 4
18
4 8 12 16 20 24 5 10 15 20 25 30 6 12 18 24 30 36
11
10 15 20 25 30 6 12 18 24 30 36
20
56 63 8 16 24 32 40 48 56 64 72 9 18 27 36 45 54 63 72 81
20
2 4 6 8 10 3 6 9 12 15 4 8 12 16 20 5 10 15 20 25
6
6 12 18 24 30 36
15
32 40 48 56 64 72 9 18 27 36 45 54 63 72 81
43
7 2 4 6 8 10 12 14 3 6 9 12 15 18 21 4 8 12 16 20 24 28 5 10 15 20 25 30 35 6 12 18 24 30 36 42 7 14 21 28 35 42 49
2
5 10
55
4 6 8 10 12 14 16 3 6 9 12 15 18 21 24 4 8 12 16 20 24 28 32 5 10 15 20 25 30 35 40 6 12 18 24 30 36 42 48 7 14 21 28 35 42 49 56 8 16 24 32 40 48 56 64
3
3 6 9
4
6 3 6 9
9
8 3 6 9 12 4 8 12 16
3
15 20 25
11
15 4 8 12 16 20 5 10 15 20 25
19
4 6 8 10 3 6 9 12 15 4 8 12 16 20 5 10 15 20 25
9
1 2 3 2 4 6 3 6 9
29
10 2 4 6 8 10 12 14 16 18 20 3 6 9 12 15 18 21 24 27 30 4 8 12 16 20 24 28 32
12
12 15 4 8 12 16 20 5 10 15 20 25
2
2 3
2
6 9
5
9 12 4 8 12
21
5 10 15 20 25 30 35 6 12 18 24 30 36 42 7 14 21 28 35 42 49
12
2 4 6 8 3 6 9 12 4 8 12 16
9
56 8 16 24 32 40 48 56 64
83
16 18 20 3 6 9 12 15 18 21 24 27 30 4 8 12 16 20 24 28 32 36 40 5 10 15 20 25 30 35 40 45 50 6 12 18 24 30 36 42 48 54 60 7 14 21 28 35 42 49 56 63 70 8 16 24 32 40 48 56 64 72 80 9 18 27 36 45 54 63 72 81 90 10 20 30 40 50 60 70 80 90 100
23
15 18 21 24 4 8 12 16 20 24 28 32 5 10 15 20 25 30 35 40 6 12 18
30
14 3 6 9 12 15 18 21 4 8 12 16 20 24 28 5 10 15 20 25 30 35 6 12 18 24 30 36 42 7
6
6 12 18 24 30 36
9
1 2 3 2 4 6 3 6 9
52
10 12 14 16 3 6 9 12 15 18 21 24 4 8 12 16 20 24 28 32 5 10 15 20 25 30 35 40 6 12 18 24 30 36 42 48 7 14 21 28 35 42 49 56 8 16 24 32 40 48 56 64
30
8 16 24 32 40 48 56 64 72 80 9 18 27 36 45 54 63 72 81 90 10 20 30 40 50 60 70 80 90 100
15
14 21 28 35 42 49 56 8 16 24 32 40 48 56 64
22
42 49 56 63 8 16 24 32 40 48 56 64 72 9 18 27 36 45 54 63 72 81
7
36 42 48 54 7 14 21
9
9 18 27 36 45 54 63 72 81
13
9 12 15 4 8 12 16 20 5 10 15 20 25
27
8 10 12 3 6 9 12 15 18 4 8 12 16 20 24 5 10 15 20 25 30 6 12 18 24 30 36
11
14 21 28 35 42 49 56 63 8 16 24
4
1 2 2 4
17
21 24 4 8 12 16 20 24 28 32 5 10 15 20 25 30 35
62
3 4 5 6 7 8 2 4 6 8 10 12 14 16 3 6 9 12 15 18 21 24 4 8 12 16 20 24 28 32 5 10 15 20 25 30 35 40 6 12 18 24 30 36 42 48 7 14 21 28 35 42 49 56 8 16 24 32 40 48 56 64
6
2 4 6 3 6 9
17
8 10 3 6 9 12 15 4 8 12 16 20 5 10 15 20 25
2
12 18
20
6 7 8 9 2 4 6 8 10 12 14 16 18 3 6 9 12 15 18 21
2
2 4
47
6 9 12 15 18 21 24 4 8 12 16 20 24 28 32 5 10 15 20 25 30 35 40 6 12 18 24 30 36 42 48 7 14 21 28 35 42 49 56 8 16 24 32 40 48 56 64
31
10 15 20 25 30 35 40 6 12 18 24 30 36 42 48 7 14 21 28 35 42 49 56 8 16 24 32 40 48 56 64
3
2 2 4
53
40 45 50 6 12 18 24 30 36 42 48 54 60 7 14 21 28 35 42 49 56 63 70 8 16 24 32 40 48 56 64 72 80 9 18 27 36 45 54 63 72 81 90 10 20 30 40 50 60 70 80 90 100
2
6 9
3
8 12 16
70
4 8 12 16 20 24 28 32 36 40 5 10 15 20 25 30 35 40 45 50 6 12 18 24 30 36 42 48 54 60 7 14 21 28 35 42 49 56 63 70 8 16 24 32 40 48 56 64 72 80 9 18 27 36 45 54 63 72 81 90 10 20 30 40 50 60 70 80 90 100
67
30 4 8 12 16 20 24 28 32 36 40 5 10 15 20 25 30 35 40 45 50 6 12 18 24 30 36 42 48 54 60 7 14 21 28 35 42 49 56 63 70 8 16 24 32 40 48 56 64 72 80 9 18 27 36 45 54 63 72 81 90 10 20 30 40 50 60
6
16 20 24 28 5 10
30
42 48 54 7 14 21 28 35 42 49 56 63 8 16 24 32 40 48 56 64 72 9 18 27 36 45 54 63 72 81
3
3 6 9
6
36 45 54 63 72 81
2
2 4
4
1 2 2 4
25
1 2 3 4 5 2 4 6 8 10 3 6 9 12 15 4 8 12 16 20 5 10 15 20 25
34
3 4 5 6 2 4 6 8 10 12 3 6 9 12 15 18 4 8 12 16 20 24 5 10 15 20 25 30 6 12 18 24 30 36
2
42 49
3
8 12 16
4
1 2 2 4
4
6 3 6 9
25
16 20 24 28 5 10 15 20 25 30 35 6 12 18 24 30 36 42 7 14 21 28 35 42 49
11
24 30 36 42 7 14 21 28 35 42 49
4
10 15 20 25
4
1 2 2 4
3
15 20 25
30
18 21 4 8 12 16 20 24 28 5 10 15 20 25 30 35 6 12 18 24 30 36 42 7 14 21 28 35 42 49
2
2 4
15
16 20 24 5 10 15 20 25 30 6 12 18 24 30 36
29
48 54 7 14 21 28 35 42 49 56 63 8 16 24 32 40 48 56 64 72 9 18 27 36 45 54 63 72 81
40
4 8 12 16 20 24 28 32 5 10 15 20 25 30 35 40 6 12 18 24 30 36 42 48 7 14 21 28 35 42 49 56 8 16 24 32 40 48 56 64
39
21 24 4 8 12 16 20 24 28 32 5 10 15 20 25 30 35 40 6 12 18 24 30 36 42 48 7 14 21 28 35 42 49 56 8 16 24 32 40
51
2 4 6 8 10 12 14 16 3 6 9 12 15 18 21 24 4 8 12 16 20 24 28 32 5 10 15 20 25 30 35 40 6 12 18 24 30 36 42 48 7 14 21 28 35 42 49 56 8 16 24
26
12 16 20 24 28 5 10 15 20 25 30 35 6 12 18 24 30 36 42 7 14 21 28 35 42 49
2
2 4
49
16 3 6 9 12 15 18 21 24 4 8 12 16 20 24 28 32 5 10 15 20 25 30 35 40 6 12 18 24 30 36 42 48 7 14 21 28 35 42 49 56 8 16 24 32 40 48 56 64
23
6 9 12 15 18 4 8 12 16 20 24 5 10 15 20 25 30 6 12 18 24 30 36
34
6 9 12 15 18 21 4 8 12 16 20 24 28 5 10 15 20 25 30 35 6 12 18 24 30 36 42 7 14 21 28 35 42 49
2
2 4
38
21 28 35 42 49 56 63 70 8 16 24 32 40 48 56 64 72 80 9 18 27 36 45 54 63 72 81 90 10 20 30 40 50 60 70 80 90 100
4
4 8 12 16
9
20 25 30 35 40 6 12 18 24
39
35 40 45 6 12 18 24 30 36 42 48 54 7 14 21 28 35 42 49 56 63 8 16 24 32 40 48 56 64 72 9 18 27 36 45 54 63 72 81
28
12 14 16 18 20 3 6 9 12 15 18 21 24 27 30 4 8 12 16 20 24 28 32 36 40 5 10 15
49
50 6 12 18 24 30 36 42 48 54 60 7 14 21 28 35 42 49 56 63 70 8 16 24 32 40 48 56 64 72 80 9 18 27 36 45 54 63 72 81 90 10 20 30 40 50 60 70 80
13
9 12 15 4 8 12 16 20 5 10 15 20 25
21
6 12 18 24 30 36 42 48 54 60 7 14 21 28 35 42 49 56 63 70 8
3
2 2 4
46
36 5 10 15 20 25 30 35 40 45 6 12 18 24 30 36 42 48 54 7 14 21 28 35 42 49 56 63 8 16 24 32 40 48 56 64 72 9 18 27 36 45 54 63 72 81
4
1 2 2 4
24
24 32 40 48 56 64 72 80 9 18 27 36 45 54 63 72 81 90 10 20 30 40 50 60
42
20 25 30 35 40 45 6 12 18 24 30 36 42 48 54 7 14 21 28 35 42 49 56 63 8 16 24 32 40 48 56 64 72 9 18 27 36 45 54 63 72 81
20
2 4 6 8 10 12 14 3 6 9 12 15 18 21 4 8 12 16 20 24
16
24 32 40 48 56 64 72 9 18 27 36 45 54 63 72 81
4
6 3 6 9
32
5 10 15 20 25 30 35 40 6 12 18 24 30 36 42 48 7 14 21 28 35 42 49 56 8 16 24 32 40 48 56 64
5
21 28 35 42 49
10
2 4 6 8 10 12 14 3 6 9
4
1 2 2 4
19
4 6 8 10 3 6 9 12 15 4 8 12 16 20 5 10 15 20 25
3
2 2 4
12
12 15 4 8 12 16 20 5 10 15 20 25
9
1 2 3 2 4 6 3 6 9
16
1 2 3 4 2 4 6 8 3 6 9 12 4 8 12 16
6
2 4 6 3 6 9
16
20 25 30 35 40 45 6 12 18 24 30 36 42 48 54 7
3
35 42 49
26
10 12 3 6 9 12 15 18 4 8 12 16 20 24 5 10 15 20 25 30 6 12 18 24 30 36
27
8 10 12 3 6 9 12 15 18 4 8 12 16 20 24 5 10 15 20 25 30 6 12 18 24 30 36
4
70 80 90 100
34
6 9 12 15 18 21 4 8 12 16 20 24 28 5 10 15 20 25 30 35 6 12 18 24 30 36 42 7 14 21 28 35 42 49
5
21 28 35 42 49
46
9 12 15 18 21 24 27 4 8 12 16 20 24 28 32 36 5 10 15 20 25 30 35 40 45 6 12 18 24 30 36 42 48 54 7 14 21 28 35 42 49 56 63 8 16 24
4
1 2 2 4
7
3 2 4 6 3 6 9
2
6 9
35
3 6 9 12 15 18 21 4 8 12 16 20 24 28 5 10 15 20 25 30 35 6 12 18 24 30 36 42 7 14 21 28 35 42 49
31
10 15 20 25 30 35 40 6 12 18 24 30 36 42 48 7 14 21 28 35 42 49 56 8 16 24 32 40 48 56 64
34
3 4 5 6 2 4 6 8 10 12 3 6 9 12 15 18 4 8 12 16 20 24 5 10 15 20 25 30 6 12 18 24 30 36
11
4 6 8 3 6 9 12 4 8 12 16
37
28 35 42 49 56 63 70 8 16 24 32 40 48 56 64 72 80 9 18 27 36 45 54 63 72 81 90 10 20 30 40 50 60 70 80 90 100
4
6 3 6 9
2
12 16
59
3 4 5 6 7 8 2 4 6 8 10 12 14 16 3 6 9 12 15 18 21 24 4 8 12 16 20 24 28 32 5 10 15 20 25 30 35 40 6 12 18 24 30 36 42 48 7 14 21 28 35 42 49 56 8 16 24 32 40
6
9 12 4 8 12 16
48
6 7 8 9 2 4 6 8 10 12 14 16 18 3 6 9 12 15 18 21 24 27 4 8 12 16 20 24 28 32 36 5 10 15 20 25 30 35 40 45 6 12 18 24 30 36 42 48
12
5 10 15 20 25 30 6 12 18 24 30 36
11
4 6 8 3 6 9 12 4 8 12 16
13
4 2 4 6 8 3 6 9 12 4 8 12 16
22
20 24 28 5 10 15 20 25 30 35 6 12 18 24 30 36 42 7 14 21 28 35
10
30 36 42 7 14 21 28 35 42 49
21
5 2 4 6 8 10 3 6 9 12 15 4 8 12 16 20 5 10 15 20 25
8
3 6 9 12 4 8 12 16
16
12 16 20 24 5 10 15 20 25 30 6 12 18 24 30 36
2
6 9
13
24 5 10 15 20 25 30 6 12 18 24 30 36
25
1 2 3 4 5 2 4 6 8 10 3 6 9 12 15 4 8 12 16 20 5 10 15 20 25
22
9 12 15 18 4 8 12 16 20 24 5 10 15 20 25 30 6 12 18 24 30 36
8
12 16 20 5 10 15 20 25
29
21 4 8 12 16 20 24 28 5 10 15 20 25 30 35 6 12 18 24 30 36 42 7 14 21 28 35 42 49
2
8 10
7
16 20 5 10 15 20 25
12
3 4 2 4 6 8 3 6 9 12 4 8
12
21 24 27 4 8 12 16 20 24 28 32 36
49
16 3 6 9 12 15 18 21 24 4 8 12 16 20 24 28 32 5 10 15 20 25 30 35 40 6 12 18 24 30 36 42 48 7 14 21 28 35 42 49 56 8 16 24 32 40 48 56 64
2
12 16
7
16 24 32 40 48 56 64
2
2 4
16
12 16 20 24 5 10 15 20 25 30 6 12 18 24 30 36
5
5 10 15 20 25
64
1 2 3 4 5 6 7 8 2 4 6 8 10 12 14 16 3 6 9 12 15 18 21 24 4 8 12 16 20 24 28 32 5 10 15 20 25 30 35 40 6 12 18 24 30 36 42 48 7 14 21 28 35 42 49 56 8 16 24 32 40 48 56 64
52
12 16 20 24 28 32 36 5 10 15 20 25 30 35 40 45 6 12 18 24 30 36 42 48 54 7 14 21 28 35 42 49 56 63 8 16 24 32 40 48 56 64 72 9 18 27 36 45 54 63 72 81
14
6 9 12 15 4 8 12 16 20 5 10 15 20 25
20
2 4 6 8 10 3 6 9 12 15 4 8 12 16 20 5 10 15 20 25
28
4 6 8 10 12 3 6 9 12 15 18 4 8 12 16 20 24 5 10 15 20 25 30 6 12 18 24 30
34
5 6 7 2 4 6 8 10 12 14 3 6 9 12 15 18 21 4 8 12 16 20 24 28 5 10 15 20 25 30 35 6 12 18
16
20 25 30 35 40 6 12 18 24 30 36 42 48 7 14 21
30
40 5 10 15 20 25 30 35 40 45 50 6 12 18 24 30 36 42 48 54 60 7 14 21 28 35 42 49 56 63
15
2 3 4 2 4 6 8 3 6 9 12 4 8 12 16
81
1 2 3 4 5 6 7 8 9 2 4 6 8 10 12 14 16 18 3 6 9 12 15 18 21 24 27 4 8 12 16 20 24 28 32 36 5 10 15 20 25 30 35 40 45 6 12 18 24 30 36 42 48 54 7 14 21 28 35 42 49 56 63 8 16 24 32 40 48 56 64 72 9 18 27 36 45 54 63 72 81
19
18 4 8 12 16 20 24 5 10 15 20 25 30 6 12 18 24 30 36
31
36 42 48 54 7 14 21 28 35 42 49 56 63 8 16 24 32 40 48 56 64 72 9 18 27 36 45 54 63 72 81
3
1 2 3
3
28 35 42
54
6 8 10 12 14 16 3 6 9 12 15 18 21 24 4 8 12 16 20 24 28 32 5 10 15 20 25 30 35 40 6 12 18 24 30 36 42 48 7 14 21 28 35 42 49 56 8 16 24 32 40 48 56 64
49
16 3 6 9 12 15 18 21 24 4 8 12 16 20 24 28 32 5 10 15 20 25 30 35 40 6 12 18 24 30 36 42 48 7 14 21 28 35 42 49 56 8 16 24 32 40 48 56 64
12
2 4 6 8 3 6 9 12 4 8 12 16
2
2 4
13
48 56 64 72 9 18 27 36 45 54 63 72 81
11
64 72 9 18 27 36 45 54 63 72 81
5
12 4 8 12 16
5
4 6 3 6 9
22
72 80 9 18 27 36 45 54 63 72 81 90 10 20 30 40 50 60 70 80 90 100
24
2 3 4 5 2 4 6 8 10 3 6 9 12 15 4 8 12 16 20 5 10 15 20 25
12
10 12 14 3 6 9 12 15 18 21 4 8
5
12 4 8 12 16
50
14 16 3 6 9 12 15 18 21 24 4 8 12 16 20 24 28 32 5 10 15 20 25 30 35 40 6 12 18 24 30 36 42 48 7 14 21 28 35 42 49 56 8 16 24 32 40 48 56 64
18
14 3 6 9 12 15 18 21 4 8 12 16 20 24 28 5 10 15
3
3 6 9
9
36 42 7 14 21 28 35 42 49
27
7 14 21 28 35 42 49 56 63 8 16 24 32 40 48 56 64 72 9 18 27 36 45 54 63 72 81
13
12 18 24 30 36 42 7 14 21 28 35 42 49
3
3 6 9
2
2 4
3
2 2 4
6
14 21 28 35 42 49
48
8 12 16 20 24 28 32 36 40 5 10 15 20 25 30 35 40 45 50 6 12 18 24 30 36 42 48 54 60 7 14 21 28 35 42 49 56 63 70 8 16 24 32 40 48 56 64 72
91
10 2 4 6 8 10 12 14 16 18 20 3 6 9 12 15 18 21 24 27 30 4 8 12 16 20 24 28 32 36 40 5 10 15 20 25 30 35 40 45 50 6 12 18 24 30 36 42 48 54 60 7 14 21 28 35 42 49 56 63 70 8 16 24 32 40 48 56 64 72 80 9 18 27 36 45 54 63 72 81 90 10 20 30 40 50 60 70 80 90 100
33
48 54 60 7 14 21 28 35 42 49 56 63 70 8 16 24 32 40 48 56 64 72 80 9 18 27 36 45 54 63 72 81 90
35
24 28 32 5 10 15 20 25 30 35 40 6 12 18 24 30 36 42 48 7 14 21 28 35 42 49 56 8 16 24 32 40 48 56 64
5
12 18 24 30 36
15
2 3 4 2 4 6 8 3 6 9 12 4 8 12 16
7
40 50 60 70 80 90 100
31
10 15 20 25 30 35 40 6 12 18 24 30 36 42 48 7 14 21 28 35 42 49 56 8 16 24 32 40 48 56 64
13
4 2 4 6 8 3 6 9 12 4 8 12 16
13
24 5 10 15 20 25 30 6 12 18 24 30 36
8
2 3 2 4 6 3 6 9
3
24 30 36
5
4 6 3 6 9
16
21 4 8 12 16 20 24 28 5 10 15 20 25 30 35 6
12
5 10 15 20 25 30 6 12 18 24 30 36
5
32 40 48 56 64
24
2 4 6 8 10 12 14 16 18 3 6 9 12 15 18 21 24 27 4 8 12 16 20 24
2
6 9
25
40 6 12 18 24 30 36 42 48 7 14 21 28 35 42 49 56 8 16 24 32 40 48 56 64
5
12 4 8 12 16
5
4 6 3 6 9
8
2 3 2 4 6 3 6 9
9
1 2 3 2 4 6 3 6 9
5
4 6 3 6 9
21
24 30 36 42 48 7 14 21 28 35 42 49 56 8 16 24 32 40 48 56 64
23
8 10 12 14 16 3 6 9 12 15 18 21 24 4 8 12 16 20 24 28 32 5 10
21
24 30 36 42 48 7 14 21 28 35 42 49 56 8 16 24 32 40 48 56 64
15
2 3 4 2 4 6 8 3 6 9 12 4 8 12 16
30
15 20 25 30 35 40 6 12 18 24 30 36 42 48 7 14 21 28 35 42 49 56 8 16 24 32 40 48 56 64
3
2 2 4
7
3 2 4 6 3 6 9
3
2 2 4
6
2 4 6 3 6 9
72
2 4 6 8 10 12 14 16 18 3 6 9 12 15 18 21 24 27 4 8 12 16 20 24 28 32 36 5 10 15 20 25 30 35 40 45 6 12 18 24 30 36 42 48 54 7 14 21 28 35 42 49 56 63 8 16 24 32 40 48 56 64 72 9 18 27 36 45 54 63 72 81
4
6 3 6 9
6
2 4 6 3 6 9
3
2 2 4
15
14 21 28 35 42 49 56 8 16 24 32 40 48 56 64
21
5 10 15 20 25 30 35 6 12 18 24 30 36 42 7 14 21 28 35 42 49
6
2 4 6 3 6 9
8
25 30 6 12 18 24 30 36
6
2 4 6 3 6 9
2
2 4
22
8 10 12 3 6 9 12 15 18 4 8 12 16 20 24 5 10 15 20 25 30 6
5
5 10 15 20 25
22
4 5 2 4 6 8 10 3 6 9 12 15 4 8 12 16 20 5 10 15 20 25
18
27 36 45 54 63 72 81 90 10 20 30 40 50 60 70 80 90 100
14
6 12 18 24 30 36 42 7 14 21 28 35 42 49
3
15 20 25
8
30 40 50 60 70 80 90 100
4
6 3 6 9
12
2 4 6 8 3 6 9 12 4 8 12 16
23
24 30 36 42 48 54 60 7 14 21 28 35 42 49 56 63 70 8 16 24 32 40 48
11
15 4 8 12 16 20 5 10 15 20 25
15
4 5 6 7 8 9 10 2 4 6 8 10 12 14 16
5
12 4 8 12 16
22
4 5 2 4 6 8 10 3 6 9 12 15 4 8 12 16 20 5 10 15 20 25
37
16 20 24 28 32 5 10 15 20 25 30 35 40 6 12 18 24 30 36 42 48 7 14 21 28 35 42 49 56 8 16 24 32 40 48 56 64
4
1 2 2 4
9
1 2 3 2 4 6 3 6 9
12
56 64 72 9 18 27 36 45 54 63 72 81
14
2 3 4 5 2 4 6 8 10 3 6 9 12 15
10
10 20 30 40 50 60 70 80 90 100
23
64 72 80 9 18 27 36 45 54 63 72 81 90 10 20 30 40 50 60 70 80 90 100
79
3 6 9 12 15 18 21 24 27 30 4 8 12 16 20 24 28 32 36 40 5 10 15 20 25 30 35 40 45 50 6 12 18 24 30 36 42 48 54 60 7 14 21 28 35 42 49 56 63 70 8 16 24 32 40 48 56 64 72 80 9 18 27 36 45 54 63 72 81 90 10 20 30 40 50 60 70 80 90
16
30 36 42 48 54 7 14 21 28 35 42 49 56 63 8 16
42
12 14 16 3 6 9 12 15 18 21 24 4 8 12 16 20 24 28 32 5 10 15 20 25 30 35 40 6 12 18 24 30 36 42 48 7 14 21 28 35 42 49
4
6 3 6 9
27
20 25 30 35 40 45 50 6 12 18 24 30 36 42 48 54 60 7 14 21 28 35 42 49 56 63 70
2
2 4
3
80 90 100
8
4 2 4 6 8 3 6 9
17
10 15 20 25 30 35 6 12 18 24 30 36 42 7 14 21 28
6
14 21 28 35 42 49
8
2 3 2 4 6 3 6 9
14
3 4 2 4 6 8 3 6 9 12 4 8 12 16
47
6 9 12 15 18 21 24 4 8 12 16 20 24 28 32 5 10 15 20 25 30 35 40 6 12 18 24 30 36 42 48 7 14 21 28 35 42 49 56 8 16 24 32 40 48 56 64
5
4 6 3 6 9
4
1 2 2 4
36
14 3 6 9 12 15 18 21 4 8 12 16 20 24 28 5 10 15 20 25 30 35 6 12 18 24 30 36 42 7 14 21 28 35 42 49
8
2 3 2 4 6 3 6 9
14
21 28 35 42 49 56 8 16 24 32 40 48 56 64
33
40 5 10 15 20 25 30 35 40 45 50 6 12 18 24 30 36 42 48 54 60 7 14 21 28 35 42 49 56 63 70 8 16
52
8 2 4 6 8 10 12 14 16 3 6 9 12 15 18 21 24 4 8 12 16 20 24 28 32 5 10 15 20 25 30 35 40 6 12 18 24 30 36 42 48 7 14 21 28 35 42 49 56 8 16 24
4
1 2 2 4
2
5 6
17
8 12 16 20 24 5 10 15 20 25 30 6 12 18 24 30 36
28
24 32 40 48 56 64 72 80 9 18 27 36 45 54 63 72 81 90 10 20 30 40 50 60 70 80 90 100
5
1 2 3 2 4
30
3 4 5 6 7 8 9 10 2 4 6 8 10 12 14 16 18 20 3 6 9 12 15 18 21 24 27 30 4 8
4
1 2 2 4
6
2 4 6 3 6 9
4
10 15 20 25
9
8 3 6 9 12 4 8 12 16
15
16 20 24 5 10 15 20 25 30 6 12 18 24 30 36
55
4 6 8 10 12 14 16 3 6 9 12 15 18 21 24 4 8 12 16 20 24 28 32 5 10 15 20 25 30 35 40 6 12 18 24 30 36 42 48 7 14 21 28 35 42 49 56 8 16 24 32 40 48 56 64
14
6 12 18 24 30 36 42 7 14 21 28 35 42 49
9
9 18 27 36 45 54 63 72 81
7
30 6 12 18 24 30 36
9
20 25 30 6 12 18 24 30 36
30
6 8 10 12 14 3 6 9 12 15 18 21 4 8 12 16 20 24 28 5 10 15 20 25 30 35 6 12 18 24
24
28 35 42 49 56 63 8 16 24 32 40 48 56 64 72 9 18 27 36 45 54 63 72 81
9
1 2 3 2 4 6 3 6 9
10
4 8 12 16 20 5 10 15 20 25
2
2 4
59
9 2 4 6 8 10 12 14 16 18 3 6 9 12 15 18 21 24 27 4 8 12 16 20 24 28 32 36 5 10 15 20 25 30 35 40 45 6 12 18 24 30 36 42 48 54 7 14 21 28 35 42 49 56 63 8 16 24 32
7
12 18 24 30 36 42 7
36
14 3 6 9 12 15 18 21 4 8 12 16 20 24 28 5 10 15 20 25 30 35 6 12 18 24 30 36 42 7 14 21 28 35 42 49
57
10 2 4 6 8 10 12 14 16 18 20 3 6 9 12 15 18 21 24 27 30 4 8 12 16 20 24 28 32 36 40 5 10 15 20 25 30 35 40 45 50 6 12 18 24 30 36 42 48 54 60 7 14 21 28 35 42
9
56 8 16 24 32 40 48 56 64
3
3 6 9
24
15 18 21 4 8 12 16 20 24 28 5 10 15 20 25 30 35 6 12 18 24 30 36 42
5
12 16 20 24 28
11
12 14 16 18 3 6 9 12 15 18 21
6
2 4 6 3 6 9
4
4 8 12 16
5
4 6 3 6 9
21
5 2 4 6 8 10 3 6 9 12 15 4 8 12 16 20 5 10 15 20 25
8
2 3 2 4 6 3 6 9
21
5 2 4 6 8 10 3 6 9 12 15 4 8 12 16 20 5 10 15 20 25
4
1 2 2 4
2
12 16
32
2 4 6 8 10 12 14 16 18 3 6 9 12 15 18 21 24 27 4 8 12 16 20 24 28 32 36 5 10 15 20 25
6
2 4 6 3 6 9
5
12 18 24 30 36
2
20 25
7
3 4 5 6 7 8 9
5
4 6 3 6 9
15
32 40 48 56 64 72 9 18 27 36 45 54 63 72 81
52
10 12 14 16 3 6 9 12 15 18 21 24 4 8 12 16 20 24 28 32 5 10 15 20 25 30 35 40 6 12 18 24 30 36 42 48 7 14 21 28 35 42 49 56 8 16 24 32 40 48 56 64
