1578
22020
16311
22470
6213
22748
3879
16697
2612
223
20407
2978
6237
217
8460
19148
5190
12210
16626
18026
15986
20536
5896
10511
22545
14228
23228
13207
10194
24608
5977
4314
20988
4707
21076
12356
3394
2306
19031
1448
11050
11858
7277
6052
25551
21938
20279
20227
10095
1703
7794
4775
17098
17034
5802
11988
23897
11187
6714
14173
4432
13739
1383
16899
1771
6980
2097
4444
2461
3147
23584
16297
8406
5685
13354
2784
22002
11672
1884
1482
370
8172
9006
2618
3797
13755
13031
25848
432
11733
1553
8153
29529
12783
2707
6264
6601
7171
17200
5744
2926
15761
23620
21473
8587
14729
14716
1144
11598
6756
7976
6575
3780
10356
11105
10959
17228
16927
3955
9331
20292
8023
1648
11215
13626
16354
851
12619
1082
22827
16759
8253
8841
2496
22900
11753
2156
6399
19246
16840
6703
3806
404
246
8495
7695
23625
8052
5067
26730
604
9729
5892
7731
3936
4925
10302
10412
3371
5285
6352
22750
20817
23635
6901
18779
20803
1184
4475
7898
4389
13746
319
14353
1819
7598
5611
2086
22012
16621
15281
6068
505
7101
19561
10612
19200
8130
2563
11777
12615
6154
1082
14593
5701
2042
14923
1917
10553
11512
3064
8464
7063
20717
4133
2927
18915
1386
6161
8381
7870
21511
4758
4816
5967
4751
4113
8402
4315
2668
4153
18563
13805
12544
21078
10756
14212
817
12809
12783
1605
7462
9262
12642
16163
257
6437
4725
5246
18460
13739
6596
7375
2420
14880
3285
3544
2761
5833
2915
13101
22524
842
1678
36
16898
5162
11360
3674
19514
8721
9730
892
512
1055
244
6276
3402
1622
14251
4455
7890
23239
20080
13299
8225
9924
13795
19878
9919
8686
2721
17631
4162
6882
12851
6065
3330
13037
4433
14123
25571
6580
13541
4277
28860
101
6437
4474
922
3593
7417
3245
1032
19071
21461
9289
2292
5858
2161
12160
17117
2091
2249
19061
4334
287
15515
10827
11762
24332
578
26432
17090
9512
6042
9962
4600
23633
11530
18692
10680
10893
14198
13662
6832
9683
3399
1143
15500
4499
8351
8818
16627
9393
4987
3746
10974
524
8668
7243
10592
20929
8331
20518
23179
9479
3991
25570
1024
1338
753
2170
14687
13159
7069
16405
14648
1656
3087
6390
15439
19351
1966
21594
18601
9949
7727
18408
24235
1228
17078
3534
7900
6782
5683
651
9407
18809
8547
8639
4287
13261
554
4576
23992
13672
2931
22543
1846
22701
12323
16746
14740
15716
10943
23646
17567
6480
550
6422
20901
2837
8653
19478
26256
12527
8408
2704
10720
14649
8953
17928
3431
19518
6798
12400
13037
4974
9343
8385
21945
18867
15701
12924
14764
1396
8339
2648
12582
23557
1831
10794
4087
3877
15105
3376
977
18080
19286
5421
16803
7392
935
14879
4960
8509
6616
5701
12507
9225
3243
3393
14865
16251
7455
7800
16936
15580
12392
7365
8713
11088
20665
11792
16951
4405
8480
15037
12956
9965
20772
23738
924
11701
10348
19842
6471
6644
27846
6527
6387
6671
26752
10233
17053
10367
11562
18312
5140
