1180735
1631105
3453422
40628
5593679
2867612
2460115
90376
827070
3738119
5281233
4323044
4293135
1678513
1475508
3331591
5929637
1763682
635335
13576
119622
464421
2596587
4177778
388738
6197699
696890
3169446
4682351
344531
1809162
285235
2201139
787139
919758
19753
1073007
1174795
1524625
1763319
450087
5096707
1701182
7531720
829746
340572
73322
427703
485723
1997462
4516183
5627149
1149253
2027129
3461873
728945
7248559
312130
2488379
2567815
4188321
1477867
1972707
5674970
3208910
1734791
1755392
3786972
740922
363836
379428
1937857
1620447
555914
947028
836969
1411612
7741992
4896277
3593041
2094292
153000
182801
953287
1490426
5072345
346580
88549
129799
1267611
284657
1604443
860354
2166178
538792
2004041
5969996
1101138
413004
3781669
3506832
581737
1307854
1133816
1680438
2854824
114247
3667114
1580763
2922350
5378668
674742
2819879
1821497
1744170
3316571
2824683
4116217
283283
2238358
36977
1411476
2914847
2943760
67157
4536307
682418
1075521
613032
76023
809995
6469000
1006777
5807226
98960
5530902
3888475
6972441
143641
1453605
252519
140794
3953512
964017
171815
4326060
81410
270881
659096
4150444
3300075
6106639
4445670
1960573
8583071
4032978
1721679
2679906
1872758
1304932
2316253
3186828
2716348
302995
563096
4079923
890231
34168
6246865
1594641
3410648
4844766
7518028
5252097
5513473
1487016
30074
778883
897014
3502595
5791246
164291
362989
5604764
1661474
1091717
7900020
10876
3258964
120047
3450818
510182
866412
247274
2660336
514167
113656
584006
2327206
3591060
1858725
7060265
529408
5429142
5357888
1604978
1772768
7857834
6797688
318402
3185796
336210
570161
633322
6730282
3179500
38467
912594
424455
3230468
1738109
167671
3272635
1903014
2325563
123562
2626222
420015
1832640
830708
8244256
976783
601928
1356737
1666829
4157080
1961725
230086
2957354
1315687
3648322
1642053
3788679
5919111
132085
3149719
603829
1527305
730848
1311461
1951776
1907973
3998491
5752050
126696
257839
2683989
2677834
36828
505488
807303
922769
7917112
826603
940973
6223952
1034617
479101
84218
386381
1375428
3371023
5931087
2581036
4353060
2671181
162961
3413813
1239411
1500219
134713
197603
2345225
5037737
935929
3172704
926229
2570941
1166938
1291648
4015235
1121464
1158564
2439091
1408111
4740916
1074039
4463166
8382464
932957
8082077
5129800
835712
1207316
6136038
3120657
2793043
4013271
2322682
1432057
2372580
3749710
3188514
8836525
565939
7399228
1184901
780330
637054
2808928
889419
4682407
2654042
4374913
2238516
1149924
199819
3457433
1260864
3211003
6066617
4495294
3566002
1754170
3022934
2917524
436538
537241
3981461
4436713
1184119
6239684
2963009
1471516
262111
3869944
3967639
2997628
201076
628223
2749190
414008
2171667
180342
8751125
5548362
2151594
314085
2222658
54453
659075
174947
4586592
739319
4768163
7128327
815415
36097
2526637
194522
2373384
1950620
1475036
865570
2092690
4072779
6630395
6367112
2239502
3545466
5036027
692625
4508395
5242846
1526580
980095
6110354
4250824
91558
1350370
83580
297296
6550284
2862484
2596174
321630
5437419
672835
6955782
1438163
2976507
1975380
7836031
18969
127444
7591648
2882516
1715064
804686
1781969
2518669
870218
448271
1378653
745586
3152187
2697281
7837984
1328988
612617
315092
4669406
1820029
104849
6336676
6300470
2789187
2610298
3573522
567291
3088293
1398545
5379894
72053
2888615
1667778
414395
2011103
4584187
58744
89033
357727
144153
1802570
931924
1122926
63702
7048717
5400586
433157
2280575
4419741
2579562
869344
2788583
4346534
1314169
6492362
699347
2657865
570188
1352231
3895641
5870220
6097159
5622125
5248346
94477
1372414
8699782
1779567
792942
339805
4498548
6922335
57046
1607801
13667
8886606
2051196
27992
6348540
2477868
3315287
3314581
345883
4756370
824010
1239408
4919111
4105042
405889
1645187
1908824
215852
6873782
1770521
275286
1010495
236351
