31118300
149420472
14426343
477775815
282282338
49343500
114699097
41377016
116712816
123321
187027966
22888620
160524187
217867151
96514371
54537290
429889280
100448926
16672770
194761
48322340
223103855
413877811
373719333
93746937
209847980
697998
273872124
98274600
103826622
164270717
322654788
107865889
39232629
140185775
185804639
112268065
275176529
31649062
173552633
304499552
19261975
242781847
146187574
38394037
71912206
342396480
50877138
474237732
163599539
383139513
270556017
208404790
50304321
349714514
146045782
19455460
12768623
157014534
88337892
131986771
134348975
94756491
20118757
248805140
217602203
58664550
214858290
83873829
26095560
26545260
202209775
10699240
48774089
35770058
184156644
144315627
13024424
47181917
240050136
63145422
148821755
190103716
177117962
51068104
187015609
150315862
30175108
32828437
12059883
476781201
463263379
106778563
15393309
16251107
420691033
182400025
293987729
5319423
2339293
8341345
293869929
310863143
37935552
33479790
62829727
247426922
313008641
101423864
312646924
177634031
245426698
75256688
34393954
272974664
14745007
122352293
284095282
225045343
88330684
290281109
233133327
432640673
301460477
150880513
123237868
147532538
105196279
74013647
115544583
361793073
336665623
6878395
97612397
305461733
61375104
8425141
9761878
181009601
397204472
198349475
3063448
17801306
57179213
40479934
405644371
135430788
310787695
408676308
21555675
343962838
79248019
91115488
105528441
2429605
191454529
71277713
200459197
6203504
208594576
101480373
1314022
14603265
421145472
51996554
26986675
689126
283105997
49460146
95810248
34340266
343208065
109755661
83784455
154767487
82027170
283695938
375146124
27802456
76204883
8468097
390498829
191580459
3610811
5072854
39279541
165945901
149529702
444400150
97296781
242911891
139280590
111477583
30513237
134455225
139534537
93270267
55285489
97210965
21807678
76735934
229241853
431267704
81512564
318379711
15840139
232299751
362431790
273576883
197113661
18059327
58089221
779274
8352894
166262409
53919913
291805558
344739661
62371051
79553781
226361792
390411164
176484239
279576827
10422211
21606921
6060160
4840867
188588009
2790709
63324077
354529763
181908170
142592428
10001988
294953265
29580435
23250389
59770686
41262364
124954431
232389405
170405248
21607747
19178001
1273051
352506018
84876141
85745281
26283587
27318482
44103990
290785
486116604
96217906
368683878
386083510
23823742
123256312
58503401
1035492
12340130
3901927
184075474
149656916
11237035
111569809
191589661
57265172
91567992
70817740
4464103
171334
253970224
31512862
200403013
1430393
99020359
74297730
220481224
247027630
123449259
375268089
60584527
116594374
180773083
104498094
166426622
73289630
96604714
60501734
34831152
316739455
430694362
26528676
102660032
171007092
94400297
62296147
491120839
395467543
225121986
112316219
277304586
45572243
67869066
71167309
15132540
110751324
13694090
465714197
268300845
173356775
78630963
85541734
443377828
491072129
178683997
9040163
15297334
435136133
25833484
260429752
129666984
94198724
354065152
180304164
223117768
236291998
64756501
493064106
20844082
59718356
226435178
248952209
9680051
26145941
225573413
67788768
111951041
443930107
294885864
136587343
36798341
303443740
107648488
245491966
4038504
16798379
66851010
451281225
167220650
35948352
129177272
80951259
458406945
183844396
359270066
104440327
262105042
236144450
100003800
115201424
142287247
105735569
33779092
389413716
29026405
14632040
198376972
287087343
141707611
15776226
84642787
325398437
370118255
325491518
169602725
169964046
17814274
19005602
448887083
151032623
129512100
142882261
33761081
11542134
14814981
3640076
431370695
81583464
333135554
76909210
19972453
31521473
2558291
10819915
1406128
401481195
183851182
69666046
300868574
85594379
379253220
331956916
426645629
108114449
219592758
9561042
90834736
342547874
472446962
151114727
465388263
11818912
418796524
62812819
39201931
332321837
90904837
395008156
96456243
29062658
15789188
73463286
67255612
217378532
167455688
462064635
119428499
89926808
123880524
12924419
213167880
95169891
2361178
33585441
196832330
244199239
80424712
121263288
22172777
78274270
8738268
466822898
9364770
335914606
83087613
7717984
48574517
12707923
13803035
251510482
97307236
476867890
180590311
339685943
59684627
21997577
57012006
129432607
221628773
161729215
51043583
56329653
54459546
1365691
416516226
427179849
91629490
256076083
265563519
23105296
124891920
171666753
22691892
90956031
17804697
36278085
88470167
200215198
7131936
227018365
319285469
25463776
262721526
45670349
129379109
5026777
308066827
65488936
10867911
26305512
187551932
468252573
248415120
47164178
96670660
45883296
420537262
