500
2
964667300 995785600
2
747102360 896522832
66
57705372 72131715 86558058 100984401 115410744 129837087 144263430 158689773 173116116 187542459 201968802 216395145 230821488 245247831 259674174 274100517 288526860 302953203 317379546 331805889 346232232 360658575 375084918 389511261 403937604 418363947 432790290 447216633 461642976 476069319 490495662 504922005 519348348 533774691 548201034 562627377 577053720 591480063 605906406 620332749 634759092 649185435 663611778 678038121 692464464 706890807 721317150 735743493 750169836 764596179 779022522 793448865 807875208 822301551 836727894 851154237 865580580 880006923 894433266 908859609 923285952 937712295 952138638 966564981 980991324 995417667
2
477775815 955551630
3
282282338 564564676 846847014
12
444091500 493435000 542778500 592122000 641465500 690809000 740152500 789496000 838839500 888183000 937526500 986870000
4
573495485 688194582 802893679 917592776
6
786163304 827540320 868917336 910294352 951671368 993048384
7
233425632 350138448 466851264 583564080 700276896 816989712 933702528
100
578005527 578128848 578252169 578375490 578498811 578622132 578745453 578868774 578992095 579115416 579238737 579362058 579485379 579608700 579732021 579855342 579978663 580101984 580225305 580348626 580471947 580595268 580718589 580841910 580965231 581088552 581211873 581335194 581458515 581581836 581705157 581828478 581951799 582075120 582198441 582321762 582445083 582568404 582691725 582815046 582938367 583061688 583185009 583308330 583431651 583554972 583678293 583801614 583924935 584048256 584171577 584294898 584418219 584541540 584664861 584788182 584911503 585034824 585158145 585281466 585404787 585528108 585651429 585774750 585898071 586021392 586144713 586268034 586391355 586514676 586637997 586761318 586884639 587007960 587131281 587254602 587377923 587501244 587624565 587747886 587871207 587994528 588117849 588241170 588364491 588487812 588611133 588734454 588857775 588981096 589104417 589227738 589351059 589474380 589597701 589721022 589844343 589967664 590090985 590214306
5
187027966 374055932 561083898 748111864 935139830
10
778213080 801101700 823990320 846878940 869767560 892656180 915544800 938433420 961322040 984210660
6
160524187 321048374 481572561 642096748 802620935 963145122
4
217867151 435734302 653601453 871468604
3
772114968 868629339 965143710
18
54537290 109074580 163611870 218149160 272686450 327223740 381761030 436298320 490835610 545372900 599910190 654447480 708984770 763522060 818059350 872596640 927133930 981671220
2
429889280 859778560
8
200897852 301346778 401795704 502244630 602693556 703142482 803591408 904040334
40
333455400 350128170 366800940 383473710 400146480 416819250 433492020 450164790 466837560 483510330 500183100 516855870 533528640 550201410 566874180 583546950 600219720 616892490 633565260 650238030 666910800 683583570 700256340 716929110 733601880 750274650 766947420 783620190 800292960 816965730 833638500 850311270 866984040 883656810 900329580 917002350 933675120 950347890 967020660 983693430
100
772616887 772811648 773006409 773201170 773395931 773590692 773785453 773980214 774174975 774369736 774564497 774759258 774954019 775148780 775343541 775538302 775733063 775927824 776122585 776317346 776512107 776706868 776901629 777096390 777291151 777485912 777680673 777875434 778070195 778264956 778459717 778654478 778849239 779044000 779238761 779433522 779628283 779823044 780017805 780212566 780407327 780602088 780796849 780991610 781186371 781381132 781575893 781770654 781965415 782160176 782354937 782549698 782744459 782939220 783133981 783328742 783523503 783718264 783913025 784107786 784302547 784497308 784692069 784886830 785081591 785276352 785471113 785665874 785860635 786055396 786250157 786444918 786639679 786834440 787029201 787223962 787418723 787613484 787808245 788003006 788197767 788392528 788587289 788782050 788976811 789171572 789366333 789561094 789755855 789950616 790145377 790340138 790534899 790729660 790924421 791119182 791313943 791508704 791703465 791898226
14
338256380 386578720 434901060 483223400 531545740 579868080 628190420 676512760 724835100 773157440 821479780 869802120 918124460 966446800
3
446207710 669311565 892415420
2
413877811 827755622
2
373719333 747438666
7
374987748 468734685 562481622 656228559 749975496 843722433 937469370
4
209847980 419695960 629543940 839391920
100
349696998 350394996 351092994 351790992 352488990 353186988 353884986 354582984 355280982 355978980 356676978 357374976 358072974 358770972 359468970 360166968 360864966 361562964 362260962 362958960 363656958 364354956 365052954 365750952 366448950 367146948 367844946 368542944 369240942 369938940 370636938 371334936 372032934 372730932 373428930 374126928 374824926 375522924 376220922 376918920 377616918 378314916 379012914 379710912 380408910 381106908 381804906 382502904 383200902 383898900 384596898 385294896 385992894 386690892 387388890 388086888 388784886 389482884 390180882 390878880 391576878 392274876 392972874 393670872 394368870 395066868 395764866 396462864 397160862 397858860 398556858 399254856 399952854 400650852 401348850 402046848 402744846 403442844 404140842 404838840 405536838 406234836 406932834 407630832 408328830 409026828 409724826 410422824 411120822 411818820 412516818 413214816 413912814 414610812 415308810 416006808 416704806 417402804 418100802 418798800
2
547744248 821616372
3
786196800 884471400 982746000
7
311479866 415306488 519133110 622959732 726786354 830612976 934439598
6
164270717 328541434 492812151 657082868 821353585 985624302
3
322654788 645309576 967964364
7
323597667 431463556 539329445 647195334 755061223 862927112 970793001
15
431558919 470791548 510024177 549256806 588489435 627722064 666954693 706187322 745419951 784652580 823885209 863117838 902350467 941583096 980815725
6
280371550 420557325 560743100 700928875 841114650 981300425
2
743218556 929023195
4
561340325 673608390 785876455 898144520
2
550353058 825529587
6
822875612 854524674 886173736 917822798 949471860 981120922
3
520657899 694210532 867763165
3
304499552 608999104 913498656
29
443025425 462287400 481549375 500811350 520073325 539335300 558597275 577859250 597121225 616383200 635645175 654907150 674169125 693431100 712693075 731955050 751217025 770479000 789740975 809002950 828264925 847526900 866788875 886050850 905312825 924574800 943836775 963098750 982360725
3
485563694 728345541 971127388
6
146187574 292375148 438562722 584750296 730937870 877125444
5
844668814 883062851 921456888 959850925 998244962
8
431473236 503385442 575297648 647209854 719122060 791034266 862946472 934858678
2
342396480 684792960
18
101754276 152631414 203508552 254385690 305262828 356139966 407017104 457894242 508771380 559648518 610525656 661402794 712279932 763157070 814034208 864911346 915788484 966665622
2
474237732 948475464
5
327199078 490798617 654398156 817997695 981597234
2
383139513 766279026
3
270556017 541112034 811668051
4
208404790 416809580 625214370 833619160
13
352130247 402434568 452738889 503043210 553347531 603651852 653956173 704260494 754564815 804869136 855173457 905477778 955782099
2
349714514 699429028
6
146045782 292091564 438137346 584183128 730228910 876274692
7
875495700 894951160 914406620 933862080 953317540 972773000 992228460
52
344752821 357521444 370290067 383058690 395827313 408595936 421364559 434133182 446901805 459670428 472439051 485207674 497976297 510744920 523513543 536282166 549050789 561819412 574588035 587356658 600125281 612893904 625662527 638431150 651199773 663968396 676737019 689505642 702274265 715042888 727811511 740580134 753348757 766117380 778886003 791654626 804423249 817191872 829960495 842729118 855497741 868266364 881034987 893803610 906572233 919340856 932109479 944878102 957646725 970415348 983183971 995952594
3
628058136 785072670 942087204
2
883378920 971716812
6
263973542 395960313 527947084 659933855 791920626 923907397
6
268697950 403046925 537395900 671744875 806093850 940442825
8
284269473 379025964 473782455 568538946 663295437 758051928 852808419 947564910
40
201187570 221306327 241425084 261543841 281662598 301781355 321900112 342018869 362137626 382256383 402375140 422493897 442612654 462731411 482850168 502968925 523087682 543206439 563325196 583443953 603562710 623681467 643800224 663918981 684037738 704156495 724275252 744394009 764512766 784631523 804750280 824869037 844987794 865106551 885225308 905344065 925462822 945581579 965700336 985819093
3
497610280 746415420 995220560
3
435204406 652806609 870408812
12
351987300 410651850 469316400 527980950 586645500 645310050 703974600 762639150 821303700 879968250 938632800 997297350
4
214858290 429716580 644574870 859433160
2
838738290 922612119
32
182668920 208764480 234860040 260955600 287051160 313146720 339242280 365337840 391433400 417528960 443624520 469720080 495815640 521911200 548006760 574102320 600197880 626293440 652389000 678484560 704580120 730675680 756771240 782866800 808962360 835057920 861153480 887249040 913344600 939440160 965535720 991631280
16
583995720 610540980 637086240 663631500 690176760 716722020 743267280 769812540 796357800 822903060 849448320 875993580 902538840 929084100 955629360 982174620
3
404419550 606629325 808839100
72
235383280 246082520 256781760 267481000 278180240 288879480 299578720 310277960 320977200 331676440 342375680 353074920 363774160 374473400 385172640 395871880 406571120 417270360 427969600 438668840 449368080 460067320 470766560 481465800 492165040 502864280 513563520 524262760 534962000 545661240 556360480 567059720 577758960 588458200 599157440 609856680 620555920 631255160 641954400 652653640 663352880 674052120 684751360 695450600 706149840 716849080 727548320 738247560 748946800 759646040 770345280 781044520 791743760 802443000 813142240 823841480 834540720 845239960 855939200 866638440 877337680 888036920 898736160 909435400 920134640 930833880 941533120 952232360 962931600 973630840 984330080 995029320
9
585289068 634063157 682837246 731611335 780385424 829159513 877933602 926707691 975481780
18
357700580 393470638 429240696 465010754 500780812 536550870 572320928 608090986 643861044 679631102 715401160 751171218 786941276 822711334 858481392 894251450 930021508 965791566
3
552469932 736626576 920783220
3
577262508 721578135 865893762
63
182341936 195366360 208390784 221415208 234439632 247464056 260488480 273512904 286537328 299561752 312586176 325610600 338635024 351659448 364683872 377708296 390732720 403757144 416781568 429805992 442830416 455854840 468879264 481903688 494928112 507952536 520976960 534001384 547025808 560050232 573074656 586099080 599123504 612147928 625172352 638196776 651221200 664245624 677270048 690294472 703318896 716343320 729367744 742392168 755416592 768441016 781465440 794489864 807514288 820538712 833563136 846587560 859611984 872636408 885660832 898685256 911709680 924734104 937758528 950782952 963807376 976831800 989856224
7
707728755 754910672 802092589 849274506 896456423 943638340 990820257
2
720150408 960200544
4
757745064 820890486 884035908 947181330
5
297643510 446465265 595287020 744108775 892930530
5
190103716 380207432 570311148 760414864 950518580
5
177117962 354235924 531353886 708471848 885589810
18
102136208 153204312 204272416 255340520 306408624 357476728 408544832 459612936 510681040 561749144 612817248 663885352 714953456 766021560 817089664 868157768 919225872 970293976
5
187015609 374031218 561046827 748062436 935078045
2
751579310 901895172
5
875078132 905253240 935428348 965603456 995778564
26
164142185 196970622 229799059 262627496 295455933 328284370 361112807 393941244 426769681 459598118 492426555 525254992 558083429 590911866 623740303 656568740 689397177 722225614 755054051 787882488 820710925 853539362 886367799 919196236 952024673 984853110
80
36179649 48239532 60299415 72359298 84419181 96479064 108538947 120598830 132658713 144718596 156778479 168838362 180898245 192958128 205018011 217077894 229137777 241197660 253257543 265317426 277377309 289437192 301497075 313556958 325616841 337676724 349736607 361796490 373856373 385916256 397976139 410036022 422095905 434155788 446215671 458275554 470335437 482395320 494455203 506515086 518574969 530634852 542694735 554754618 566814501 578874384 590934267 602994150 615054033 627113916 639173799 651233682 663293565 675353448 687413331 699473214 711533097 723592980 735652863 747712746 759772629 771832512 783892395 795952278 808012161 820072044 832131927 844191810 856251693 868311576 880371459 892431342 904491225 916551108 928610991 940670874 952730757 964790640 976850523 988910406
2
476781201 953562402
2
463263379 926526758
6
427114252 533892815 640671378 747449941 854228504 961007067
52
200113017 215506326 230899635 246292944 261686253 277079562 292472871 307866180 323259489 338652798 354046107 369439416 384832725 400226034 415619343 431012652 446405961 461799270 477192579 492585888 507979197 523372506 538765815 554159124 569552433 584945742 600339051 615732360 631125669 646518978 661912287 677305596 692698905 708092214 723485523 738878832 754272141 769665450 785058759 800452068 815845377 831238686 846631995 862025304 877418613 892811922 908205231 923598540 938991849 954385158 969778467 985171776
48
227515498 243766605 260017712 276268819 292519926 308771033 325022140 341273247 357524354 373775461 390026568 406277675 422528782 438779889 455030996 471282103 487533210 503784317 520035424 536286531 552537638 568788745 585039852 601290959 617542066 633793173 650044280 666295387 682546494 698797601 715048708 731299815 747550922 763802029 780053136 796304243 812555350 828806457 845057564 861308671 877559778 893810885 910061992 926313099 942564206 958815313 975066420 991317527
2
420691033 841382066
3
547200075 729600100 912000125
3
293987729 587975458 881963187
100
324484803 329804226 335123649 340443072 345762495 351081918 356401341 361720764 367040187 372359610 377679033 382998456 388317879 393637302 398956725 404276148 409595571 414914994 420234417 425553840 430873263 436192686 441512109 446831532 452150955 457470378 462789801 468109224 473428647 478748070 484067493 489386916 494706339 500025762 505345185 510664608 515984031 521303454 526622877 531942300 537261723 542581146 547900569 553219992 558539415 563858838 569178261 574497684 579817107 585136530 590455953 595775376 601094799 606414222 611733645 617053068 622372491 627691914 633011337 638330760 643650183 648969606 654289029 659608452 664927875 670247298 675566721 680886144 686205567 691524990 696844413 702163836 707483259 712802682 718122105 723441528 728760951 734080374 739399797 744719220 750038643 755358066 760677489 765996912 771316335 776635758 781955181 787274604 792594027 797913450 803232873 808552296 813871719 819191142 824510565 829829988 835149411 840468834 845788257 851107680
100
645644868 647984161 650323454 652662747 655002040 657341333 659680626 662019919 664359212 666698505 669037798 671377091 673716384 676055677 678394970 680734263 683073556 685412849 687752142 690091435 692430728 694770021 697109314 699448607 701787900 704127193 706466486 708805779 711145072 713484365 715823658 718162951 720502244 722841537 725180830 727520123 729859416 732198709 734538002 736877295 739216588 741555881 743895174 746234467 748573760 750913053 753252346 755591639 757930932 760270225 762609518 764948811 767288104 769627397 771966690 774305983 776645276 778984569 781323862 783663155 786002448 788341741 790681034 793020327 795359620 797698913 800038206 802377499 804716792 807056085 809395378 811734671 814073964 816413257 818752550 821091843 823431136 825770429 828109722 830449015 832788308 835127601 837466894 839806187 842145480 844484773 846824066 849163359 851502652 853841945 856181238 858520531 860859824 863199117 865538410 867877703 870216996 872556289 874895582 877234875
53
558870115 567211460 575552805 583894150 592235495 600576840 608918185 617259530 625600875 633942220 642283565 650624910 658966255 667307600 675648945 683990290 692331635 700672980 709014325 717355670 725697015 734038360 742379705 750721050 759062395 767403740 775745085 784086430 792427775 800769120 809110465 817451810 825793155 834134500 842475845 850817190 859158535 867499880 875841225 884182570 892523915 900865260 909206605 917547950 925889295 934230640 942571985 950913330 959254675 967596020 975937365 984278710 992620055
3
293869929 587739858 881609787
3
310863143 621726286 932589429
11
606968832 644904384 682839936 720775488 758711040 796646592 834582144 872517696 910453248 948388800 986324352
14
535676640 569156430 602636220 636116010 669595800 703075590 736555380 770035170 803514960 836994750 870474540 903954330 937434120 970913910
2
879616178 942445905
2
742280766 989707688
2
626017282 939025923
7
304271592 405695456 507119320 608543184 709967048 811390912 912814776
3
312646924 625293848 937940772
2
710536124 888170155
3
490853396 736280094 981706792
10
301026752 376283440 451540128 526796816 602053504 677310192 752566880 827823568 903080256 978336944
15
515909310 550303264 584697218 619091172 653485126 687879080 722273034 756666988 791060942 825454896 859848850 894242804 928636758 963030712 997424666
3
272974664 545949328 818923992
18
737250350 751995357 766740364 781485371 796230378 810975385 825720392 840465399 855210406 869955413 884700420 899445427 914190434 928935441 943680448 958425455 973170462 987915469
5
489409172 611761465 734113758 856466051 978818344
3
284095282 568190564 852285846
3
450090686 675136029 900181372
7
441653420 529984104 618314788 706645472 794976156 883306840 971637524
2
580562218 870843327
3
466266654 699399981 932533308
2
432640673 865281346
3
301460477 602920954 904381431
6
150880513 301761026 452641539 603522052 754402565 905283078
6
369713604 492951472 616189340 739427208 862665076 985902944
4
442597614 590130152 737662690 885195228
5
525981395 631177674 736373953 841570232 946766511
5
666122823 740136470 814150117 888163764 962177411
7
231089166 346633749 462178332 577722915 693267498 808812081 924356664
2
361793073 723586146
2
336665623 673331246
94
357676540 364554935 371433330 378311725 385190120 392068515 398946910 405825305 412703700 419582095 426460490 433338885 440217280 447095675 453974070 460852465 467730860 474609255 481487650 488366045 495244440 502122835 509001230 515879625 522758020 529636415 536514810 543393205 550271600 557149995 564028390 570906785 577785180 584663575 591541970 598420365 605298760 612177155 619055550 625933945 632812340 639690735 646569130 653447525 660325920 667204315 674082710 680961105 687839500 694717895 701596290 708474685 715353080 722231475 729109870 735988265 742866660 749745055 756623450 763501845 770380240 777258635 784137030 791015425 797893820 804772215 811650610 818529005 825407400 832285795 839164190 846042585 852920980 859799375 866677770 873556165 880434560 887312955 894191350 901069745 907948140 914826535 921704930 928583325 935461720 942340115 949218510 956096905 962975300 969853695 976732090 983610485 990488880 997367275
10
97612397 195224794 292837191 390449588 488061985 585674382 683286779 780899176 878511573 976123970
2
610923466 916385199
16
61375104 122750208 184125312 245500416 306875520 368250624 429625728 491000832 552375936 613751040 675126144 736501248 797876352 859251456 920626560 982001664
75
370706204 379131345 387556486 395981627 404406768 412831909 421257050 429682191 438107332 446532473 454957614 463382755 471807896 480233037 488658178 497083319 505508460 513933601 522358742 530783883 539209024 547634165 556059306 564484447 572909588 581334729 589759870 598185011 606610152 615035293 623460434 631885575 640310716 648735857 657160998 665586139 674011280 682436421 690861562 699286703 707711844 716136985 724562126 732987267 741412408 749837549 758262690 766687831 775112972 783538113 791963254 800388395 808813536 817238677 825663818 834088959 842514100 850939241 859364382 867789523 876214664 884639805 893064946 901490087 909915228 918340369 926765510 935190651 943615792 952040933 960466074 968891215 977316356 985741497 994166638
20
810235874 819997752 829759630 839521508 849283386 859045264 868807142 878569020 888330898 898092776 907854654 917616532 927378410 937140288 946902166 956664044 966425922 976187800 985949678 995711556
4
362019202 543028803 724038404 905048005
2
397204472 794408944
3
595048425 793397900 991747375
41
876146128 879209576 882273024 885336472 888399920 891463368 894526816 897590264 900653712 903717160 906780608 909844056 912907504 915970952 919034400 922097848 925161296 928224744 931288192 934351640 937415088 940478536 943541984 946605432 949668880 952732328 955795776 958859224 961922672 964986120 968049568 971113016 974176464 977239912 980303360 983366808 986430256 989493704 992557152 995620600 998684048
29
498436568 516237874 534039180 551840486 569641792 587443098 605244404 623045710 640847016 658648322 676449628 694250934 712052240 729853546 747654852 765456158 783257464 801058770 818860076 836661382 854462688 872263994 890065300 907866606 925667912 943469218 961270524 979071830 996873136
17
57179213 114358426 171537639 228716852 285896065 343075278 400254491 457433704 514612917 571792130 628971343 686150556 743329769 800508982 857688195 914867408 972046621
11
566719076 607199010 647678944 688158878 728638812 769118746 809598680 850078614 890558548 931038482 971518416
2
405644371 811288742
7
135430788 270861576 406292364 541723152 677153940 812584728 948015516
3
310787695 621575390 932363085
2
408676308 817352616
37
215556750 237112425 258668100 280223775 301779450 323335125 344890800 366446475 388002150 409557825 431113500 452669175 474224850 495780525 517336200 538891875 560447550 582003225 603558900 625114575 646670250 668225925 689781600 711337275 732892950 754448625 776004300 797559975 819115650 840671325 862227000 883782675 905338350 926894025 948449700 970005375 991561050
2
343962838 687925676
9
316992076 396240095 475488114 554736133 633984152 713232171 792480190 871728209 950976228
6
455577440 546692928 637808416 728923904 820039392 911154880
2
844227528 949755969
100
726451895 728881500 731311105 733740710 736170315 738599920 741029525 743459130 745888735 748318340 750747945 753177550 755607155 758036760 760466365 762895970 765325575 767755180 770184785 772614390 775043995 777473600 779903205 782332810 784762415 787192020 789621625 792051230 794480835 796910440 799340045 801769650 804199255 806628860 809058465 811488070 813917675 816347280 818776885 821206490 823636095 826065700 828495305 830924910 833354515 835784120 838213725 840643330 843072935 845502540 847932145 850361750 852791355 855220960 857650565 860080170 862509775 864939380 867368985 869798590 872228195 874657800 877087405 879517010 881946615 884376220 886805825 889235430 891665035 894094640 896524245 898953850 901383455 903813060 906242665 908672270 911101875 913531480 915961085 918390690 920820295 923249900 925679505 928109110 930538715 932968320 935397925 937827530 940257135 942686740 945116345 947545950 949975555 952405160 954834765 957264370 959693975 962123580 964553185 966982790
2
765818116 957272645
13
142555426 213833139 285110852 356388565 427666278 498943991 570221704 641499417 712777130 784054843 855332556 926610269 997887982
4
200459197 400918394 601377591 801836788
65
601739888 607943392 614146896 620350400 626553904 632757408 638960912 645164416 651367920 657571424 663774928 669978432 676181936 682385440 688588944 694792448 700995952 707199456 713402960 719606464 725809968 732013472 738216976 744420480 750623984 756827488 763030992 769234496 775438000 781641504 787845008 794048512 800252016 806455520 812659024 818862528 825066032 831269536 837473040 843676544 849880048 856083552 862287056 868490560 874694064 880897568 887101072 893304576 899508080 905711584 911915088 918118592 924322096 930525600 936729104 942932608 949136112 955339616 961543120 967746624 973950128 980153632 986357136 992560640 998764144
4
208594576 417189152 625783728 834378304
2
811842984 913323357
100
236523960 237837982 239152004 240466026 241780048 243094070 244408092 245722114 247036136 248350158 249664180 250978202 252292224 253606246 254920268 256234290 257548312 258862334 260176356 261490378 262804400 264118422 265432444 266746466 268060488 269374510 270688532 272002554 273316576 274630598 275944620 277258642 278572664 279886686 281200708 282514730 283828752 285142774 286456796 287770818 289084840 290398862 291712884 293026906 294340928 295654950 296968972 298282994 299597016 300911038 302225060 303539082 304853104 306167126 307481148 308795170 310109192 311423214 312737236 314051258 315365280 316679302 317993324 319307346 320621368 321935390 323249412 324563434 325877456 327191478 328505500 329819522 331133544 332447566 333761588 335075610 336389632 337703654 339017676 340331698 341645720 342959742 344273764 345587786 346901808 348215830 349529852 350843874 352157896 353471918 354785940 356099962 357413984 358728006 360042028 361356050 362670072 363984094 365298116 366612138
22
686353455 700956720 715559985 730163250 744766515 759369780 773973045 788576310 803179575 817782840 832386105 846989370 861592635 876195900 890799165 905402430 920005695 934608960 949212225 963815490 978418755 993022020
2
421145472 842290944
15
259982770 311979324 363975878 415972432 467968986 519965540 571962094 623958648 675955202 727951756 779948310 831944864 883941418 935937972 987934526
23
404800125 431786800 458773475 485760150 512746825 539733500 566720175 593706850 620693525 647680200 674666875 701653550 728640225 755626900 782613575 809600250 836586925 863573600 890560275 917546950 944533625 971520300 998506975
100
60643088 61332214 62021340 62710466 63399592 64088718 64777844 65466970 66156096 66845222 67534348 68223474 68912600 69601726 70290852 70979978 71669104 72358230 73047356 73736482 74425608 75114734 75803860 76492986 77182112 77871238 78560364 79249490 79938616 80627742 81316868 82005994 82695120 83384246 84073372 84762498 85451624 86140750 86829876 87519002 88208128 88897254 89586380 90275506 90964632 91653758 92342884 93032010 93721136 94410262 95099388 95788514 96477640 97166766 97855892 98545018 99234144 99923270 100612396 101301522 101990648 102679774 103368900 104058026 104747152 105436278 106125404 106814530 107503656 108192782 108881908 109571034 110260160 110949286 111638412 112327538 113016664 113705790 114394916 115084042 115773168 116462294 117151420 117840546 118529672 119218798 119907924 120597050 121286176 121975302 122664428 123353554 124042680 124731806 125420932 126110058 126799184 127488310 128177436 128866562
3
283105997 566211994 849317991
6
741902190 791362336 840822482 890282628 939742774 989202920
7
383240992 479051240 574861488 670671736 766481984 862292232 958102480
6
824166384 858506650 892846916 927187182 961527448 995867714
2
343208065 686416130
3
768289627 878045288 987800949
3
754060095 837844550 921629005
3
619069948 773837435 928604922
6
574190190 656217360 738244530 820271700 902298870 984326040
3
283695938 567391876 851087814
2
375146124 750292248
30
166814736 194617192 222419648 250222104 278024560 305827016 333629472 361431928 389234384 417036840 444839296 472641752 500444208 528246664 556049120 583851576 611654032 639456488 667258944 695061400 722863856 750666312 778468768 806271224 834073680 861876136 889678592 917481048 945283504 973085960
8
457229298 533434181 609639064 685843947 762048830 838253713 914458596 990663479
67
440341044 448809141 457277238 465745335 474213432 482681529 491149626 499617723 508085820 516553917 525022014 533490111 541958208 550426305 558894402 567362499 575830596 584298693 592766790 601234887 609702984 618171081 626639178 635107275 643575372 652043469 660511566 668979663 677447760 685915857 694383954 702852051 711320148 719788245 728256342 736724439 745192536 753660633 762128730 770596827 779064924 787533021 796001118 804469215 812937312 821405409 829873506 838341603 846809700 855277797 863745894 872213991 880682088 889150185 897618282 906086379 914554476 923022573 931490670 939958767 948426864 956894961 965363058 973831155 982299252 990767349 999235446
2
390498829 780997658
2
766321836 957902295
100
36108110 39718921 43329732 46940543 50551354 54162165 57772976 61383787 64994598 68605409 72216220 75827031 79437842 83048653 86659464 90270275 93881086 97491897 101102708 104713519 108324330 111935141 115545952 119156763 122767574 126378385 129989196 133600007 137210818 140821629 144432440 148043251 151654062 155264873 158875684 162486495 166097306 169708117 173318928 176929739 180540550 184151361 187762172 191372983 194983794 198594605 202205416 205816227 209427038 213037849 216648660 220259471 223870282 227481093 231091904 234702715 238313526 241924337 245535148 249145959 252756770 256367581 259978392 263589203 267200014 270810825 274421636 278032447 281643258 285254069 288864880 292475691 296086502 299697313 303308124 306918935 310529746 314140557 317751368 321362179 324972990 328583801 332194612 335805423 339416234 343027045 346637856 350248667 353859478 357470289 361081100 364691911 368302722 371913533 375524344 379135155 382745966 386356777 389967588 393578399
76
618888188 623961042 629033896 634106750 639179604 644252458 649325312 654398166 659471020 664543874 669616728 674689582 679762436 684835290 689908144 694980998 700053852 705126706 710199560 715272414 720345268 725418122 730490976 735563830 740636684 745709538 750782392 755855246 760928100 766000954 771073808 776146662 781219516 786292370 791365224 796438078 801510932 806583786 811656640 816729494 821802348 826875202 831948056 837020910 842093764 847166618 852239472 857312326 862385180 867458034 872530888 877603742 882676596 887749450 892822304 897895158 902968012 908040866 913113720 918186574 923259428 928332282 933405136 938477990 943550844 948623698 953696552 958769406 963842260 968915114 973987968 979060822 984133676 989206530 994279384 999352238
10
628472656 667752197 707031738 746311279 785590820 824870361 864149902 903429443 942708984 981988525
5
331891802 497837703 663783604 829729505 995675406
6
149529702 299059404 448589106 598118808 747648510 897178212
2
444400150 888800300
10
97296781 194593562 291890343 389187124 486483905 583780686 681077467 778374248 875671029 972967810
3
485823782 728735673 971647564
2
835683540 974964130
7
222955166 334432749 445910332 557387915 668865498 780343081 891820664
23
305132370 335645607 366158844 396672081 427185318 457698555 488211792 518725029 549238266 579751503 610264740 640777977 671291214 701804451 732317688 762830925 793344162 823857399 854370636 884883873 915397110 945910347 976423584
7
134455225 268910450 403365675 537820900 672276125 806731350 941186575
6
279069074 418603611 558138148 697672685 837207222 976741759
5
559621602 652891869 746162136 839432403 932702670
13
331712934 386998423 442283912 497569401 552854890 608140379 663425868 718711357 773996846 829282335 884567824 939853313 995138802
9
194421930 291632895 388843860 486054825 583265790 680476755 777687720 874898685 972109650
9
806884086 828691764 850499442 872307120 894114798 915922476 937730154 959537832 981345510
2
920831208 997567142
4
229241853 458483706 687725559 916967412
2
431267704 862535408
12
81512564 163025128 244537692 326050256 407562820 489075384 570587948 652100512 733613076 815125640 896638204 978150768
3
318379711 636759422 955139133
54
158401390 174241529 190081668 205921807 221761946 237602085 253442224 269282363 285122502 300962641 316802780 332642919 348483058 364323197 380163336 396003475 411843614 427683753 443523892 459364031 475204170 491044309 506884448 522724587 538564726 554404865 570245004 586085143 601925282 617765421 633605560 649445699 665285838 681125977 696966116 712806255 728646394 744486533 760326672 776166811 792006950 807847089 823687228 839527367 855367506 871207645 887047784 902887923 918728062 934568201 950408340 966248479 982088618 997928757
3
464599502 696899253 929199004
2
362431790 724863580
2
547153766 820730649
3
591340983 788454644 985568305
21
632076445 650135772 668195099 686254426 704313753 722373080 740432407 758491734 776551061 794610388 812669715 830729042 848788369 866847696 884907023 902966350 921025677 939085004 957144331 975203658 993262985
8
580892210 638981431 697070652 755159873 813249094 871338315 929427536 987516757
100
821354796 822134070 822913344 823692618 824471892 825251166 826030440 826809714 827588988 828368262 829147536 829926810 830706084 831485358 832264632 833043906 833823180 834602454 835381728 836161002 836940276 837719550 838498824 839278098 840057372 840836646 841615920 842395194 843174468 843953742 844733016 845512290 846291564 847070838 847850112 848629386 849408660 850187934 850967208 851746482 852525756 853305030 854084304 854863578 855642852 856422126 857201400 857980674 858759948 859539222 860318496 861097770 861877044 862656318 863435592 864214866 864994140 865773414 866552688 867331962 868111236 868890510 869669784 870449058 871228332 872007606 872786880 873566154 874345428 875124702 875903976 876683250 877462524 878241798 879021072 879800346 880579620 881358894 882138168 882917442 883696716 884475990 885255264 886034538 886813812 887593086 888372360 889151634 889930908 890710182 891489456 892268730 893048004 893827278 894606552 895385826 896165100 896944374 897723648 898502922
23
810230718 818583612 826936506 835289400 843642294 851995188 860348082 868700976 877053870 885406764 893759658 902112552 910465446 918818340 927171234 935524128 943877022 952229916 960582810 968935704 977288598 985641492 993994386
3
665049636 831312045 997574454
15
215679652 269599565 323519478 377439391 431359304 485279217 539199130 593119043 647038956 700958869 754878782 808798695 862718608 916638521 970558434
2
583611116 875416674
2
344739661 689479322
16
62371051 124742102 187113153 249484204 311855255 374226306 436597357 498968408 561339459 623710510 686081561 748452612 810823663 873194714 935565765 997936816
5
636430248 715984029 795537810 875091591 954645372
2
679085376 905447168
2
390411164 780822328
4
352968478 529452717 705936956 882421195
2
559153654 838730481
16
833776880 844199091 854621302 865043513 875465724 885887935 896310146 906732357 917154568 927576779 937998990 948421201 958843412 969265623 979687834 990110045
32
324103815 345710736 367317657 388924578 410531499 432138420 453745341 475352262 496959183 518566104 540173025 561779946 583386867 604993788 626600709 648207630 669814551 691421472 713028393 734635314 756242235 777849156 799456077 821062998 842669919 864276840 885883761 907490682 929097603 950704524 972311445 993918366
53
684798080 690858240 696918400 702978560 709038720 715098880 721159040 727219200 733279360 739339520 745399680 751459840 757520000 763580160 769640320 775700480 781760640 787820800 793880960 799941120 806001280 812061440 818121600 824181760 830241920 836302080 842362240 848422400 854482560 860542720 866602880 872663040 878723200 884783360 890843520 896903680 902963840 909024000 915084160 921144320 927204480 933264640 939324800 945384960 951445120 957505280 963565440 969625600 975685760 981745920 987806080 993866240 999926400
100
174271212 179112079 183952946 188793813 193634680 198475547 203316414 208157281 212998148 217839015 222679882 227520749 232361616 237202483 242043350 246884217 251725084 256565951 261406818 266247685 271088552 275929419 280770286 285611153 290452020 295292887 300133754 304974621 309815488 314656355 319497222 324338089 329178956 334019823 338860690 343701557 348542424 353383291 358224158 363065025 367905892 372746759 377587626 382428493 387269360 392110227 396951094 401791961 406632828 411473695 416314562 421155429 425996296 430837163 435678030 440518897 445359764 450200631 455041498 459882365 464723232 469564099 474404966 479245833 484086700 488927567 493768434 498609301 503450168 508291035 513131902 517972769 522813636 527654503 532495370 537336237 542177104 547017971 551858838 556699705 561540572 566381439 571222306 576063173 580904040 585744907 590585774 595426641 600267508 605108375 609949242 614790109 619630976 624471843 629312710 634153577 638994444 643835311 648676178 653517045
5
188588009 377176018 565764027 754352036 942940045
100
262326646 265117355 267908064 270698773 273489482 276280191 279070900 281861609 284652318 287443027 290233736 293024445 295815154 298605863 301396572 304187281 306977990 309768699 312559408 315350117 318140826 320931535 323722244 326512953 329303662 332094371 334885080 337675789 340466498 343257207 346047916 348838625 351629334 354420043 357210752 360001461 362792170 365582879 368373588 371164297 373955006 376745715 379536424 382327133 385117842 387908551 390699260 393489969 396280678 399071387 401862096 404652805 407443514 410234223 413024932 415815641 418606350 421397059 424187768 426978477 429769186 432559895 435350604 438141313 440932022 443722731 446513440 449304149 452094858 454885567 457676276 460466985 463257694 466048403 468839112 471629821 474420530 477211239 480001948 482792657 485583366 488374075 491164784 493955493 496746202 499536911 502327620 505118329 507909038 510699747 513490456 516281165 519071874 521862583 524653292 527444001 530234710 533025419 535816128 538606837
13
189972231 253296308 316620385 379944462 443268539 506592616 569916693 633240770 696564847 759888924 823213001 886537078 949861155
2
354529763 709059526
3
545724510 727632680 909540850
5
427777284 570369712 712962140 855554568 998146996
58
420083496 430085484 440087472 450089460 460091448 470093436 480095424 490097412 500099400 510101388 520103376 530105364 540107352 550109340 560111328 570113316 580115304 590117292 600119280 610121268 620123256 630125244 640127232 650129220 660131208 670133196 680135184 690137172 700139160 710141148 720143136 730145124 740147112 750149100 760151088 770153076 780155064 790157052 800159040 810161028 820163016 830165004 840166992 850168980 860170968 870172956 880174944 890176932 900178920 910180908 920182896 930184884 940186872 950188860 960190848 970192836 980194824 990196812
2
589906530 884859795
23
325384785 354965220 384545655 414126090 443706525 473286960 502867395 532447830 562028265 591608700 621189135 650769570 680350005 709930440 739510875 769091310 798671745 828252180 857832615 887413050 916993485 946573920 976154355
33
255754279 279004668 302255057 325505446 348755835 372006224 395256613 418507002 441757391 465007780 488258169 511508558 534758947 558009336 581259725 604510114 627760503 651010892 674261281 697511670 720762059 744012448 767262837 790513226 813763615 837014004 860264393 883514782 906765171 930015560 953265949 976516338 999766727
11
358624116 418394802 478165488 537936174 597706860 657477546 717248232 777018918 836789604 896560290 956330976
13
495148368 536410732 577673096 618935460 660197824 701460188 742722552 783984916 825247280 866509644 907772008 949034372 990296736
4
624772155 749726586 874681017 999635448
4
232389405 464778810 697168215 929557620
3
511215744 681620992 852026240
14
713055651 734663398 756271145 777878892 799486639 821094386 842702133 864309880 885917627 907525374 929133121 950740868 972348615 993956362
33
383560020 402738021 421916022 441094023 460272024 479450025 498628026 517806027 536984028 556162029 575340030 594518031 613696032 632874033 652052034 671230035 690408036 709586037 728764038 747942039 767120040 786298041 805476042 824654043 843832044 863010045 882188046 901366047 920544048 939722049 958900050 978078051 997256052
25
968791811 970064862 971337913 972610964 973884015 975157066 976430117 977703168 978976219 980249270 981522321 982795372 984068423 985341474 986614525 987887576 989160627 990433678 991706729 992979780 994252831 995525882 996798933 998071984 999345035
2
352506018 705012036
3
763885269 848761410 933637551
10
171490562 257235843 342981124 428726405 514471686 600216967 685962248 771707529 857452810 943198091
23
420537392 446820979 473104566 499388153 525671740 551955327 578238914 604522501 630806088 657089675 683373262 709656849 735940436 762224023 788507610 814791197 841074784 867358371 893641958 919925545 946209132 972492719 998776306
32
136592410 163910892 191229374 218547856 245866338 273184820 300503302 327821784 355140266 382458748 409777230 437095712 464414194 491732676 519051158 546369640 573688122 601006604 628325086 655643568 682962050 710280532 737599014 764917496 792235978 819554460 846872942 874191424 901509906 928828388 956146870 983465352
22
44103990 88207980 132311970 176415960 220519950 264623940 308727930 352831920 396935910 441039900 485143890 529247880 573351870 617455860 661559850 705663840 749767830 793871820 837975810 882079800 926183790 970287780
100
94505125 94795910 95086695 95377480 95668265 95959050 96249835 96540620 96831405 97122190 97412975 97703760 97994545 98285330 98576115 98866900 99157685 99448470 99739255 100030040 100320825 100611610 100902395 101193180 101483965 101774750 102065535 102356320 102647105 102937890 103228675 103519460 103810245 104101030 104391815 104682600 104973385 105264170 105554955 105845740 106136525 106427310 106718095 107008880 107299665 107590450 107881235 108172020 108462805 108753590 109044375 109335160 109625945 109916730 110207515 110498300 110789085 111079870 111370655 111661440 111952225 112243010 112533795 112824580 113115365 113406150 113696935 113987720 114278505 114569290 114860075 115150860 115441645 115732430 116023215 116314000 116604785 116895570 117186355 117477140 117767925 118058710 118349495 118640280 118931065 119221850 119512635 119803420 120094205 120384990 120675775 120966560 121257345 121548130 121838915 122129700 122420485 122711270 123002055 123292840
2
486116604 972233208
6
481089530 577307436 673525342 769743248 865961154 962179060
2
368683878 737367756
2
386083510 772167020
33
214413678 238237420 262061162 285884904 309708646 333532388 357356130 381179872 405003614 428827356 452651098 476474840 500298582 524122324 547946066 571769808 595593550 619417292 643241034 667064776 690888518 714712260 738536002 762359744 786183486 810007228 833830970 857654712 881478454 905302196 929125938 952949680 976773422
6
369768936 493025248 616281560 739537872 862794184 986050496
2
936054416 994557817
100
150146340 151181832 152217324 153252816 154288308 155323800 156359292 157394784 158430276 159465768 160501260 161536752 162572244 163607736 164643228 165678720 166714212 167749704 168785196 169820688 170856180 171891672 172927164 173962656 174998148 176033640 177069132 178104624 179140116 180175608 181211100 182246592 183282084 184317576 185353068 186388560 187424052 188459544 189495036 190530528 191566020 192601512 193637004 194672496 195707988 196743480 197778972 198814464 199849956 200885448 201920940 202956432 203991924 205027416 206062908 207098400 208133892 209169384 210204876 211240368 212275860 213311352 214346844 215382336 216417828 217453320 218488812 219524304 220559796 221595288 222630780 223666272 224701764 225737256 226772748 227808240 228843732 229879224 230914716 231950208 232985700 234021192 235056684 236092176 237127668 238163160 239198652 240234144 241269636 242305128 243340620 244376112 245411604 246447096 247482588 248518080 249553572 250589064 251624556 252660048
78
49360520 61700650 74040780 86380910 98721040 111061170 123401300 135741430 148081560 160421690 172761820 185101950 197442080 209782210 222122340 234462470 246802600 259142730 271482860 283822990 296163120 308503250 320843380 333183510 345523640 357863770 370203900 382544030 394884160 407224290 419564420 431904550 444244680 456584810 468924940 481265070 493605200 505945330 518285460 530625590 542965720 555305850 567645980 579986110 592326240 604666370 617006500 629346630 641686760 654026890 666367020 678707150 691047280 703387410 715727540 728067670 740407800 752747930 765088060 777428190 789768320 802108450 814448580 826788710 839128840 851468970 863809100 876149230 888489360 900829490 913169620 925509750 937849880 950190010 962530140 974870270 987210400 999550530
100
101450102 105352029 109253956 113155883 117057810 120959737 124861664 128763591 132665518 136567445 140469372 144371299 148273226 152175153 156077080 159979007 163880934 167782861 171684788 175586715 179488642 183390569 187292496 191194423 195096350 198998277 202900204 206802131 210704058 214605985 218507912 222409839 226311766 230213693 234115620 238017547 241919474 245821401 249723328 253625255 257527182 261429109 265331036 269232963 273134890 277036817 280938744 284840671 288742598 292644525 296546452 300448379 304350306 308252233 312154160 316056087 319958014 323859941 327761868 331663795 335565722 339467649 343369576 347271503 351173430 355075357 358977284 362879211 366781138 370683065 374584992 378486919 382388846 386290773 390192700 394094627 397996554 401898481 405800408 409702335 413604262 417506189 421408116 425310043 429211970 433113897 437015824 440917751 444819678 448721605 452623532 456525459 460427386 464329313 468231240 472133167 476035094 479937021 483838948 487740875
4
368150948 552226422 736301896 920377370
4
448970748 598627664 748284580 897941496
55
382059190 393296225 404533260 415770295 427007330 438244365 449481400 460718435 471955470 483192505 494429540 505666575 516903610 528140645 539377680 550614715 561851750 573088785 584325820 595562855 606799890 618036925 629273960 640510995 651748030 662985065 674222100 685459135 696696170 707933205 719170240 730407275 741644310 752881345 764118380 775355415 786592450 797829485 809066520 820303555 831540590 842777625 854014660 865251695 876488730 887725765 898962800 910199835 921436870 932673905 943910940 955147975 966385010 977622045 988859080
5
446279236 557849045 669418854 780988663 892558472
4
383179322 574768983 766358644 957948305
3
858977580 916242752 973507924
10
91567992 183135984 274703976 366271968 457839960 549407952 640975944 732543936 824111928 915679920
11
283270960 354088700 424906440 495724180 566541920 637359660 708177400 778995140 849812880 920630620 991448360
100
392841064 397305167 401769270 406233373 410697476 415161579 419625682 424089785 428553888 433017991 437482094 441946197 446410300 450874403 455338506 459802609 464266712 468730815 473194918 477659021 482123124 486587227 491051330 495515433 499979536 504443639 508907742 513371845 517835948 522300051 526764154 531228257 535692360 540156463 544620566 549084669 553548772 558012875 562476978 566941081 571405184 575869287 580333390 584797493 589261596 593725699 598189802 602653905 607118008 611582111 616046214 620510317 624974420 629438523 633902626 638366729 642830832 647294935 651759038 656223141 660687244 665151347 669615450 674079553 678543656 683007759 687471862 691935965 696400068 700864171 705328274 709792377 714256480 718720583 723184686 727648789 732112892 736576995 741041098 745505201 749969304 754433407 758897510 763361613 767825716 772289819 776753922 781218025 785682128 790146231 794610334 799074437 803538540 808002643 812466746 816930849 821394952 825859055 830323158 834787261
100
447010406 447181740 447353074 447524408 447695742 447867076 448038410 448209744 448381078 448552412 448723746 448895080 449066414 449237748 449409082 449580416 449751750 449923084 450094418 450265752 450437086 450608420 450779754 450951088 451122422 451293756 451465090 451636424 451807758 451979092 452150426 452321760 452493094 452664428 452835762 453007096 453178430 453349764 453521098 453692432 453863766 454035100 454206434 454377768 454549102 454720436 454891770 455063104 455234438 455405772 455577106 455748440 455919774 456091108 456262442 456433776 456605110 456776444 456947778 457119112 457290446 457461780 457633114 457804448 457975782 458147116 458318450 458489784 458661118 458832452 459003786 459175120 459346454 459517788 459689122 459860456 460031790 460203124 460374458 460545792 460717126 460888460 461059794 461231128 461402462 461573796 461745130 461916464 462087798 462259132 462430466 462601800 462773134 462944468 463115802 463287136 463458470 463629804 463801138 463972472
2
507940448 761910672
27
157564310 189077172 220590034 252102896 283615758 315128620 346641482 378154344 409667206 441180068 472692930 504205792 535718654 567231516 598744378 630257240 661770102 693282964 724795826 756308688 787821550 819334412 850847274 882360136 913872998 945385860 976898722
2
601209039 801612052
100
660841566 662271959 663702352 665132745 666563138 667993531 669423924 670854317 672284710 673715103 675145496 676575889 678006282 679436675 680867068 682297461 683727854 685158247 686588640 688019033 689449426 690879819 692310212 693740605 695170998 696601391 698031784 699462177 700892570 702322963 703753356 705183749 706614142 708044535 709474928 710905321 712335714 713766107 715196500 716626893 718057286 719487679 720918072 722348465 723778858 725209251 726639644 728070037 729500430 730930823 732361216 733791609 735222002 736652395 738082788 739513181 740943574 742373967 743804360 745234753 746665146 748095539 749525932 750956325 752386718 753817111 755247504 756677897 758108290 759538683 760969076 762399469 763829862 765260255 766690648 768121041 769551434 770981827 772412220 773842613 775273006 776703399 778133792 779564185 780994578 782424971 783855364 785285757 786716150 788146543 789576936 791007329 792437722 793868115 795298508 796728901 798159294 799589687 801020080 802450473
3
792162872 891183231 990203590
12
148595460 222893190 297190920 371488650 445786380 520084110 594381840 668679570 742977300 817275030 891572760 965870490
2
661443672 881924896
3
494055260 741082890 988110520
2
864144813 987594072
2
375268089 750536178
7
605845270 666429797 727014324 787598851 848183378 908767905 969352432
8
116594374 233188748 349783122 466377496 582971870 699566244 816160618 932754992
5
180773083 361546166 542319249 723092332 903865415
5
522490470 626988564 731486658 835984752 940482846
6
166426622 332853244 499279866 665706488 832133110 998559732
6
586317040 659606670 732896300 806185930 879475560 952765190
5
579628284 676232998 772837712 869442426 966047140
16
60501734 121003468 181505202 242006936 302508670 363010404 423512138 484013872 544515606 605017340 665519074 726020808 786522542 847024276 907526010 968027744
3
905609952 940441104 975272256
3
316739455 633478910 950218365
2
430694362 861388724
4
901974984 928503660 955032336 981561012
2
821280256 923940288
2
684028368 855035460
10
94400297 188800594 283200891 377601188 472001485 566401782 660802079 755202376 849602673 944002970
4
809849911 872146058 934442205 996738352
2
491120839 982241678
2
395467543 790935086
2
675365958 900487944
2
786213533 898529752
2
554609172 831913758
2
911444860 957017103
7
542952528 610821594 678690660 746559726 814428792 882297858 950166924
3
854007708 925175017 996342326
12
832289700 847422240 862554780 877687320 892819860 907952400 923084940 938217480 953350020 968482560 983615100 998747640
4
664507944 775259268 886010592 996761916
65
123246810 136940900 150634990 164329080 178023170 191717260 205411350 219105440 232799530 246493620 260187710 273881800 287575890 301269980 314964070 328658160 342352250 356046340 369740430 383434520 397128610 410822700 424516790 438210880 451904970 465599060 479293150 492987240 506681330 520375420 534069510 547763600 561457690 575151780 588845870 602539960 616234050 629928140 643622230 657316320 671010410 684704500 698398590 712092680 725786770 739480860 753174950 766869040 780563130 794257220 807951310 821645400 835339490 849033580 862727670 876421760 890115850 903809940 917504030 931198120 944892210 958586300 972280390 985974480 999668570
2
465714197 931428394
2
536601690 804902535
2
693427100 866783875
6
550416741 629047704 707678667 786309630 864940593 943571556
10
171083468 256625202 342166936 427708670 513250404 598792138 684333872 769875606 855417340 940959074
2
443377828 886755656
2
491072129 982144258
5
178683997 357367994 536051991 714735988 893419985
91
180803260 189843423 198883586 207923749 216963912 226004075 235044238 244084401 253124564 262164727 271204890 280245053 289285216 298325379 307365542 316405705 325445868 334486031 343526194 352566357 361606520 370646683 379686846 388727009 397767172 406807335 415847498 424887661 433927824 442967987 452008150 461048313 470088476 479128639 488168802 497208965 506249128 515289291 524329454 533369617 542409780 551449943 560490106 569530269 578570432 587610595 596650758 605690921 614731084 623771247 632811410 641851573 650891736 659931899 668972062 678012225 687052388 696092551 705132714 714172877 723213040 732253203 741293366 750333529 759373692 768413855 777454018 786494181 795534344 804574507 813614670 822654833 831694996 840735159 849775322 858815485 867855648 876895811 885935974 894976137 904016300 913056463 922096626 931136789 940176952 949217115 958257278 967297441 976337604 985377767 994417930
65
15297334 30594668 45892002 61189336 76486670 91784004 107081338 122378672 137676006 152973340 168270674 183568008 198865342 214162676 229460010 244757344 260054678 275352012 290649346 305946680 321244014 336541348 351838682 367136016 382433350 397730684 413028018 428325352 443622686 458920020 474217354 489514688 504812022 520109356 535406690 550704024 566001358 581298692 596596026 611893360 627190694 642488028 657785362 673082696 688380030 703677364 718974698 734272032 749569366 764866700 780164034 795461368 810758702 826056036 841353370 856650704 871948038 887245372 902542706 917840040 933137374 948434708 963732042 979029376 994326710
2
435136133 870272266
18
542503164 568336648 594170132 620003616 645837100 671670584 697504068 723337552 749171036 775004520 800838004 826671488 852504972 878338456 904171940 930005424 955838908 981672392
2
520859504 781289256
3
648334920 778001904 907668888
7
376794896 470993620 565192344 659391068 753589792 847788516 941987240
2
354065152 708130304
3
540912492 721216656 901520820
4
223117768 446235536 669353304 892471072
3
472583996 708875994 945167992
4
777078012 841834513 906591014 971347515
2
493064106 986128212
4
917139608 937983690 958827772 979671854
11
358310136 418028492 477746848 537465204 597183560 656901916 716620272 776338628 836056984 895775340 955493696
3
452870356 679305534 905740712
3
497904418 746856627 995808836
63
396882091 406562142 416242193 425922244 435602295 445282346 454962397 464642448 474322499 484002550 493682601 503362652 513042703 522722754 532402805 542082856 551762907 561442958 571123009 580803060 590483111 600163162 609843213 619523264 629203315 638883366 648563417 658243468 667923519 677603570 687283621 696963672 706643723 716323774 726003825 735683876 745363927 755043978 764724029 774404080 784084131 793764182 803444233 813124284 822804335 832484386 842164437 851844488 861524539 871204590 880884641 890564692 900244743 909924794 919604845 929284896 938964947 948644998 958325049 968005100 977685151 987365202 997045253
6
862816053 888961994 915107935 941253876 967399817 993545758
3
451146826 676720239 902293652
4
745676448 813465216 881253984 949042752
5
447804164 559755205 671706246 783657287 895608328
2
443930107 887860214
2
589771728 884657592
3
682936715 819524058 956111401
23
183991705 220790046 257588387 294386728 331185069 367983410 404781751 441580092 478378433 515176774 551975115 588773456 625571797 662370138 699168479 735966820 772765161 809563502 846361843 883160184 919958525 956756866 993555207
2
606887480 910331220
4
645890928 753539416 861187904 968836392
4
245491966 490983932 736475898 981967864
100
169617168 173655672 177694176 181732680 185771184 189809688 193848192 197886696 201925200 205963704 210002208 214040712 218079216 222117720 226156224 230194728 234233232 238271736 242310240 246348744 250387248 254425752 258464256 262502760 266541264 270579768 274618272 278656776 282695280 286733784 290772288 294810792 298849296 302887800 306926304 310964808 315003312 319041816 323080320 327118824 331157328 335195832 339234336 343272840 347311344 351349848 355388352 359426856 363465360 367503864 371542368 375580872 379619376 383657880 387696384 391734888 395773392 399811896 403850400 407888904 411927408 415965912 420004416 424042920 428081424 432119928 436158432 440196936 444235440 448273944 452312448 456350952 460389456 464427960 468466464 472504968 476543472 480581976 484620480 488658984 492697488 496735992 500774496 504813000 508851504 512890008 516928512 520967016 525005520 529044024 533082528 537121032 541159536 545198040 549236544 553275048 557313552 561352056 565390560 569429064
47
218378927 235177306 251975685 268774064 285572443 302370822 319169201 335967580 352765959 369564338 386362717 403161096 419959475 436757854 453556233 470354612 487152991 503951370 520749749 537548128 554346507 571144886 587943265 604741644 621540023 638338402 655136781 671935160 688733539 705531918 722330297 739128676 755927055 772725434 789523813 806322192 823120571 839918950 856717329 873515708 890314087 907112466 923910845 940709224 957507603 974305982 991104361
14
66851010 133702020 200553030 267404040 334255050 401106060 467957070 534808080 601659090 668510100 735361110 802212120 869063130 935914140
2
451281225 902562450
3
501661950 668882600 836103250
16
431380224 467328576 503276928 539225280 575173632 611121984 647070336 683018688 718967040 754915392 790863744 826812096 862760448 898708800 934657152 970605504
5
387531816 516709088 645886360 775063632 904240904
5
647610072 728561331 809512590 890463849 971415108
2
458406945 916813890
5
183844396 367688792 551533188 735377584 919221980
2
359270066 718540132
8
208880654 313320981 417761308 522201635 626641962 731082289 835522616 939962943
3
262105042 524210084 786315126
4
236144450 472288900 708433350 944577800
7
300011400 400015200 500019000 600022800 700026600 800030400 900034200
4
576007120 691208544 806409968 921611392
2
853723482 996010729
8
211471138 317206707 422942276 528677845 634413414 740148983 845884552 951620121
20
337790920 371570012 405349104 439128196 472907288 506686380 540465472 574244564 608023656 641802748 675581840 709360932 743140024 776919116 810698208 844477300 878256392 912035484 945814576 979593668
2
389413716 778827432
17
522475290 551501695 580528100 609554505 638580910 667607315 696633720 725660125 754686530 783712935 812739340 841765745 870792150 899818555 928844960 957871365 986897770
48
307272840 321904880 336536920 351168960 365801000 380433040 395065080 409697120 424329160 438961200 453593240 468225280 482857320 497489360 512121400 526753440 541385480 556017520 570649560 585281600 599913640 614545680 629177720 643809760 658441800 673073840 687705880 702337920 716969960 731602000 746234040 760866080 775498120 790130160 804762200 819394240 834026280 848658320 863290360 877922400 892554440 907186480 921818520 936450560 951082600 965714640 980346680 994978720
4
396753944 595130916 793507888 991884860
3
287087343 574174686 861262029
6
283415222 425122833 566830444 708538055 850245666 991953277
8
883468656 899244882 915021108 930797334 946573560 962349786 978126012 993902238
6
507856722 592499509 677142296 761785083 846427870 931070657
3
325398437 650796874 976195311
2
370118255 740236510
3
325491518 650983036 976474554
2
678410900 848013625
3
509892138 679856184 849820230
48
160328466 178142740 195957014 213771288 231585562 249399836 267214110 285028384 302842658 320656932 338471206 356285480 374099754 391914028 409728302 427542576 445356850 463171124 480985398 498799672 516613946 534428220 552242494 570056768 587871042 605685316 623499590 641313864 659128138 676942412 694756686 712570960 730385234 748199508 766013782 783828056 801642330 819456604 837270878 855085152 872899426 890713700 908527974 926342248 944156522 961970796 979785070 997599344
51
38011204 57016806 76022408 95028010 114033612 133039214 152044816 171050418 190056020 209061622 228067224 247072826 266078428 285084030 304089632 323095234 342100836 361106438 380112040 399117642 418123244 437128846 456134448 475140050 494145652 513151254 532156856 551162458 570168060 589173662 608179264 627184866 646190468 665196070 684201672 703207274 722212876 741218478 760224080 779229682 798235284 817240886 836246488 855252090 874257692 893263294 912268896 931274498 950280100 969285702 988291304
2
448887083 897774166
2
755163115 906195738
6
259024200 388536300 518048400 647560500 777072600 906584700
6
142882261 285764522 428646783 571529044 714411305 857293566
25
168805405 202566486 236327567 270088648 303849729 337610810 371371891 405132972 438894053 472655134 506416215 540177296 573938377 607699458 641460539 675221620 708982701 742743782 776504863 810265944 844027025 877788106 911549187 945310268 979071349
46
473227494 484769628 496311762 507853896 519396030 530938164 542480298 554022432 565564566 577106700 588648834 600190968 611733102 623275236 634817370 646359504 657901638 669443772 680985906 692528040 704070174 715612308 727154442 738696576 750238710 761780844 773322978 784865112 796407246 807949380 819491514 831033648 842575782 854117916 865660050 877202184 888744318 900286452 911828586 923370720 934912854 946454988 957997122 969539256 981081390 992623524
25
637044183 651859164 666674145 681489126 696304107 711119088 725934069 740749050 755564031 770379012 785193993 800008974 814823955 829638936 844453917 859268898 874083879 888898860 903713841 918528822 933343803 948158784 962973765 977788746 992603727
100
385848056 389488132 393128208 396768284 400408360 404048436 407688512 411328588 414968664 418608740 422248816 425888892 429528968 433169044 436809120 440449196 444089272 447729348 451369424 455009500 458649576 462289652 465929728 469569804 473209880 476849956 480490032 484130108 487770184 491410260 495050336 498690412 502330488 505970564 509610640 513250716 516890792 520530868 524170944 527811020 531451096 535091172 538731248 542371324 546011400 549651476 553291552 556931628 560571704 564211780 567851856 571491932 575132008 578772084 582412160 586052236 589692312 593332388 596972464 600612540 604252616 607892692 611532768 615172844 618812920 622452996 626093072 629733148 633373224 637013300 640653376 644293452 647933528 651573604 655213680 658853756 662493832 666133908 669773984 673414060 677054136 680694212 684334288 687974364 691614440 695254516 698894592 702534668 706174744 709814820 713454896 717094972 720735048 724375124 728015200 731655276 735295352 738935428 742575504 746215580
2
431370695 862741390
4
734251176 815834640 897418104 979001568
3
333135554 666271108 999406662
6
615273680 692182890 769092100 846001310 922910520 999819730
35
319559248 339531701 359504154 379476607 399449060 419421513 439393966 459366419 479338872 499311325 519283778 539256231 559228684 579201137 599173590 619146043 639118496 659090949 679063402 699035855 719008308 738980761 758953214 778925667 798898120 818870573 838843026 858815479 878787932 898760385 918732838 938705291 958677744 978650197 998622650
15
535865041 567386514 598907987 630429460 661950933 693472406 724993879 756515352 788036825 819558298 851079771 882601244 914122717 945644190 977165663
47
880052104 882610395 885168686 887726977 890285268 892843559 895401850 897960141 900518432 903076723 905635014 908193305 910751596 913309887 915868178 918426469 920984760 923543051 926101342 928659633 931217924 933776215 936334506 938892797 941451088 944009379 946567670 949125961 951684252 954242543 956800834 959359125 961917416 964475707 967033998 969592289 972150580 974708871 977267162 979825453 982383744 984942035 987500326 990058617 992616908 995175199 997733490
27
714114390 724934305 735754220 746574135 757394050 768213965 779033880 789853795 800673710 811493625 822313540 833133455 843953370 854773285 865593200 876413115 887233030 898052945 908872860 919692775 930512690 941332605 952152520 962972435 973792350 984612265 995432180
56
922419968 923826096 925232224 926638352 928044480 929450608 930856736 932262864 933668992 935075120 936481248 937887376 939293504 940699632 942105760 943511888 944918016 946324144 947730272 949136400 950542528 951948656 953354784 954760912 956167040 957573168 958979296 960385424 961791552 963197680 964603808 966009936 967416064 968822192 970228320 971634448 973040576 974446704 975852832 977258960 978665088 980071216 981477344 982883472 984289600 985695728 987101856 988507984 989914112 991320240 992726368 994132496 995538624 996944752 998350880 999757008
2
401481195 802962390
2
735404728 919255910
12
208998138 278664184 348330230 417996276 487662322 557328368 626994414 696660460 766326506 835992552 905658598 975324644
2
601737148 902605722
3
770349411 855943790 941538169
2
379253220 758506440
2
663913832 995870748
2
426645629 853291258
8
216228898 324343347 432457796 540572245 648686694 756801143 864915592 973030041
4
219592758 439185516 658778274 878371032
6
946543158 956104200 965665242 975226284 984787326 994348368
8
363338944 454173680 545008416 635843152 726677888 817512624 908347360 999182096
2
342547874 685095748
2
472446962 944893924
6
151114727 302229454 453344181 604458908 755573635 906688362
2
465388263 930776526
36
579126688 590945600 602764512 614583424 626402336 638221248 650040160 661859072 673677984 685496896 697315808 709134720 720953632 732772544 744591456 756410368 768229280 780048192 791867104 803686016 815504928 827323840 839142752 850961664 862780576 874599488 886418400 898237312 910056224 921875136 933694048 945512960 957331872 969150784 980969696 992788608
2
418796524 837593048
4
753753828 816566647 879379466 942192285
16
392019310 431221241 470423172 509625103 548827034 588028965 627230896 666432827 705634758 744836689 784038620 823240551 862442482 901644413 940846344 980048275
3
332321837 664643674 996965511
6
545429022 636333859 727238696 818143533 909048370 999953207
2
395008156 790016312
9
192912486 289368729 385824972 482281215 578737458 675193701 771649944 868106187 964562430
32
87187974 116250632 145313290 174375948 203438606 232501264 261563922 290626580 319689238 348751896 377814554 406877212 435939870 465002528 494065186 523127844 552190502 581253160 610315818 639378476 668441134 697503792 726566450 755629108 784691766 813754424 842817082 871879740 900942398 930005056 959067714 988130372
32
505254016 521043204 536832392 552621580 568410768 584199956 599989144 615778332 631567520 647356708 663145896 678935084 694724272 710513460 726302648 742091836 757881024 773670212 789459400 805248588 821037776 836826964 852616152 868405340 884194528 899983716 915772904 931562092 947351280 963140468 978929656 994718844
10
293853144 367316430 440779716 514243002 587706288 661169574 734632860 808096146 881559432 955022718
4
739811732 807067344 874322956 941578568
4
217378532 434757064 652135596 869514128
3
502367064 669822752 837278440
2
462064635 924129270
8
119428499 238856998 358285497 477713996 597142495 716570994 835999493 955427992
3
809341272 899268080 989194888
5
495522096 619402620 743283144 867163668 991044192
50
361883732 374808151 387732570 400656989 413581408 426505827 439430246 452354665 465279084 478203503 491127922 504052341 516976760 529901179 542825598 555750017 568674436 581598855 594523274 607447693 620372112 633296531 646220950 659145369 672069788 684994207 697918626 710843045 723767464 736691883 749616302 762540721 775465140 788389559 801313978 814238397 827162816 840087235 853011654 865936073 878860492 891784911 904709330 917633749 930558168 943482587 956407006 969331425 982255844 995180263
3
426335760 639503640 852671520
7
380679564 475849455 571019346 666189237 761359128 856529019 951698910
17
960999446 963360624 965721802 968082980 970444158 972805336 975166514 977527692 979888870 982250048 984611226 986972404 989333582 991694760 994055938 996417116 998778294
22
268683528 302268969 335854410 369439851 403025292 436610733 470196174 503781615 537367056 570952497 604537938 638123379 671708820 705294261 738879702 772465143 806050584 839636025 873221466 906806907 940392348 973977789
2
787329320 984161650
2
732597717 976796956
5
643397696 723822408 804247120 884671832 965096544
3
727579728 848843016 970106304
3
953429411 975602188 997774965
9
313097080 391371350 469645620 547919890 626194160 704468430 782742700 861016970 939291240
29
751491048 760229316 768967584 777705852 786444120 795182388 803920656 812658924 821397192 830135460 838873728 847611996 856350264 865088532 873826800 882565068 891303336 900041604 908779872 917518140 926256408 934994676 943732944 952471212 961209480 969947748 978686016 987424284 996162552
2
466822898 933645796
44
589980510 599345280 608710050 618074820 627439590 636804360 646169130 655533900 664898670 674263440 683628210 692992980 702357750 711722520 721087290 730452060 739816830 749181600 758546370 767911140 777275910 786640680 796005450 805370220 814734990 824099760 833464530 842829300 852194070 861558840 870923610 880288380 889653150 899017920 908382690 917747460 927112230 936477000 945841770 955206540 964571310 973936080 983300850 992665620
2
335914606 671829212
4
747788517 830876130 913963743 997051356
99
239257504 246975488 254693472 262411456 270129440 277847424 285565408 293283392 301001376 308719360 316437344 324155328 331873312 339591296 347309280 355027264 362745248 370463232 378181216 385899200 393617184 401335168 409053152 416771136 424489120 432207104 439925088 447643072 455361056 463079040 470797024 478515008 486232992 493950976 501668960 509386944 517104928 524822912 532540896 540258880 547976864 555694848 563412832 571130816 578848800 586566784 594284768 602002752 609720736 617438720 625156704 632874688 640592672 648310656 656028640 663746624 671464608 679182592 686900576 694618560 702336544 710054528 717772512 725490496 733208480 740926464 748644448 756362432 764080416 771798400 779516384 787234368 794952352 802670336 810388320 818106304 825824288 833542272 841260256 848978240 856696224 864414208 872132192 879850176 887568160 895286144 903004128 910722112 918440096 926158080 933876064 941594048 949312032 957030016 964748000 972465984 980183968 987901952 995619936
16
242872585 291447102 340021619 388596136 437170653 485745170 534319687 582894204 631468721 680043238 728617755 777192272 825766789 874341306 922915823 971490340
10
876846687 889554610 902262533 914970456 927678379 940386302 953094225 965802148 978510071 991217994
37
496909260 510712295 524515330 538318365 552121400 565924435 579727470 593530505 607333540 621136575 634939610 648742645 662545680 676348715 690151750 703954785 717757820 731560855 745363890 759166925 772969960 786772995 800576030 814379065 828182100 841985135 855788170 869591205 883394240 897197275 911000310 924803345 938606380 952409415 966212450 980015485 993818520
2
503020964 754531446
5
583843416 681150652 778457888 875765124 973072360
2
476867890 953735780
3
541770933 722361244 902951555
2
339685943 679371886
10
417792389 477477016 537161643 596846270 656530897 716215524 775900151 835584778 895269405 954954032
32
307966078 329963655 351961232 373958809 395956386 417953963 439951540 461949117 483946694 505944271 527941848 549939425 571937002 593934579 615932156 637929733 659927310 681924887 703922464 725920041 747917618 769915195 791912772 813910349 835907926 857905503 879903080 901900657 923898234 945895811 967893388 989890965
16
114024012 171036018 228048024 285060030 342072036 399084042 456096048 513108054 570120060 627132066 684144072 741156078 798168084 855180090 912192096 969204102
4
517730428 647163035 776595642 906028249
3
443257546 664886319 886515092
5
323458430 485187645 646916860 808646075 970375290
18
102087166 153130749 204174332 255217915 306261498 357305081 408348664 459392247 510435830 561479413 612522996 663566579 714610162 765653745 816697328 867740911 918784494 969828077
8
563296530 619626183 675955836 732285489 788615142 844944795 901274448 957604101
4
816893190 871352736 925812282 980271828
100
719719157 721084848 722450539 723816230 725181921 726547612 727913303 729278994 730644685 732010376 733376067 734741758 736107449 737473140 738838831 740204522 741570213 742935904 744301595 745667286 747032977 748398668 749764359 751130050 752495741 753861432 755227123 756592814 757958505 759324196 760689887 762055578 763421269 764786960 766152651 767518342 768884033 770249724 771615415 772981106 774346797 775712488 777078179 778443870 779809561 781175252 782540943 783906634 785272325 786638016 788003707 789369398 790735089 792100780 793466471 794832162 796197853 797563544 798929235 800294926 801660617 803026308 804391999 805757690 807123381 808489072 809854763 811220454 812586145 813951836 815317527 816683218 818048909 819414600 820780291 822145982 823511673 824877364 826243055 827608746 828974437 830340128 831705819 833071510 834437201 835802892 837168583 838534274 839899965 841265656 842631347 843997038 845362729 846728420 848094111 849459802 850825493 852191184 853556875 854922566
2
416516226 833032452
2
427179849 854359698
6
458147450 549776940 641406430 733035920 824665410 916294900
2
512152166 768228249
2
531127038 796690557
37
161737072 184842368 207947664 231052960 254158256 277263552 300368848 323474144 346579440 369684736 392790032 415895328 439000624 462105920 485211216 508316512 531421808 554527104 577632400 600737696 623842992 646948288 670053584 693158880 716264176 739369472 762474768 785580064 808685360 831790656 854895952 878001248 901106544 924211840 947317136 970422432 993527728
7
249783840 374675760 499567680 624459600 749351520 874243440 999135360
5
171666753 343333506 515000259 686667012 858333765
26
431145948 453837840 476529732 499221624 521913516 544605408 567297300 589989192 612681084 635372976 658064868 680756760 703448652 726140544 748832436 771524328 794216220 816908112 839600004 862291896 884983788 907675680 930367572 953059464 975751356 998443248
4
636692217 727648248 818604279 909560310
51
106828182 124632879 142437576 160242273 178046970 195851667 213656364 231461061 249265758 267070455 284875152 302679849 320484546 338289243 356093940 373898637 391703334 409508031 427312728 445117425 462922122 480726819 498531516 516336213 534140910 551945607 569750304 587555001 605359698 623164395 640969092 658773789 676578486 694383183 712187880 729992577 747797274 765601971 783406668 801211365 819016062 836820759 854625456 872430153 890234850 908039547 925844244 943648941 961453638 979258335 997063032
14
507893190 544171275 580449360 616727445 653005530 689283615 725561700 761839785 798117870 834395955 870674040 906952125 943230210 979508295
2
884701670 973171837
4
200215198 400430396 600645594 800860792
84
406520352 413652288 420784224 427916160 435048096 442180032 449311968 456443904 463575840 470707776 477839712 484971648 492103584 499235520 506367456 513499392 520631328 527763264 534895200 542027136 549159072 556291008 563422944 570554880 577686816 584818752 591950688 599082624 606214560 613346496 620478432 627610368 634742304 641874240 649006176 656138112 663270048 670401984 677533920 684665856 691797792 698929728 706061664 713193600 720325536 727457472 734589408 741721344 748853280 755985216 763117152 770249088 777381024 784512960 791644896 798776832 805908768 813040704 820172640 827304576 834436512 841568448 848700384 855832320 862964256 870096192 877228128 884360064 891492000 898623936 905755872 912887808 920019744 927151680 934283616 941415552 948547488 955679424 962811360 969943296 977075232 984207168 991339104 998471040
2
681055095 908073460
3
319285469 638570938 957856407
29
280101536 305565312 331029088 356492864 381956640 407420416 432884192 458347968 483811744 509275520 534739296 560203072 585666848 611130624 636594400 662058176 687521952 712985728 738449504 763913280 789377056 814840832 840304608 865768384 891232160 916695936 942159712 967623488 993087264
3
262721526 525443052 788164578
11
502373839 548044188 593714537 639384886 685055235 730725584 776395933 822066282 867736631 913406980 959077329
7
129379109 258758218 388137327 517516436 646895545 776274654 905653763
75
623320348 628347125 633373902 638400679 643427456 648454233 653481010 658507787 663534564 668561341 673588118 678614895 683641672 688668449 693695226 698722003 703748780 708775557 713802334 718829111 723855888 728882665 733909442 738936219 743962996 748989773 754016550 759043327 764070104 769096881 774123658 779150435 784177212 789203989 794230766 799257543 804284320 809311097 814337874 819364651 824391428 829418205 834444982 839471759 844498536 849525313 854552090 859578867 864605644 869632421 874659198 879685975 884712752 889739529 894766306 899793083 904819860 909846637 914873414 919900191 924926968 929953745 934980522 940007299 945034076 950060853 955087630 960114407 965141184 970167961 975194738 980221515 985248292 990275069 995301846
3
308066827 616133654 924200481
9
458422552 523911488 589400424 654889360 720378296 785867232 851356168 916845104 982334040
54
423848529 434716440 445584351 456452262 467320173 478188084 489055995 499923906 510791817 521659728 532527639 543395550 554263461 565131372 575999283 586867194 597735105 608603016 619470927 630338838 641206749 652074660 662942571 673810482 684678393 695546304 706414215 717282126 728150037 739017948 749885859 760753770 771621681 782489592 793357503 804225414 815093325 825961236 836829147 847697058 858564969 869432880 880300791 891168702 902036613 912904524 923772435 934640346 945508257 956376168 967244079 978111990 988979901 999847812
6
868081896 894387408 920692920 946998432 973303944 999609456
2
750207728 937759660
2
468252573 936505146
4
248415120 496830240 745245360 993660480
21
47164178 94328356 141492534 188656712 235820890 282985068 330149246 377313424 424477602 471641780 518805958 565970136 613134314 660298492 707462670 754626848 801791026 848955204 896119382 943283560 990447738
8
290011980 386682640 483353300 580023960 676694620 773365280 870035940 966706600
12
458832960 504716256 550599552 596482848 642366144 688249440 734132736 780016032 825899328 871782624 917665920 963549216
2
420537262 841074524
