30
100
165353628 942906281 392697500 1005816477 418118218 263918440 546879740 414102138 7289061 752109849 439032471 841477253 744691400 1040974684 774567000 265508160 600857234 468316342 287048626 906758993 202707878 1044922383 1054643992 679268354 739471020 248891698 396176006 667695041 565615118 1032111440 75437047 426666657 411023996 300423037 732708844 46036184 873262953 314647858 603586027 46212927 231499659 54542025 141090046 3377109 424510814 599365637 68393008 331797052 1055003554 433115271 794759956 279709754 8489433 576523353 528311870 802230842 153116874 898079848 429259719 208760777 451770113 333920002 858045389 316438553 757564748 161071196 157436144 1016277633 779920191 312386318 566709463 924815098 220584881 838056084 905761961 491234980 439406909 993444303 634109333 1014885439 430535362 80572290 165491018 984704179 362135524 919993047 710816383 316620680 368418184 828526039 752367980 151521134 876132956 314555381 617668687 678060727 484213581 1020086916 318939113 421880792
100
379750716 121674750 480537068 253538200 772340409 156729305 175542576 777985188 176819452 628976325 963883912 339911219 974365160 958590101 458291449 141617159 494217158 624366109 856094765 386817831 20398530 456163766 950757106 904439391 495976555 309176254 799038139 643628733 779463223 331215638 775624989 216584213 856822780 824582562 407140435 597048702 169380216 808557773 401919931 548850131 247481803 627238402 860715095 664669236 275086328 1066734388 905043277 491680898 1024651111 174086999 165813352 122298342 494279782 1054061284 62469780 788118858 251654307 303396953 424726629 542867934 1060377524 297611447 871137937 1055665557 157859727 100160514 290372209 402399141 1048127762 30157253 827927173 232946443 204241020 33994123 538626797 868244229 810766834 1001436007 107833840 902174614 568192507 51553389 226806905 908892677 543998469 77523766 202464917 458539358 689813726 559085664 634942454 666818287 630717243 543262476 14948467 416027340 144197684 272099679 900493446 897331277
100
556819713 702327244 714674827 514322768 1015259041 395672457 235043046 746305558 441129838 491730721 655082369 496697281 564577183 347957408 639485892 780621533 777488621 425068339 168735962 94225754 794889748 425604525 232917041 643765516 847537238 111055619 501387772 759736875 413521911 1042356944 1061718452 1069542356 527420610 144348626 165524115 164772997 616868482 660707947 257003543 432767653 147970442 1008016673 271559301 669335802 466997038 995397918 715776868 512769841 350956104 86743216 61397502 102416985 661315508 806569418 114581474 213210472 750221011 229304962 1048968549 35135925 8607244 847935889 819430940 72013692 501489479 349206230 591379811 156313181 63249520 659388371 577702617 666748382 663403514 829371438 811482850 1047399908 83434841 105719346 113338148 569384766 716156295 662223691 810595082 72719386 986436480 309531790 395929668 578089102 931441861 837441326 239658821 534457104 466737629 773885192 1008975812 552625406 812604112 572396824 421188923 554744600
100
227648514 305173355 949736961 1003737342 897569930 1025520342 87884481 139084896 136595484 184094020 753785670 1034105066 44455749 1042285119 41254622 726634424 159601207 73984918 677796542 296629356 516968777 976888286 769426046 194189738 599102837 132911340 108959899 1069268381 482703577 1054268508 763578100 616730225 51441462 398464014 968705870 576939734 102471284 949647523 653261776 589503108 85022492 868864004 518952839 967578289 803181788 123521500 457692899 359791260 856944391 1055847449 243288120 577666054 195203347 1059372911 572335167 403246004 569774873 770937812 1023522450 729531887 367716952 522712325 870405683 306666243 932735409 685487872 1002958342 25693123 50942508 130957960 888870226 524137987 390460275 131131813 716552260 718860573 189914194 951667745 847269995 983513709 905911101 344706059 740797757 196620757 934874826 533729848 26496145 183887418 396936754 960602813 738476835 749351428 265613781 38699382 845788436 572204962 908026803 102098563 183492199 996707844
100
148439750 132688773 217345311 321781088 907007078 1050993082 1067493997 544003558 932449102 620287925 192132458 912869146 479460782 946847244 1014383640 649986736 457157753 544176054 165420924 401518338 610392038 583991951 935985183 170678160 878126064 815886295 877296269 956788090 152390870 121072819 541326297 338778120 691301275 530143915 1031919127 732927267 875317895 754710571 186801377 371354073 137873828 955357442 838603219 167846620 646992705 39448293 46915855 485352708 586375283 575824365 809397690 511905225 396627343 547944725 522612349 238822345 190496434 261345981 527571461 1046239048 852808761 1018113322 548512643 267686571 1006006089 58982147 1027655468 376118012 481314376 337190869 124085946 455524457 874219874 240189585 469054953 742366917 679335685 689304585 508851963 458714630 287785061 982976374 702531381 335241925 660364793 488073973 890436447 993107649 767456252 437414405 452922440 471085404 971220717 1001780234 1071715136 1067165724 269565967 586527950 233592477 804990764
100
112770299 395929142 305152472 807570632 249805473 84690923 849865493 755880761 339853750 308524059 471569910 521379471 747480210 218325548 302476856 304292706 270392431 774595846 308039863 410232334 351601135 695113624 340741110 413478704 825808277 98179410 342405276 110317613 894556234 551541418 540324337 84670379 875918298 173422999 1043830373 47994390 513586037 18787865 17266698 31838748 740920366 944080559 246256917 455937329 196916607 883733727 665923681 1058338828 981340611 60008881 57541099 624424744 257533627 42877492 697841495 462493508 1056122378 834454520 185599082 686248420 441583033 290908563 1046922126 44884430 281553076 467402525 783787601 717531021 198514506 108662451 1035335142 635411953 302499761 293477623 336782242 526671500 1008793215 450852238 496822656 1007859255 771231538 355993505 951761566 282413451 853845162 1035719261 857981886 796084585 330201513 738287987 133708742 1058289523 977672538 514677144 899335232 583514768 1036517319 944968966 736991707 75727724
100
941379577 97866984 927547637 407185533 436856116 992164317 124167391 846029777 853514874 977869269 1006729249 361371899 202177812 595116815 23183222 335579130 1009077841 823198059 799797213 58893491 951615489 863645424 637350682 643051373 647971066 685003849 1042005042 837442902 1040980372 588831042 825043955 765989116 804493356 563201360 572851562 985178836 446533028 1019777031 652030570 877345206 57760225 105808289 353015820 1034990430 1011828812 134259582 209697577 35527917 319355986 547963038 879719650 538295143 701165028 371258921 631355161 951624755 529069560 391205863 130834677 562226590 1069542150 314248393 1015161698 87310168 152980875 945928030 241792399 384264949 988152969 943660638 1068341614 412742765 18426373 278929699 1054584887 480682652 130279304 168633387 1033756389 401895363 905274015 278925720 554074807 282857989 288995676 887744944 123565489 889590763 312938194 13230941 731996952 650345697 114272156 920132781 53423098 547555766 707466838 88464211 239164324 608498976
100
794123556 943303721 128929846 677101862 852179099 283548386 447015668 1073223945 955993430 473369833 197184698 554256249 894649495 839779228 727203021 861810855 763666885 740843808 677731029 374759880 162554600 742833372 704399197 361016726 892743984 420300794 906812503 257480910 185147758 206291433 745731477 27416240 44827800 295664861 999770449 402527618 355944522 10580557 438489254 142695181 470443840 840066933 1065795604 53719326 1024125406 196551122 190517248 959046151 311621288 584493992 164992305 139724059 527528650 25995391 165390677 693148469 161329808 794933666 124806010 349616946 142653935 970715807 58810517 914968178 771099899 502881737 5512190 725966171 862326895 533106873 1431538 960326614 1050409512 293818569 290461200 678684112 607736234 134694808 725852125 577149883 132710553 1046005641 443293504 134041354 481555265 916955203 61753094 1024282296 840517904 991822642 317885279 17048514 751572246 1027176453 3041887 210455976 70823564 916316462 874398846 339152624
100
445943909 1009894680 9587107 1014222415 464087845 728554222 605645774 163253308 85466926 1010778276 938896387 516757465 737896193 93623617 814732757 765002895 141581927 463406258 188540511 456514797 455075563 52330566 246462654 194306852 534781019 874940211 401506962 738943371 845142347 128220944 903405698 169216795 906906513 287874137 95302325 234351603 112236746 347298543 990120281 51833301 861377236 1049200277 1041473823 842519719 161971282 22074228 325676989 872154868 61070636 83297943 273268843 205690473 1047619340 522563184 928800871 290395224 1019210209 608463697 963730289 467131960 466507872 1045153780 1047578703 1063124514 238738558 485138932 180856138 342924118 605092855 12591698 233030831 817756852 600296650 430720497 647022928 51646276 1008875963 779679257 843592448 733125294 589518544 173912312 214334235 328261059 176735701 991937052 1031225595 930666738 779954904 13699834 814384772 370810067 661958829 779049835 29686937 846604960 342203755 551967273 257777572 642278583
100
540409175 58254354 306941722 373241681 884970230 51950293 343859182 88936828 955996529 965375456 248291327 775177621 907585554 128840879 850680635 25724294 675981194 916570300 953852211 1034971519 499358317 766046731 631264669 706376818 27309491 324793247 1042518228 224274583 172525881 846618626 457969750 700132330 821950526 852749761 449132357 128482472 246006246 929983470 134717159 442873302 941398459 980340381 970209062 381707194 978047015 279137127 180549393 679438432 625642234 367822314 96935257 254177302 721522154 611568710 432734421 251885040 887591694 549217185 700805374 263739461 977023843 350348453 418031220 900889904 243752775 227911677 81445751 4359952 375351041 732775131 972022894 977672456 246911799 626266997 269336676 395684735 423185781 36822403 143972742 766013602 241817773 907572931 945503654 304105693 748591538 504005494 46978747 238012262 419557308 195904224 764758879 34358962 237673703 997682123 511012687 131992830 34062003 170858756 656819183 568361159
100
1049150941 493586628 61107538 192766501 66673322 532143095 312891173 226591807 67979588 285502169 246079628 232340706 601274761 146682457 781401621 857518595 189056473 770363280 580631316 312739835 74827675 921100342 422989344 670779909 827765686 291500841 401816980 314237633 237078296 141297901 908710927 751215796 931971891 417375271 189998324 154493638 868088443 105605665 793305323 845355202 223440105 758010698 1054489182 200254425 671659131 23161779 862509565 330042143 384991665 565978002 8381242 448288781 605906962 745025475 378996942 911474429 707246757 159382082 510898482 371382194 406747256 869966514 1020930855 602449357 962414877 573017817 847311407 251474264 534874408 347835169 947389201 737865536 650274482 917601049 225853529 527055315 301993433 859871730 79619797 543889734 941352254 443173635 194056729 1050647601 111925893 845249094 106123516 1020837904 609926872 491621592 451758617 4712900 719827813 223011197 973172815 171372048 871802331 449503513 1022936897 814262814
100
867540792 991082455 260320247 755799264 65997447 199947451 1034709774 29273060 706850136 170356445 547786934 71392958 99679778 222321136 544264359 627643701 787824639 1033126122 476828029 191381136 774042413 440019592 871933241 911162909 629134734 71552456 716001726 384657326 742880039 660723309 778168661 1025838103 132204196 605829502 194523946 319067569 340421075 873503175 721413068 842446042 550819364 485014614 152659377 26975347 6174000 721095935 926495151 824004192 241189167 415707865 460175236 437319692 880588160 1019262143 319411792 45571810 241618725 320450000 299230486 61758677 608984388 1031770608 371804991 375745753 371220903 519832133 275687702 602359655 1013530941 241938874 718573644 59412221 896828567 909990271 875351158 962301084 269625452 476757383 255605642 743504969 121208341 970834184 771569254 1016981900 205102097 1018399487 244746569 447912947 794254978 219134633 638123096 1069454224 284882863 812755979 584412186 818255223 667881600 868076652 941453821 93964354
100
409796310 805346511 88924301 497379568 496242840 439892293 166354297 570380310 565525958 171158135 93115693 514995953 109954487 1043812962 857755984 14331681 877760390 926943845 895728529 424891366 369548947 1068313540 654006816 489085608 754194175 485697576 648436786 788771696 626102835 785953309 988378752 441661804 716276569 218133907 12619720 450261870 382725089 163668062 959020363 99247214 968663038 529496758 832163661 752217092 647060263 880234424 867282329 432223983 606463126 225306082 549307386 457621392 494158796 24594331 500842179 748019311 832505099 988126121 1036572488 718203573 264998363 456314297 634122339 838134449 524452230 607569626 51954416 780194900 277362075 532428290 112368209 715808180 408893038 481683592 96542954 550133132 31906711 1066840744 213105830 645446587 961014895 294512643 734264176 373813697 748770454 816473116 61411259 943725381 623306864 19276507 562978043 192648849 111425955 106719502 161420330 1032271124 936737690 405568739 666427460 241695711
100
1070263920 1041736395 443053097 481792855 625176620 302792771 84904907 1058070855 489504626 118521015 182650309 328943951 341056773 281667635 299334327 887864112 223860103 617470791 714074473 748450668 579099136 490242954 382654275 855134155 73689182 224985109 331022549 67908567 1003537391 578063876 416914001 718306655 209583592 153273593 920657932 123504887 860540385 998564761 62895873 22431351 567343703 142224396 193731917 202366328 117100841 531845249 270543540 503669210 715075612 755429288 1000464667 28088385 543563095 371794230 206048524 835242643 477622247 1041764965 704869941 129281147 45680700 164606577 149790697 508841962 529799339 35024668 899619229 815868304 395640298 376766762 718233452 654452071 22423446 900417766 434129556 987876137 193106096 674511516 574034423 338981589 116279324 430627612 226810523 148932910 721914145 102911038 157341738 842720316 824337388 281209176 14024051 554248137 828438028 557741001 717634791 347879908 37368567 99438450 474306845 1054132066
100
10932024 810370382 128178264 386878319 346460548 544085465 1037661346 82978777 605088962 1012629696 378755168 608252357 736652261 142208554 668842099 29030812 897997538 768415967 332928772 680356010 619209520 267009743 787490814 225081759 593836110 265281931 132433295 625705230 110777405 1019549386 478344363 421856753 1000653826 916613350 844036489 772614691 787940390 254166876 1049328676 664183524 559803702 171378512 89177275 543310169 453423170 926184454 463853649 321456906 899146594 1069215594 80616749 348185187 112172588 846865033 926707548 232636211 207136320 50413078 836681002 428963631 491301821 832752358 783516589 197924464 117020104 282200692 735798074 157206513 871358220 664528734 949535725 155405842 750780981 52262374 804227622 220859160 111474292 588907633 248961799 496015786 448379902 269663244 539947255 467858773 824703117 327274722 216858657 191443722 601727965 1025196743 992946934 134465947 479970352 439692720 187336359 1073244737 980433611 112831033 757411756 743532825
100
155467294 1072590399 831632802 1001140737 1045224642 596044513 146760512 687525050 813856683 803926741 252101053 917437175 515317507 204524704 544736707 277418130 436187673 913120400 815890786 128538471 417931230 688871729 705195152 586107864 384120681 782782425 1002585509 542370122 424740979 558676253 581997019 93390502 1035391964 117824858 706848212 380093144 120425508 956451117 366435859 152568147 989324786 125342203 632741761 316339852 1053096081 409873002 698529770 74630267 355757678 332678886 708941438 899753757 125846939 195875357 28546128 748105972 91103312 858354051 494406874 263198597 116008292 603363791 151389815 571019225 82669784 623162236 249113320 59259645 831657037 593579849 871714768 757375618 829859720 242379450 270700344 713114877 986933493 472237204 191098892 573387400 685960737 86393189 392863387 370850111 75523135 745103353 302495003 639607236 1025335460 103202278 467571746 110132156 259080524 1066118145 349817646 222886480 562306386 480039655 505712927 800284845
100
1039656822 933940408 211877508 850220204 73887568 224505121 621132938 959697008 343577951 249221735 921221369 965761395 278072907 971245051 102495246 173239305 1008405766 389382959 1049431177 185774248 517293889 108056508 71371824 950852713 729352692 485631039 894256204 620306827 554458586 154559671 442448426 499396592 447626226 584558857 44409755 691848607 96653823 224548220 271348596 540135232 45340425 444908350 167638543 415504547 146206682 643528925 563805641 107842873 21767042 1054601934 966532994 780142745 879124436 94370793 596508448 310228733 175115751 563320298 995798028 1005389250 496875157 71791090 1053953458 663364588 272676607 1021966597 2318342 670569119 571213063 287892618 442089466 978535847 175965140 444425934 523094025 826790897 853174354 883221377 230571184 227358736 108735919 541603895 33671407 350855353 877107679 454268136 889440972 991875399 681988634 348185712 373174224 979538487 994541401 383173904 1050829192 189051309 142607068 723390699 1042498053 103060462
100
185595530 215103580 446190564 270915071 683581785 954289447 862417821 758266353 804942375 52188931 268115148 140178892 884328362 1001076496 375779655 945997731 568940281 422520180 593849223 974500045 578491408 881659352 671010603 655137380 736733775 200735721 916040053 244386249 146703611 805738456 1002037707 781378846 1057515452 100315867 12278327 383928266 895522589 443147178 19996648 354379513 121409808 402404098 231353263 605193754 260986215 368957478 836612739 1029569375 250953308 450692441 318834173 414991424 956393738 518308965 206111965 406596088 575385073 331801367 421075843 489485831 1063528822 902229952 1034015862 95205038 584668256 865617333 1030813921 520786806 786017373 172042704 448086289 762261929 1026681979 177534702 186094840 92088535 380229039 504846959 155966637 417040211 822183761 156934329 750477546 47998644 286353310 439030197 988461965 380735573 483302453 672750929 947738647 752955860 523637403 238426108 435717168 837591446 1046485175 219170604 380112929 73085762
100
340327899 172392280 77274178 415723688 189663494 72009960 359295045 982416577 286108717 503162886 800718272 823045657 313880022 850951309 423408232 908514316 164492299 535804795 18116537 311066971 709226711 82505586 38758258 925471914 155066060 340543800 271013911 198201600 229133696 734642231 473227630 193070666 202079755 280609534 453568770 357583319 117378954 576026558 668864164 783335133 774831008 215125197 743715044 311652083 502997744 179738918 493355420 247181973 302229924 201723112 320383590 522037668 892625897 758165971 1013809441 759317475 975262320 31308750 902679664 401856891 784740079 435775843 333223994 766858103 251332766 296105025 155884075 314958921 825225403 787714489 709895730 565399620 155301638 175915842 885076737 868009503 628733509 38680310 804089489 612910968 973779137 12449810 733897371 317497679 127712456 856141690 583379231 382858375 700072233 635417650 120402145 577425000 573571515 542419942 247173607 189255968 112344022 1067793251 643723772 101182525
100
149636892 300742961 900146484 482643105 532595622 554980951 229502942 285171223 322049596 245388165 750982901 241813411 1019872571 328333976 56767644 776421811 1062418599 867584430 280541908 146520374 230116005 229570474 1038846984 206314531 70477823 77547700 642196354 724825586 143818915 770634422 689720819 1042422817 407701540 164958687 944468463 472804016 632309303 832384292 885024878 270176421 661600056 316164794 274785613 53472393 138345635 49026206 456093643 776763626 912317851 850529549 396684044 569428183 758896486 236507916 813870746 1046549607 895991278 536442593 815738591 86725938 30141506 647159447 728708523 94663382 45319443 559757951 458074804 103710579 33112887 86477226 415493137 878314544 497867306 800140911 877967039 372530612 13887112 674337515 713793308 794110125 203976340 914349436 542316911 209501773 989262517 516732230 332599902 819314887 847121907 471865006 878319477 808171479 342992510 135084001 571674534 430488887 528723496 978222414 747209668 921450795
100
255557160 87979783 193769206 225214290 810227941 30396299 827758946 639765292 773035969 930369232 635066173 411827156 930800956 802036283 505096150 207910098 1040765080 894817172 1030829956 754776143 596468316 1004552583 485538847 698750873 562905299 939558947 686301573 741127075 925246606 239661405 977749527 1015991682 240999646 564938126 973195065 189392625 906650715 780252145 213802453 635761358 30377312 233655078 1030048473 731370907 500338316 867107250 492819380 842167806 673683266 916082301 429575901 765812033 773837866 976769362 329138252 382592978 1072593838 508988258 642516479 6817220 693484158 797190081 504861815 55020365 38647820 834655208 348701496 758845766 920103697 81274929 287025484 674915758 426704390 272670815 47155649 566397991 264930220 442311699 871813158 344018551 769637252 763764568 278535442 951213321 526001752 860302104 905994909 164626282 335063728 1016743332 321786085 41505996 1065552222 69311280 74273419 699409542 575234547 362929748 1005672755 248528529
100
742338700 971422216 467823629 973595637 121543353 243456565 942469050 1073393372 726537631 551840621 253990528 176435103 76882533 1037498468 840521703 614683430 605025047 30114131 894797471 413126683 553067303 160966776 460230906 868752238 1026949096 902885012 470569325 323579090 171008274 885751659 359919379 492032829 828444993 933236295 41897513 1039948140 847103606 783893110 551686291 999242332 524659348 717566919 232662614 977544658 454652900 119109393 30010908 327587029 720637330 316422829 1024058803 960769582 813617197 109343479 727706254 972241647 21252651 864229072 1018300994 507718377 692295778 69692447 883614475 94972212 241585808 303064139 1020630084 456835243 412807125 297601219 387399410 948473965 949352244 302905206 682104378 275451998 628846614 382332763 938344423 133391779 804462278 628583659 567985381 938624810 392771829 874337954 1034932680 768012832 612216376 163363201 541689670 644361848 702808197 144020879 844372665 718889835 859155642 176732755 386664094 696105971
100
807973724 862718744 603675470 459231166 55297209 1072348781 228630913 226079545 372307841 824814984 41779155 216730357 411711053 775425142 329440589 961841600 872249785 1028323049 20581185 553754703 569312487 168640696 526797248 546592186 346468859 719902301 253910050 229912574 1042435744 350989685 680275330 880913530 925304961 2770244 810583360 634407026 157542865 415348526 908643197 308877711 666330564 987453247 110943650 903345757 803861779 575923364 779809497 562376396 695190140 686311984 716673170 253613232 352544576 671739608 61312768 1066177601 153860004 364680759 1053175194 302324892 134127472 1042272523 108607386 753145920 850595443 226885046 595933313 140883345 1070855421 960157886 673431697 695517016 556159075 928750925 955103569 554976577 378816382 543339953 873187853 858117211 61822764 122223581 324979796 495861660 1033604814 257853927 177361016 385546331 796253385 154999432 239809041 46790356 596077317 712374687 635714683 97923752 936905585 98403502 627760979 506112858
100
76954459 835580669 501088466 99028382 37576689 1030786337 798530526 552537037 417015772 1066591530 428304044 136814088 460880945 88295622 163386706 173107664 947669539 516497513 356777543 328636330 1060266895 414974921 962757350 246329246 236842865 607706723 483657714 250709435 33122925 233251829 83394061 741029521 394671943 666899714 826047039 21181365 344833899 365564753 356245110 252207168 917906278 37357166 945885696 481574224 420248426 430755880 402835986 267855494 996583374 342544657 121791045 513777287 419344780 1038580994 774685971 741256060 99203778 535756692 937419870 501957521 491552561 859041959 901169642 809945465 611280065 992942303 1002309598 547657960 689183739 1065567778 15937863 248947480 196006029 693579803 470827669 299965253 409266634 660040890 199627293 467088177 200497960 525497522 411508885 820176801 601785536 547403770 12911002 633986269 596485073 1053475405 365057069 310463284 171168573 941584298 479939378 631438198 262708234 271331540 208061936 232084344
100
306798546 85063828 1048081044 1015191443 78423152 702063789 757751334 183236496 817064125 542892465 99892752 906648687 156720523 328824183 1009953078 489201001 620695283 4570299 243991043 970994398 874285262 1045046174 209707747 641119950 441191228 829042211 745970375 196801888 333762337 156307635 155171236 637767007 506321571 1065998490 779398387 758194359 749266350 270804104 859597875 794170621 304434800 486672 55129443 434496485 680336861 574020908 505502088 915274697 782113836 864533175 84220205 689582121 117503319 311189233 134451422 239516197 7368095 263569151 588297644 899795205 316843527 267224169 607019436 316580530 166097108 36353435 603615352 758928442 682014227 918744676 842263468 98693711 809887763 1031415929 940132202 676489673 360941543 227742707 977383127 442097696 517847525 560070605 361980059 722904050 413198889 488919655 129571685 855616899 144146707 253661702 404265573 822783800 256616388 356711761 990650832 324253211 822942886 987935701 455154528 602430043
100
791375491 199082705 77103048 639778790 192137261 165667429 518956635 562474472 1050154508 342269793 800180908 320995934 417976381 479811214 529716858 712083843 577997375 1058900153 753377575 375418838 462650230 1020122931 76906553 388105882 103716780 799281233 177039323 39852119 469645195 153635821 1014733657 170872151 616190244 1073158115 193785256 863739946 891437162 842052757 74158555 215933475 1042685880 719544680 517307311 588468184 968011847 683850053 409882624 611595685 820105913 1019092761 279897426 557753386 227643281 390609493 907301961 444871881 665038776 593593198 921737265 503438889 73917690 515367006 310296439 21813430 217219719 913133857 421309485 721916702 375506290 274181177 617374858 1024505557 894676277 281766699 358544232 517880978 1007576108 490964736 636147908 460755152 823998485 343434437 57674306 45729870 40116886 884462091 650871719 32302223 921428407 831525223 375154525 867772507 669556836 169866995 503099122 1007778876 398274284 161354956 1043295129 548397826
100
1005123474 229021351 857538112 766343877 137523947 176321047 225682124 961343530 337116671 585922823 391281987 911869588 163192829 250601529 78497410 879020230 463793301 800171667 74647598 166136296 698060925 174732703 556855597 929533447 966323693 532845068 708131371 531219092 278350114 309795883 399677975 334235361 384894174 174186610 29412003 292979880 476868326 55474173 717790407 872192131 4496515 20543752 422452542 244501108 968972034 903706486 797624583 322655839 1043339316 1034917197 1040830949 793461899 156243694 1018012472 272134880 153752102 495149962 228577539 266097858 439216574 693572709 682618403 830603931 899050440 540312159 544750124 62221886 736626460 1011717470 384550232 639009985 539615607 269885643 364536071 565957377 315117559 98324499 135405625 412432924 471719843 743580455 769681430 96515061 249884129 924449532 49582183 352528307 18075902 715666956 1051071514 735530562 132485290 51109076 48255425 449095376 168898169 91250260 196467731 300972881 695303779
100
853367402 538637564 731877188 258050327 616167748 930758860 927048541 1034522992 919694019 807781377 839956689 102505390 701593389 67330204 165061161 1011208935 59186540 208194022 954642129 477660083 392774542 501410025 617800600 676612271 110688070 987058421 207602484 899270397 981024361 971228189 402171580 693598914 524318579 693618616 103196204 163845031 774195712 754206944 466358500 156754265 688465747 266948854 908490281 771182602 63068882 148490780 450444707 1061188845 426224263 975524793 679661533 927836861 910133153 216540921 413028041 159333943 825544433 560139083 431218233 857615003 166926702 868047585 655981671 837412399 51158193 5445427 700869230 753090236 969644921 654380412 469443790 333858319 261187113 153160507 532671468 988106361 316992325 573055668 914087055 1037498192 949147641 655949677 237410405 178866540 528566418 222055089 651591292 114025386 202967298 886120464 699233225 639842157 40265056 413635037 677788580 829871384 676563558 265764271 587489354 715966613
100
587460832 526953306 895747537 963409797 853695761 348925529 717219133 261963975 837737636 727964462 125218895 306152960 1065895745 380546214 863321599 701050529 115398226 523263729 984194890 552932793 544676230 110802979 784784307 325606017 420019025 262627508 303283645 8470737 758306155 421809153 462860146 670146984 1026331981 703901896 489727711 671542183 945221815 34116016 343483029 801223574 76196397 42784191 929904170 958321887 828106101 97906914 507750070 708059662 465800218 231152744 66590551 771925335 48284140 95952775 928990637 270561552 851732862 857450454 1054234206 681312306 377010343 375927249 551498131 800794332 917953794 738558297 1010560889 595038928 654094445 859875889 442193090 47897588 653557134 529049730 791174945 94119123 174117961 511019351 160358865 547441434 234778187 727458594 273101327 440772635 470688643 1064328758 112911259 730358093 662236835 196611402 1041536316 763644105 817889699 273700348 114085177 483610063 1009445439 315074892 793109984 247430463
100
730745885 474548738 241406497 1023510791 549416887 276185461 974984734 378031614 180673096 133795217 603066884 639090468 228007774 639047092 701255237 1001621641 127690862 308306878 883696504 851565824 895995217 195342485 271899351 107219616 802897090 653148323 372547264 731717444 409859297 689885267 1007287093 922262795 1033472946 704450711 705228379 396574424 1068468127 935670629 658606334 1042795731 77170674 42895413 239738636 423756006 390462812 790112389 837748758 796490560 633565809 281982037 317321170 7784150 793535529 857546412 167949979 88370653 432384609 173705745 339468783 451812945 342978648 484914450 15506672 523230834 601406770 894072512 468338916 187126082 825068665 912509745 270769589 607718152 1034385047 989917181 693066354 798750159 681371996 40571074 227575244 826066407 224063614 196936609 36847258 585858659 469601812 705992126 282926165 1023739290 919249691 200337347 753409949 504023463 198273010 676321885 178729650 450524393 416314589 73173694 886651387 91730563
