30
100
658456483 516540776 290256991 270613461 505375845 359405402 959929966 7929950 277988901 349284841 602859478 105944697 692499300 605131286 632266368 925317540 748449303 944841591 212378380 1066630444 7503399 491401910 779931468 593425079 1006765039 401253392 121972935 1040195771 226808513 250038743 176104247 854378756 850746209 643568369 697348875 847150898 410085000 80972118 516698086 358846264 889823074 693084309 1058932510 366359519 403172881 321770576 802045502 454303041 964076072 1040225979 553633156 550520654 166882608 481824545 416782947 26812490 605105446 280242271 779467267 275578701 115836667 312078183 254403516 989260481 817320211 604389823 193866655 590196456 135318983 712494079 896621805 1011827796 15775203 84564055 180038813 1014138477 312808232 131951878 78920666 556349935 579005131 155204324 643558019 451699561 1052162036 368892889 263584170 810347966 599373376 861725027 792329749 253927592 238419008 247542549 634299072 255026992 174286328 468139282 351976281 520939063
100
741699222 439756483 822764273 42016486 984156269 763658644 62978405 336437227 20921210 885237910 239870702 430648641 770938674 542640969 775195837 898149299 917358622 287362656 837500500 472470654 481863261 450739776 1249292 2576336 698127391 829493636 689074576 683614032 276245547 849804155 631734368 359520405 673857626 158142120 578317903 271331245 603727897 446918466 1037711366 923816344 159604459 116512178 172469119 358649547 603419365 273309975 1027784330 459330990 507593521 486816197 798635339 593820958 1046777483 632816577 961386682 972152556 907858375 373825863 9010465 234308187 499611209 230606149 141957282 91002534 938823819 871093725 701639087 836402552 222129819 250388199 613690768 127608178 153826970 503796844 655091425 165377192 39966014 42231084 1010709520 346489636 21953616 711957785 276116963 227075426 705098031 74127322 540984817 176899794 656665420 1056834377 861093156 782226522 348308140 956903925 975079997 297465553 871820905 340491681 31823952 170646917
100
236976579 952239427 335239350 441016773 501216774 669919316 576422937 985793916 462606536 538667152 510804309 214950589 483760541 281863005 906527369 479159688 153387978 686842609 602432708 46473198 569387210 741319896 183769740 376240277 505977549 498331762 339715672 915450165 69748532 1045822834 1068983574 268406045 539535639 561261152 1042114726 465682350 279628735 149488408 979870300 341871327 628989228 232527689 801693058 157164984 961286287 426189047 149850580 158778071 14487761 357137146 205346306 361033454 107954955 170125181 135698993 790839106 718969100 368486015 158372474 526733358 291615703 47963221 642476394 54662046 240981537 188237862 214766209 76115861 204089047 98323054 386790579 662645927 487064470 164576124 450913514 1047868543 466363185 381620723 203223169 637476954 278448175 877549901 255686602 630790027 167723851 129661011 156309642 836500981 1043858930 345261990 294840440 379122324 324699336 981792826 674070465 7740916 549382691 123292117 1022710663 921096376
100
567087509 539222109 412676629 1055948104 651235431 777888973 363970132 745681603 272963984 680324050 880006483 312931109 559974696 794519390 640194821 630676170 574818970 156539605 325508077 368376512 694660902 838538640 269541287 3717961 250893408 794459484 413377376 456855133 723475118 316696824 330400345 229634597 774220749 428214938 329392743 355517313 898306380 378841707 1041347190 347988099 1067375375 865005830 258570498 870456050 58643917 386466301 713798300 853670600 17994131 863594068 95207531 1000394933 297334848 374130436 246654632 36018329 530723847 247887737 314301217 988392461 789571056 729272341 227697591 140199131 301313110 475551915 122176736 71159682 867432810 1053344516 255082533 886181299 669465007 940225886 889053861 284166358 210061948 167208167 428598160 830264454 482558077 1023344710 317706926 837165329 125664818 297462291 665392854 210607609 958143087 731693914 383335543 860761205 237868762 226772509 1011061778 1065673200 288482929 273018831 540156093 407362185
100
845970393 748279458 414505874 753817776 1069493784 303573374 327271954 946680435 374795613 547613474 205052227 645171864 1045179884 957053430 566936852 278387774 541567998 93994865 828411047 205834968 645920319 427785890 731330772 624449711 988661840 802189994 831478437 334785885 616641862 71286079 310009304 837790802 1046585897 686040363 764390240 712612690 478318710 229156043 261331941 210573556 102185118 658491537 509229631 789259045 204403845 78929283 133158398 236449187 671382019 737243065 911304165 630474883 80340326 115054818 1004452459 300766892 33264622 64331456 133201977 767333466 172215888 231367079 909906606 938618267 305742644 689314562 921640542 193176789 830624183 334031823 548213646 383306046 271000554 33340190 953706682 242285923 287086929 750281877 567389456 192597410 978452836 974796527 706112243 609736367 432776721 771998328 711580280 306641939 244590136 851507091 1014064108 615444136 730767406 115643700 376369740 398656286 561228859 131327847 67311051 561797242
100
563860935 119600720 757157522 162843777 636043783 664671733 181750930 644981136 759084653 453501833 233494393 354430816 784426066 967384335 837941405 806194559 741831331 686359101 599585827 998063213 689020003 1047418622 953503624 652857375 614080295 581973488 890972187 79719036 950204824 618574567 998824320 522257891 256735733 88952168 743765038 393056164 465902734 919155503 1072464882 766628482 587709002 981815977 595568234 607007031 722798370 92683643 958034315 848244976 404709539 297261817 579086876 597414861 412609648 404155055 727632441 124044131 36701886 882398940 1010882512 457067321 724173015 532174578 1036225319 672080718 479408023 1021010456 935282004 515771025 859916786 938144168 103831235 700985704 648877932 265819057 847123893 38433834 906260127 921554294 488522939 369583525 755860409 622677484 684640575 859056536 196445947 330166336 98546171 1041637178 476353339 486215247 289901951 733698994 779152483 640262957 947654831 475526300 994807280 201309599 944311619 923933322
100
122143392 438286406 407307137 669103379 543784928 144195736 982689144 1065363978 354618944 824161644 35930333 909972260 109806679 772553930 959036175 949832515 550074608 563190286 459000036 212814813 824661386 1062208615 99936549 337701756 175077591 1064783193 10301198 450784317 716843325 465065788 454352079 471128658 286742360 58645434 178769421 145865344 348008566 707625557 162771553 599394466 447512857 794183390 986388440 974292516 970975097 640233471 943670641 345200776 965924351 781407667 135980450 75560932 405235147 667432904 601325780 331640162 883554608 19883108 576178146 863822272 135638578 334524029 435203742 1019509710 381985039 1016542303 1066096204 952274674 632684211 562722346 522831909 778377639 177465154 810466386 156794838 626758649 547561618 550473245 945210878 657264139 134650030 992540713 1056955059 142843537 402700372 833315555 180285438 772219222 404522360 504609040 555218010 291587512 661165503 372366920 143600953 71626023 875417861 427259254 1006215551 278059433
100
237565786 511726597 502639705 94781946 573249799 635457047 915354595 927537378 682000997 397507063 496044810 187994684 989582512 96357720 735741731 586417764 952238327 750142435 267777687 678280943 1070132894 935668149 537866085 1033136419 442135004 853095903 633171357 618944634 791908926 614593765 750420454 576100643 871375138 546440000 652300281 531878529 1071816765 544053212 688758051 309393834 580024342 472899226 498544327 1015010281 240811656 642851535 190986458 616384828 1021431108 163039683 910105701 250054358 812181580 98442548 898856455 239464862 438645881 217507280 247889009 158132399 992263671 387634622 153792231 684152790 175394500 885572374 920572869 886053399 142726452 172143204 543180536 472198185 754260592 76656937 430479489 887009013 158910706 674922586 149977846 265533979 288211722 283971295 275907073 532086380 834849116 414762005 499396831 154482801 275411296 613390925 447338721 746549987 170486753 52562251 476956654 468392241 204938111 576569543 942032640 1049745917
100
521745135 326756514 287005087 1055741107 431353571 582985593 303740064 1001375533 163826488 110384312 715772480 190193034 32432246 608130730 254576370 345699597 885150618 629192492 660965083 945796048 302641301 94536239 138881110 535121724 64787658 854029371 757724786 99050131 697919892 347142375 693310322 915641702 778170046 938899810 1039428428 127357471 1071305993 1021836013 470857259 918408313 960342185 567676255 485313262 853039106 235228104 817432992 654033318 267062944 515850498 636592174 140863003 215467785 701220328 538752923 195197512 503405385 957791613 169122572 768035035 631324480 85158588 964262076 695273398 533292834 75823888 760950903 1014794865 223116789 131981529 836661791 703644885 369519638 239074798 787950635 1019682146 809446836 963091990 294799907 997953482 404879700 621494670 264815397 261005172 126006859 762984326 32897123 526588410 728482631 545523876 734749603 1008839083 170790087 720548223 431723965 277624842 703427486 337751333 676758817 820715597 216236916
100
611396686 125710814 97679685 48885830 875722844 471565022 1013094880 1014785183 576685939 551948957 912513128 685329020 914437970 21380131 539872471 1027187376 1035797449 730724523 462944886 788478845 159069503 821228066 306472551 237857565 842293037 583558572 624328219 525244989 503328416 119723552 418401756 126918269 599754939 441421447 177211205 757196017 620493107 365556896 262657988 622423203 567701713 546876255 533335839 661885198 463426548 540837226 201561580 149791908 334616844 479938459 364819479 701127498 393000736 210779009 734537568 533267671 207758409 739021278 829458906 551131032 790176821 804361514 956565614 458721999 1048192677 118402063 135424342 936739119 490796526 451750891 289497762 935576418 353236348 777255761 212025526 58428035 972075083 179111048 1019993290 24713892 642103148 683046922 1008591721 1070509386 671207558 606723846 587885298 270150636 29652050 356711903 893180442 898087543 323722526 508593836 149757544 732631501 371385675 381197238 147993272 473541185
100
1778172 107935161 284145180 717112500 494658482 263409775 237628444 281813911 396264125 539733169 167649776 719003178 352205625 322485164 584890045 116762802 252409331 839486558 268750236 1058807433 966339312 357691932 89479193 74125469 77861860 402078476 725938357 843899888 467513020 86849196 453674342 30457878 178589717 29199433 104911378 511757754 374834626 762536329 277785367 793888025 874711369 518344930 689838022 528862341 985956967 689418272 552352995 345810659 333175176 263268067 305927975 128660013 1002429007 733713694 750126526 699676146 301721108 137054618 553526474 333218257 400651873 715556976 902526942 93608961 1037528949 306667923 130671747 470826956 189874881 861001540 349240502 1068166160 9953645 471356572 976853352 1024115133 214859476 1015575557 1029457149 556036697 366813955 1058674113 209876430 947191423 455806270 1058719330 634689703 51184731 793962108 764376400 957279049 138894896 540722150 589724487 671557353 910495954 674888028 854847702 21822127 579373612
100
250762464 795825720 306851772 770020456 880902943 514884629 710950162 479502784 610138780 171119690 131330645 36481958 516584504 954832592 192811709 156370173 971360551 835921427 340046618 1020214874 761735536 374260084 1020549196 62105738 473604718 546273224 854484424 818915082 968357202 997941719 665246746 628675213 627948958 142568670 690710365 448785274 1035659179 790754573 804109765 528653420 917534500 22949898 172707349 1023610032 938843529 387082093 453787177 1055867594 564666541 34276162 273922414 251811568 494080313 594830474 299601765 799634829 240505127 985501625 647307812 609661376 114649671 1026926393 990487764 23832538 714224829 619591142 51620404 820375524 91999617 749488529 718013204 876044311 807230685 502422909 734260443 250879841 230436083 762123493 619089922 289441767 239243317 558679412 77319831 740874621 590419947 609604043 772170427 357350448 68164272 934401022 58150180 42504893 874220277 751540247 695243676 830905623 941825405 801105554 651251584 39971557
100
841817824 330817 667229697 453467912 896246244 206599655 305069306 745274806 175705209 227891081 122082707 556473086 488653289 69724630 157986626 320628934 120079991 294613391 249646513 560386636 932440535 1045179914 190448449 69653149 826032561 536647601 967070594 622402335 55571489 779873921 650732988 461605384 629232186 265558156 988890986 920023268 283984510 68997239 532545210 952118035 100989799 597828604 788950286 1017971784 788827618 317473385 135987581 267218699 901791695 696425248 83770194 721193784 852670082 159665173 205192332 295763070 326496581 258990163 658680925 484577505 848368596 313810551 410855852 386611001 683999455 686139187 661949843 523748785 109167755 1051599821 1019657697 1059131464 40816370 584565917 851890072 992530259 632290974 285626258 855128432 702141945 651262738 587005614 332256851 223942838 862216001 277442181 760657887 1048642520 529937429 258858179 113428711 916529669 307051241 904181411 300498930 706482867 194217999 999782264 624615867 861786287
100
371382056 130683823 48515223 769897559 931285163 777174642 643055456 240134493 637323409 996933722 1037338832 791606656 1047329657 810397682 606703108 235293011 855547035 1054060153 592126956 103405408 29047871 413731424 208581066 40214178 796937796 717550032 801089463 1011320075 221808794 799241506 1027622174 806470143 779260360 635705700 227323711 60823767 28245863 70793947 779769773 499770208 738174116 919289723 349024977 319482969 584200386 227449201 25181797 461183481 7574 101947802 1045485561 1030547558 897445385 115151369 311976817 923972670 390315162 894617733 916242820 960156946 726211033 180402440 417076799 870746086 279853805 806103105 1040867201 221227443 409761807 856196627 565926781 435765734 455613197 462823444 49463098 389471454 821919176 32809999 890551574 836023921 828602550 183726722 586210111 579515495 175972705 434749729 786504249 35926270 276093157 463506769 3631963 33985893 515549814 144203438 460552017 604030017 104856024 542431621 402306203 598561834
100
714613082 592236045 49388079 884515595 1052248932 116283725 308511822 382796235 746004748 327408985 497042429 653751611 621507186 685189374 450742436 341919109 775764200 264304993 474024480 354597478 1019693428 3207290 147006274 523237808 241391442 986569620 296696910 875247048 1059849840 317213135 822297981 777661480 557764081 582578846 1010663803 777843678 281520811 690515018 1046536169 578821132 434151849 1032827500 456796124 566499942 149885609 456981623 892334684 1039403447 694737566 61170732 774337766 23443548 170608175 461888547 591928299 104662727 432919607 880277065 849868111 910988797 278579267 696973916 824896234 200132121 689409303 320949361 907988234 493487303 457631529 453387119 157166832 365915081 705623844 660574098 268699470 1061859190 359468135 673763560 184172239 744512822 794904452 271646167 434955919 513763847 616303809 668465557 1013734559 44503291 104285850 889436847 977810563 983171512 25524285 688382339 862777779 962125558 88121356 578395845 382636573 572394757
100
371845630 657057953 961859652 892547775 532678664 61261716 885373867 550459628 263086483 564460350 577924930 398352600 159099300 71177308 783984295 976512618 714757137 88474270 195336077 301096893 1061706758 852786986 476225591 350990238 3234434 463554327 292570625 1058768913 818736347 599598579 316703704 733224140 1001614134 577884222 800549052 823240122 392359696 424840685 174655045 102445433 321825208 197637352 601337627 586893277 693275346 496956299 929793405 576347243 409286357 644508457 337467835 595923166 329403790 381196932 1066326204 287852454 247922843 594483287 965347961 999097956 125499889 718413260 662839424 679356528 863998551 771940614 149918834 373416275 673142760 150912921 379688581 844173133 613934229 174668045 408865794 800480720 645399713 732608862 225402312 1010776067 338439459 825111423 1038767815 250121024 389235335 700943314 736121478 758208918 884322061 462213809 616397727 272440391 276351305 732712681 612162109 99612235 191400609 906582074 361165476 91141836
100
413794776 961917865 833399720 363171180 775918829 792180022 804340722 199473745 307485460 533513928 192905841 780141114 283457760 219532785 449396768 992095794 310089811 674362582 1037581996 559382809 754983783 388180145 416746233 227581474 14798473 104065104 551792542 377864021 827372312 970482324 748042084 897268750 362428907 388293876 1021640650 119562108 955258312 36936183 508615556 268603171 488902126 51615677 360908024 617529690 1008900236 454770295 96919744 601572302 859194695 364373739 587829290 582210045 442365880 689234161 206132155 262273980 155185644 741589496 513719719 208395186 847490786 22020993 743027803 885202395 228363536 346550691 107758836 404641285 1045383391 956623238 861750725 737584726 142362410 1016915944 1052559573 547599812 637054915 170354587 196370014 273675931 58742767 188715013 890054480 884948219 17464549 174961566 302364619 769762648 285953618 74587765 705808809 678218488 963397847 833303724 1022213874 552947320 138764426 296804599 128971877 356691016
100
746541858 448914422 852976426 181713930 231411336 669718346 921135799 792271814 945309852 718793277 20380122 692704649 812619620 835067228 278633811 444145708 97120248 390150251 1025089077 994031867 915272968 823704801 148355176 70499896 507024724 335161447 241377576 3168662 613087793 240699229 670948740 718813886 165135883 680351573 686909664 503112141 1061790429 190282134 656386931 397720020 855449786 690681242 541868234 304743255 419947592 703777680 1004015171 1030524623 63382848 607393499 115943827 718292776 252673264 565887120 238620481 547523651 991429817 154796540 637741352 473980277 356172944 160085789 97363193 1071076359 904163713 242319652 453417654 140209588 743275559 437696761 447710008 796632878 701919030 429535670 663813803 211773080 539074034 778881835 397470477 523679245 239346357 827970649 17091250 736579096 715664749 661274103 983202498 1029730362 813343259 1007394033 749812154 685740392 415106901 388300003 528285159 766497930 811386052 285442722 898505710 640570621
100
424206003 605502791 136134930 576058191 558206930 143369917 558875789 57617313 1030288749 810536688 351847206 329316247 1018245671 74859731 489054987 561167807 675602005 281208366 993290077 769838266 950045316 175007260 289364654 206293438 285348337 274998158 367167881 924413717 1023130895 468996039 852151530 98998940 1062810629 1043621087 635970754 719236165 1019232557 327674944 742924917 1048327317 800547735 202085676 350430043 704574246 519844228 81566516 417749826 842212646 39029483 863403202 1044688618 1029972951 490576887 295764369 412638856 815026957 439857030 229151023 866091076 693395379 477483436 1071307138 299715258 718523974 289292846 193054016 824848253 235198808 89175816 517390965 909952399 636329998 637759208 984111361 930448363 310420643 553653168 128717079 511134716 764844771 147483895 79079872 1062650915 384009905 1065017993 106209110 325747252 620833409 743886563 360514057 1023804921 719898078 741384632 945331293 413762478 309732326 1069142638 358050218 661683843 97384905
100
772693147 231289630 46241101 907260064 613905840 952029718 1015667533 281369067 460204476 996182649 561223221 21556667 84023399 487547975 861344904 293842810 628757165 549251828 586487642 615229766 509702493 73705450 127078615 281955955 423213978 390753540 493925050 77131270 187342174 214396693 787533014 835515706 424291826 548417631 764378001 403309055 439846520 966605596 150972004 383239542 251766881 882945017 67751516 555333238 848606199 758287510 537275548 123114506 740781780 593362439 957096153 293451761 107158121 427373398 372305884 202651933 171940473 569523198 40882692 1072946741 30272411 486186609 1008030145 117825554 879421883 354140820 700971546 329481285 588539545 16657470 227038504 193353616 685412424 804095420 524434073 175288425 682076081 233011792 298413614 1006985594 517474062 992174253 106663485 1062188067 39614575 716223869 469848623 841679607 509664312 438986203 426318083 359541818 850468769 1020586458 689227722 913233002 911639349 584920828 16054313 762869939
100
1025397435 399210202 203641209 507651248 485764355 1005523499 162858194 1051811539 920955574 944420989 385165577 279735960 1042937895 900851398 102733597 221595310 644316063 803497744 517901631 722035737 940810204 651910904 158769496 992036016 727740045 775532079 932086656 540552608 749533911 502897916 339513480 1008091623 80321491 816962233 272905329 177662170 513341197 218877010 313335027 665158815 181918471 289745609 824065015 715815092 840296884 953610676 380017181 388137062 472453885 496737725 719190327 526013787 329637695 655276833 512181964 461940233 858163659 864011314 1042210454 616586300 426437477 676483029 234790148 947205012 412824774 530944005 1057079737 646750212 876050714 452796494 1037214219 288687188 679348355 1002775634 978070405 855455904 89299604 63682120 127481445 887513304 502286550 151627128 553363487 459936574 770726214 424969408 845506008 917425898 460314837 64227602 1062016747 258261577 761136615 525645812 627619688 1057284506 608013013 768730622 70777488 1064062320
100
785450335 92831066 51251507 1006071914 191382617 509462770 339018143 139636743 134904769 585573684 252732226 560409194 292711808 862796597 126107906 978944816 189223700 459376571 284723862 428095722 5553167 922328512 731927304 594841500 896515223 385890547 267609913 1068124991 694381541 633741366 777270365 514079295 1031713478 56416289 1042022011 268668925 463301149 713368958 612853486 651169614 801556831 855334859 289227494 556205306 884679957 822842299 728351208 668930622 604699998 93812149 262661194 32163658 328293482 754459731 741556664 109317572 728466688 1046854373 1042030514 812278596 684191993 416199660 259512331 868082646 321298370 759765919 466063212 524362875 585413854 847745641 755973071 554425768 422405730 268181352 425130756 1039689157 850017144 982700784 93370671 710278062 797743836 271464710 941369160 967434550 617261410 978295782 308478361 176768416 732526702 60102270 1044883012 718667812 233735290 385316592 962591675 803740272 1045595028 317845780 758556486 627976996
100
905814259 822907776 84836437 295983627 755686733 651478746 538122763 807886823 937581076 577014295 61502658 700613328 714611439 789700302 663167981 187867703 242890168 356140524 635976814 627326497 136668414 913036847 324308768 159872424 866740868 875209388 194163534 993351034 451363264 445411657 816308536 729839192 93528669 891601220 669490325 285928344 629428921 167453098 408825612 444301732 222087784 864409568 220197561 166481017 835888303 937612830 625437871 19695145 883254026 147390960 715929456 670023001 344522662 216779443 1067236727 507794372 827379687 818614302 321176494 518737078 1071920868 36264118 850052088 241920913 675751910 111302744 518920104 888775244 171997421 320587443 28307976 177262575 277349675 655001035 9513684 231919384 229023622 868620408 820959420 395105401 418501914 90466533 533183461 1039736151 88965045 936894225 938768489 605548045 379398234 4835153 272408786 45736071 235878847 401279180 303206563 303399623 11272910 45427710 956307151 1006781796
100
30781749 571338816 674413062 1049439133 1052620567 28316241 84419051 233313461 554692890 503366997 685329509 229866794 250015243 441749262 147244378 945536620 204320392 946924854 192304067 62993692 184847238 854581242 793757741 540668817 74214603 999965817 353704763 841434198 498225012 935526217 15719457 919141545 877993073 200079091 223211307 809017086 660590340 658890354 472357940 129387899 443673414 113233848 210300207 280071289 1005601954 382973482 460872866 976737545 219681880 842434847 546624550 129169260 133062651 990598756 134544105 488721818 71675892 861674683 76665899 103923133 710153725 149124695 906407364 585993395 378766246 1064375137 691035805 265945231 266760403 74646647 672519474 851170071 372953659 1030608167 172226071 275149896 488988651 309163641 373738096 859905230 992947138 213449058 246021751 896249997 869238770 559094098 907718649 883781915 122436997 638686887 797215961 295141443 553259734 1062560055 541344140 512045699 295150100 195924683 600389532 241447310
100
837761438 826319910 107900620 630632762 1032581858 220456539 826271189 611349285 607212859 29636098 351416058 599281668 653994818 590193141 958915004 142968491 12746243 335240863 489801554 265470144 978546559 435643525 431480104 652810560 211019051 312434362 210773851 984969979 803537519 15264104 414012221 855777043 390689577 1054810190 391064023 869192577 488277543 385056061 316592738 205582736 374740912 706479770 119596237 803609696 416238588 286838240 765938747 876814180 1070340535 410697243 279771522 300492005 567911554 273005165 969237932 361446524 971073394 692587660 352969849 47067548 1019817871 58794818 212780764 667726342 875030102 573677804 875187578 92914770 1037642808 862894588 358050606 1053527661 1064944409 978510712 356407176 874015765 873908434 874893688 829223241 282088799 966377903 34981291 168358120 312251698 716927729 979119571 134605584 28299209 562531660 82285124 841556768 630217013 901457771 283432041 784674217 1063705561 696780904 29474111 56058612 940265196
100
729996248 510730618 1028275451 467770549 394703834 462872681 1058822756 100814594 336608254 1006572070 449473499 659327785 36875409 39507653 121076969 279926794 788045302 991067795 46884456 672611322 98596641 1033886861 414688520 839595841 336079901 519071974 277905358 50237084 614616200 536425349 7634576 740386235 948855314 518432388 121385082 649734596 1009688322 881989810 694960779 408013774 668261552 858206226 686024216 154979175 677440012 774050906 880904009 239800591 116009494 253194613 976737175 900241595 126780003 1037781506 994906197 1043917907 549493151 236165586 1069465892 1073180212 1034905093 926795885 721657468 858157998 933301225 396749710 27647018 861351814 324733999 636672419 611303372 848587894 418497233 3279950 589596503 272242601 228144476 982340326 234856338 776182591 810627443 722752759 443820696 790300879 461814603 860087486 82237018 1026757600 386190382 859120045 375128859 485874798 919494904 631139053 441727474 282233196 482072733 521150935 508621643 108245820
100
236403834 163294566 459841080 111558046 623880217 975786711 113984813 1065190850 179338154 355725572 481113051 31413070 102496855 778354346 794112374 81226008 628975105 887648857 160938792 103592714 12493240 436726003 483675789 1009636512 337617988 111090737 73499701 638650222 641317536 51144990 795998757 469846424 288922233 710026906 431754838 154328153 305349811 509905880 980314421 731452028 885962724 954066656 943413281 236416742 211055319 546513678 8714225 860361482 816236299 29532049 385101675 271678835 431815474 601314797 302283214 126195774 361840050 1023037561 5144905 256120733 1042966311 820801762 563841409 198846549 111906015 501384870 906734095 890859072 982737756 928888218 618191104 178279116 1066758358 876227685 595641683 915252091 91688887 40774402 358580607 1050247265 312099101 137582914 319094250 216898217 119557979 932474184 667898739 727106320 63848568 513352203 462675433 78235752 488446126 730496471 224470673 561358359 639626476 302606540 1000578724 509411989
100
452039518 355936718 196148722 526208959 776121555 372209841 1059541069 932209205 327805384 39924576 566605918 942493046 981850797 116782052 761051629 754712435 452891204 731189434 506178648 486340052 537664550 48969555 378018066 599785588 541410110 966448787 329411102 887149537 428910667 970938707 465692824 445869021 76687459 426586336 1066535724 862600672 418288491 777564025 559617181 247479187 148877983 923644628 910164544 175154518 265461521 950148761 517720702 1069984955 755656737 369960678 98036565 550430472 142674442 705522377 743852248 578064314 226538581 482860745 759716779 856988413 1001349220 90802014 168669063 141596724 210155497 659948404 66302396 53175415 275925867 28108525 527486890 20557072 336468168 925885724 791995719 1005601277 859791790 198429514 778632092 966408306 1025626656 344345396 45635400 767614292 822277879 1022530955 939316987 512718782 702940254 911131763 682140156 150788992 55176278 964433412 256321188 145017755 522962224 100923084 783247585 997928134
100
784063564 398565556 885196780 714665857 337244022 348793011 368270508 859774404 595887926 736345224 259245016 576975744 304509670 989005679 509272566 62533166 286397655 689275580 395880898 195274393 666717391 178103379 875982506 238151520 958411398 502684974 496420688 875762552 922787880 956819419 736051212 629480617 775195862 402122491 603315560 220809740 635778852 1063179205 96235170 819072659 52240284 223132800 645115949 317009793 19583802 632771340 644890160 992754414 379749871 539708250 210458373 263016004 235437343 1037765103 888761787 476458181 812534306 946119270 208702613 98805250 529323206 719922667 63473545 669994085 606418379 810500544 58654402 248347560 78799206 315305403 701051167 247836508 800432575 302377670 152936113 988752228 606593395 377344351 811563841 561768567 165266962 570060821 18215111 16510625 449616546 774748689 995701236 525522882 365824538 870090122 845110441 140099597 836807144 103307856 265497726 1063746187 825971820 114593858 660503868 473503638
100
966835672 521313635 552909662 290806492 638744218 479752357 339788903 390681294 138959270 978477673 262750729 606925440 179335214 47851593 1070447343 764226200 599514104 344216724 152126361 724983725 1005180380 433305805 549905626 376141005 834927690 923179050 806638170 67347960 715518401 673688086 50655508 561590946 543837017 239922351 461843929 338876469 89575226 367937352 1028531148 429005965 685900579 863894760 751932133 227567738 19663588 783085258 686171758 754250305 507827940 402960091 463997833 1064138779 362390171 264331840 481417127 353618613 623100697 940929997 601472786 707405743 657638782 138483342 955194212 320365597 820764031 958896194 36848142 166979337 517514216 793543643 276867794 370963438 606020884 425890815 762275402 230147391 708657015 903247242 1020126303 538310366 811684373 352279050 944442066 793297061 582630152 954161729 691444662 1048019169 324576765 647866535 161016819 565843665 393980599 421827558 588966341 730107180 224574347 126703964 393769788 183342232
