30
100
439006927 614531249 110466948 574675675 935044253 159507753 653901538 489530473 15520987 989119424 425203349 476051476 206840230 476132777 544631149 756030478 852516766 476494906 630857981 1015160049 492087913 1044128108 980146715 841659960 522240303 1047160926 654903652 358140611 922252063 751128017 905293749 342191447 304880617 801331373 870325939 28080412 881078339 127367804 627625284 550484509 945936997 296632298 157301780 755410379 849782412 1064341835 439151122 394044283 641023866 762184469 625694960 452977891 454900468 173061729 1008345510 679661217 499381827 121424238 895752431 506589364 580682420 494753822 861569994 824217345 188785176 262212728 636574714 802011599 301781829 778583844 231711879 168031819 824274578 338077682 407227963 416642821 866832991 997891667 150744102 934732913 1024630667 276556254 172718107 502969704 1046218236 499393229 695297840 237967268 1051533595 15901309 940789314 522217543 369583189 613286898 146855535 411188308 955324315 392508496 6865306 461437237
100
1003623267 49397482 364772660 126119844 864003096 359223115 192436225 136252254 513133826 746240491 467931954 280325648 1064085718 35655870 15862462 20283840 371812079 968836347 839538050 1027686391 300334027 237325213 1065041340 845651522 122347915 17912292 849267091 786336434 917317751 138543569 1022940044 298842205 237836152 3593901 114275094 780925915 1046289565 18317698 1006728448 338819017 711118230 242441632 202875901 195221833 917420092 1053488410 819700007 97412224 1001243399 605394247 887983225 615354647 739646870 850719553 572505428 24901307 280084779 545841257 899205883 318917022 365461804 974458593 905848087 520349427 143371172 938141200 237583411 841052533 220543423 852059938 489241152 834829793 139235409 824516998 43207443 1004031863 830656592 755644270 207844578 814457981 89700182 495612498 300941515 841454268 425725984 53045101 900821838 533951489 631943953 855157822 1038161101 267248285 838407856 542513929 842009107 387630566 922382373 830351188 857275594 961965748
100
1063535210 227431427 983548900 1036535155 1032015835 604437683 621510361 641460563 714615290 606847536 38959094 491521050 393754206 648492728 925696805 130423720 91621985 81406954 655187027 424150909 436608932 645315402 118170609 968032577 697669769 121888449 252832629 851461437 667227320 999004444 145019351 307839711 528061851 133541512 315174932 546659642 829780705 936439068 317347247 41892739 1013669631 990709072 851989803 620997013 1035828138 996602494 1002692754 363595886 777682526 109704040 404305393 17190576 459990234 556208817 47979481 685545761 1052785058 356859746 935783904 111037227 658008188 340522343 70170910 949796701 361177843 327841296 850290865 184387560 236410071 540905617 727384633 662978338 83273915 106297986 177402460 966125575 889003126 193017951 549087555 504880819 664970659 775362056 91670299 151804137 791995937 248360771 691738774 621704847 425652371 651561013 406299495 319808047 741678304 960706029 838763209 452591992 339143860 874387162 829379577 269792700
100
315071311 12317368 643083375 979966320 772513286 1033389514 938688430 417215234 226905242 31923065 82962101 375825008 1008607243 1031149074 141244008 235294135 395601214 765110374 433287627 433516444 292443515 130163275 847948426 20737061 498646765 1011272985 442659186 614413597 443039013 253499438 804853494 727629460 274203032 606328170 1007451051 485360477 220802076 87983540 19296460 978065807 998552431 409515379 54831286 558552837 226614704 880240917 358496109 1062569438 53692644 54892939 350790422 497658109 362578802 677691595 499025019 489934986 345126056 866285133 722057098 209878639 340186420 1056250767 202578902 511777499 495318955 933337233 236578069 753727683 836772101 984361050 1049918368 498494044 457781535 484849009 863825142 918545826 753621816 791365220 428534841 665663701 288403060 262076996 578642607 364170999 1061498460 553522471 265654338 27591759 949189468 290757797 10861569 881822440 1023281988 833291356 458585245 1003282194 987165128 8153709 645751021 558484448
100
822600700 641507434 961609641 111069672 701422003 497662899 323137672 577365217 751989823 641803530 384585948 287386158 476190930 695421142 477254600 98775672 395113888 716451359 419299764 345945931 965254754 984524565 245456074 762858391 530495702 511512970 170071418 486450223 963885372 805939059 497323766 107966541 263761626 1056464746 861139895 864993804 496640122 62676271 127687158 64161517 293468391 146469411 377878580 988254291 165839732 127806923 205023666 751283207 728791156 456719955 349242106 200559796 1032985027 278847752 1006581332 746996332 320954171 340861661 689506386 622789409 620704576 849588455 681153605 351929133 749059893 616265953 540778692 1017159115 1023920133 768104873 1059210284 84053403 273619611 509387713 935434523 116716834 21760105 772024783 360284917 593098567 799536101 1031594269 202670687 41082840 506260744 1043534361 865900999 522116099 850681293 769857750 1060651481 419971805 529450680 260224394 570519051 654470622 645303116 215215374 17342738 689578339
100
910391649 100012395 135955755 364339099 687131173 570088915 109620443 652391924 1025348897 352604623 626503802 622001715 18020029 425933350 81220853 230504049 799679113 676940129 949961884 189356748 47096758 675187794 460904355 835363300 1030761883 959508106 243887266 1054001504 170523697 25153249 893341974 515011175 373671064 256222194 767769054 834178599 586954128 551661724 1005603774 205707858 555026433 709085314 454341599 884043164 222863219 960242828 821874765 848254014 772094614 792807268 722135160 444742774 91861948 593359354 610104756 584266501 84398426 590948353 306576313 883060655 293611147 912933999 445804835 504902079 835289997 998972929 627783666 35957888 332789313 851065780 851944972 580977605 772233903 226433357 968564151 702765154 627407744 675445714 505198111 689431728 189252226 634181135 390820822 418457869 928282920 24952083 957419854 176236634 1022859527 287796400 770004833 508408955 1035152475 466967550 403965386 133286618 602619520 516743640 1032276906 484311269
100
379382109 406376451 755630220 1011066220 639219312 596331072 749278404 216754979 25016889 84847276 104056326 246899340 404780963 1030804214 72910544 488203323 326465500 614260403 598044707 104840419 642076375 306904028 66915843 335154657 324186061 981652300 573062139 187284913 115184055 869433667 974590358 832567414 448160726 322706918 849534695 76234870 550720044 136041916 1004747010 735481500 479828480 680038962 426251904 555483893 659353182 754004504 703265791 856499507 408349845 804803106 508115104 141735213 777560247 634430825 970535559 136711005 574102044 614194663 644662111 363202912 27004895 93201662 512926931 606706298 713528671 483927026 820571414 1011991567 101179072 77175914 663919452 853362219 740693352 1029607667 790770783 956287995 797916290 887684477 814444251 557755474 732177790 440999900 837677074 771045925 333673615 75911240 977999944 14853391 803190059 391801309 611901256 224618958 590577295 1069663004 98812125 20468420 489007161 409056872 233945434 838666359
100
67615370 186143251 1068511761 467101359 314772270 318225889 116336096 781231182 341500260 588055971 801581527 865365208 287521824 801981623 540951564 375659679 7485625 3929477 469080888 65526587 976747374 609111540 612853562 207306759 259729372 212708339 8548756 58328739 733735305 178983410 690300396 14603120 528452701 125154150 20591245 784730135 981902628 300323144 565754084 698787843 711969293 980625047 990514691 257117410 684251950 353969361 68619041 9775911 567335677 559235198 847179287 74655371 594302680 142020006 26855908 815199880 302931838 451144789 539526955 914512605 395841940 890963230 919893168 965107725 1047572002 1032607125 467691487 497988575 827867923 1016384724 850226501 336792031 649520056 674330615 670370068 88117212 342520134 490454688 903546787 514683496 659878739 675327859 490266092 879259995 539852893 809852059 197433869 477529169 626374211 235554884 955605960 630230823 263570122 446685470 499617026 255010434 920714265 140381921 230830663 892494920
100
697355971 568355653 893635620 962960038 543940611 406850380 825245702 510046888 337084514 95941077 882902177 107445755 786970789 951577336 833803756 1022344252 437500180 924065780 1003883426 938588266 594855422 312350635 613076417 321048937 976237619 715999011 571365647 766284418 927790472 318321158 873878416 112745441 932263255 40311586 252915985 60267286 607552764 514671850 850044833 545952661 675747929 871219700 878457874 728217398 951456339 699061626 864136829 228953781 92594514 280421337 538832571 428421683 579316677 939651860 975929580 75190707 916114588 275168081 861759988 918932894 140206028 165234523 696515577 524017472 263511759 1050223903 67615463 126800200 198561057 860431919 455889132 1011959884 1029534916 755937346 873304828 971709251 215265981 555392433 143168845 905952265 365155220 188591612 109236188 185151454 116883416 191530563 776032999 36280295 147241113 71778766 1002572657 896879020 577496044 389059206 323557314 188184472 667085163 72380793 1033120740 418605437
100
665476954 476448295 321144077 1042662371 104805630 610005917 217933410 275697699 548045792 356476063 833439862 868470299 182159006 507875654 249888172 722012280 449552761 401550835 1051080773 838026859 441742041 24784839 1016718060 260134953 176649159 1008181547 963725611 74101612 824780914 307725898 219402227 420814832 456253611 914149778 1050361368 786658295 964036712 111896631 929076435 552558790 1054345284 304232112 479950910 813715237 832943613 250828088 961947611 835800035 872633589 736902222 414713614 771228752 562439858 782240053 787002782 922669762 39881567 432394869 890091576 998497040 1052881480 744295512 723824876 1064253210 793434722 642383214 146548654 1066545983 565977792 593249033 63759062 776051428 725281567 166815170 993382305 658314484 735298651 1051033074 10255021 829788251 958001400 180611130 867440769 629457034 423322 661260796 523050499 401058294 276347277 730736095 231696640 911097497 788182846 794574927 478214311 529664624 1001045183 328930298 607860238 505802747
100
726612 892390572 353432768 851782832 401706004 44438237 533077447 1006598648 406957493 222167650 493575199 880936384 253090806 264093918 543263064 259110864 543876186 814266458 52392968 503783057 407852457 5717953 867302470 943136657 519627885 485086053 527646770 43071491 1064427382 616226168 147511403 209014076 365999191 116461204 956900503 67308855 640386022 554976820 816818143 124051218 297387712 172428088 817395056 760767375 467009986 570856549 934194427 957777300 886147729 917725411 363464501 268245675 214719507 509894845 176124504 832312195 84081396 717663588 968408736 621296749 843344418 923521581 539318991 144018911 125972305 757638350 521543850 861605109 732718969 99003877 563491194 572668907 843836243 898244977 405987980 1000610468 713851871 755918679 136624561 305510182 1017720544 372978654 854292927 726027804 434926430 924069939 732905230 1062271827 397854243 929379046 133737467 388233789 708640319 426575979 965879144 631207537 401660293 350800795 128196410 1062071336
100
704761392 224295130 460855490 415399342 803213644 482404789 479623999 429247627 417549811 609516988 943875271 588858247 616861068 1055400421 956864803 318445001 1059213924 614613160 1052737345 536660026 389632042 217673346 339927475 159000076 332117108 828778101 733429552 539641136 611909433 148870790 347515666 793549534 403204950 74808382 168377815 28581905 224913161 228135210 113972641 979535368 190946425 115803995 757196470 1017477831 155847211 411342311 719592448 736624020 958966670 560043366 852723597 531219322 840774001 1056025717 323855120 72264649 805522055 1026460727 764633182 95962260 999750634 687160527 319457779 215703345 882608533 789608935 404403051 230929597 633794281 713170732 1049082377 532126358 7595817 81634511 862704947 493733599 475825662 331721733 1060321011 394732799 501178355 786340744 809188472 935246370 865157881 298339349 989277843 260151734 840793829 1039189228 79467067 820046320 867614189 944900179 278464777 487585861 110783791 795668499 265535932 132144625
100
236132857 704411831 737031283 575865411 1070720087 715786366 795761167 140713282 873495168 625642045 634439243 73192402 1026748751 161941057 245952114 989606148 22311841 368882812 244202004 278021581 308969174 231591173 48662404 541229443 736309076 516679830 1036828761 1063426660 68197636 662565132 730168813 415172111 401819603 629383659 523484641 566624776 406164530 731420888 146777751 702229561 644503447 565769757 572611511 173386604 568358138 1007258920 914481834 199944146 463309145 124101899 31725346 747099007 693217332 615794942 206024592 249217771 928393233 241641689 259543469 51369330 705265401 231016859 721073906 109178325 387591929 400672230 633987359 241318583 529711779 610655871 30826168 798510881 1001970058 847747795 830054275 1012714239 437339337 450345325 323967243 1045468065 186332029 1053012097 891747104 168991803 328494918 552566373 50279509 127286885 660121802 868813330 859670145 817635995 1059968051 905384871 898886462 904902845 873436588 109425894 642156653 785072273
100
888304054 197358768 990143036 587323034 863623327 817794031 1042503373 215465725 1011397457 21189588 784769203 552949837 745719581 762245199 141907009 379142733 298919290 952379410 222425137 1004054464 724176002 155941141 717211166 610015984 608458610 1039219987 67957512 455836202 701005613 265543180 418572244 609948736 185674426 108272322 6259146 598435077 38621122 318331708 850965269 225346005 630579987 989599045 785169222 524557834 903420191 394805485 442560466 1048498056 985478781 290053383 497095823 38034226 484241511 789939114 519128123 532353394 973036859 4132529 853829877 651573941 19756283 678448187 173622466 1049859053 1053237708 384942891 654313993 398187277 586801274 1066895272 617251864 494431120 926609651 1069817758 889769885 55569139 698816200 909342524 1043637037 811337015 258599343 947905909 833431488 801782112 26129923 1033060479 249913651 1056552440 31255874 141951574 969352901 164119948 664938126 456031546 5024666 635456302 780906285 1034035244 697472827 639225586
100
816499573 786738708 792762993 422954289 970077472 226953717 265381192 873951318 275078523 910025362 1015026074 807384911 416420762 1037428227 999880842 646356373 125864404 405741892 965691074 1010044872 949680708 361527478 961177840 666788904 108354377 271167644 319064131 461925148 747054086 911869343 1020008178 39915439 287908067 598824267 670723253 658933774 612980746 167368336 389116746 321852939 528940523 16278081 816997105 637097885 292059576 843139992 958369521 837166942 396196330 1017104560 318456337 725486860 251599034 416410378 393587487 268713480 171970728 1067132937 492558701 98119130 494862584 258961782 188336463 242134699 455918128 909696508 570523806 489660873 850971292 838459821 97073976 184367142 1035313866 290330235 712157053 522437338 744974862 990614720 843920084 652809117 787376895 713481143 1023764004 525757774 746569720 1010518528 494096987 119538798 375261080 484058656 756681963 147591077 679749955 721565438 1013595208 259745852 909388190 572648552 790213739 49658530
100
860231564 740434770 433800936 335730266 114766719 691588477 723398980 355432157 8863161 30497395 707093138 50067285 82976407 972927291 54196430 449221183 783458776 96265443 539510683 951249496 384696097 764096765 924936383 434982693 328725113 826607133 677534885 358748524 334587085 447686236 421509849 1062922169 302228589 154522072 749531792 146039514 639249805 548733746 922360605 245199459 662504133 760986638 97211517 1007876395 736990610 1056727446 676050892 310997453 631783123 912009464 786290638 729195305 367806284 1062441955 927715687 145581280 139231270 986840334 1001974819 364737499 290089837 739652786 83282607 281630404 419296401 346959115 320875357 763646603 281786598 185579226 161167525 692743906 292282404 1071402470 770009502 864324290 79922407 371324278 315290249 30048484 760393008 724247768 468436295 594893897 322491106 716162014 531636702 747871411 487717958 343488348 269399800 477203241 556688519 684424619 1019630179 942120567 166114359 153443113 871178642 769716139
100
992581303 1073185306 969653914 482939412 600000057 77095478 837158489 37515478 14101274 102576452 303571396 955169071 538189509 958881862 508526586 835040802 297045805 317026914 881551582 451986199 507710278 875404642 890098072 876409948 380886921 874248757 992100626 227921823 778420852 18236780 1026344060 850695285 786141448 156708798 250803145 624956631 1027677001 509820548 760284720 752819616 437059778 285817917 785184427 855600912 995204350 365967628 817477755 374555980 579798032 469048117 484211618 541552859 387452684 593084323 801505639 217317162 1046247564 134720101 1012007126 608793353 598346028 740837165 83794749 964463916 557241357 596949456 671998129 66233516 75924310 106905288 128148615 724602755 947696814 435690421 189784539 227416851 934176196 315629527 347926540 1068504224 163868871 177910934 90883902 17490385 385947887 697400827 1068635350 670017843 758818546 727419700 561766402 367397558 702354831 444208916 325156399 458516526 482659847 391960720 723949457 263765459
100
41935683 213859230 166988481 283624735 724899819 693372307 308955513 247824213 922428649 938889454 519632990 611476371 260314821 133594610 654717497 157761325 130906280 420365862 606754486 938215677 317457633 970006742 573981413 769265119 426567009 152352657 395844026 231157045 879658046 457403049 492870796 1051469155 399698996 818603446 74126234 408416340 1059961119 521716755 862570113 591540211 55548034 165102943 802751687 848210611 412178947 240914942 840613460 659806216 406884332 259723158 725396468 1014398188 567263148 607077778 824903638 313284699 313270868 130797986 475125264 343400407 232453403 245820473 1072610584 841944036 247486939 242285838 211119692 643773581 212977553 497663900 447258219 723516893 120982240 166033313 281644570 153572455 756340367 684996003 411050593 833649087 848815110 876424038 429755691 612901119 362783701 895488119 52135369 1003461443 7175726 544118437 1048187248 390665261 910533478 621801090 148757430 155115106 927624312 622877670 326180633 391630858
100
924768876 986258808 434810708 885083205 368759284 458369176 77770480 169026729 607378207 117717664 730266259 272291127 880645078 652353181 666325878 850844061 509182916 553986303 393198808 565242158 22614231 842498074 354760823 1009010527 1039762371 140440742 701338395 760063051 390863999 289040960 782516492 654740784 618411717 523489255 184437398 888040688 948272790 1011394687 989808780 1048779921 539767988 21701457 339833027 814416829 931758887 234734729 230863506 812828995 310239673 214670775 682156888 780178324 614173306 52368975 934214390 637458759 786103868 228148265 726491217 482394517 682334487 229364737 955205074 1034032349 231880423 1012367864 734467557 1004846369 919070665 202449425 773058429 126736008 629847202 34551989 568996494 1025789914 1024619416 897721136 819010706 628300551 769371286 830001201 298284293 204533152 1044024781 208930894 629230057 783257948 963113005 652887678 821083203 99927189 1014655984 675160221 778820764 970894025 213744912 1072250859 637638528 490065177
100
652077453 1037021698 751741645 1014566183 459347723 996922935 773642701 997072745 400498384 1068609462 869906217 460170908 326954158 512235551 27305875 711910672 828885591 342840209 27453408 30419927 572897253 65690929 30731659 330854217 543708242 353715114 943150898 912714626 556029441 167417256 538799383 388159711 82809651 444194396 479408544 45953157 384277139 852570619 776274391 1037467866 732093355 1821247 898287082 995807754 15621996 240628452 729330092 468032131 358224042 465864236 924292371 83870585 215323806 766327132 103201976 191479139 501199714 586086717 453599834 535012476 822759544 953095835 331459931 707097923 315945796 921830089 136004417 33116411 371187597 1065704476 1063741494 44683820 196722176 284101228 678211465 154562848 30004397 512977814 812399659 167770215 337170312 109350908 274633011 249497939 880417001 304908035 701100634 450277501 953664013 541375380 383014016 617941566 715324306 246177947 594730533 389281591 162209279 988802443 1071183857 99344585
100
949201625 512290092 430607774 531524112 745754237 447224902 37750302 137509040 348694644 897103697 521373947 975190832 631988032 874189954 814911398 650756359 169589862 687378099 298574551 37897361 166365423 1048180196 766033673 54289295 219150823 720080822 527829243 123561892 893627618 263235566 850367024 508124889 250066034 673755384 37711216 65651737 714650802 384300130 195253061 548452278 150278078 304468828 648681087 1020970978 577577528 713201471 918235312 837896503 1026461637 696701443 383397553 202325808 863805326 259935943 903390491 984274093 84388032 177246796 342332623 652567667 236293900 456715130 452679535 61084074 126701351 1015026651 162753506 838004829 53975883 278487067 414735060 578076157 801540021 80052366 1002548019 853617119 276186917 429707690 532014771 617852345 1012463457 1059273864 630632011 829224489 698318258 1044883303 304799414 730389294 24212325 1001453098 639157491 411756717 958800459 972724949 375546566 637761261 904958265 599963155 695583541 682578715
100
271304627 289627915 529790919 618346135 649326374 923570520 205149541 2849862 25410563 299637742 256518862 470755705 798396036 215661542 520613308 339730841 39749638 921816602 460800849 825991189 616958861 829293480 975440017 672019678 330354237 395585141 30665443 907923687 845051874 626650535 346198164 273457835 525390697 934601258 357192019 889291430 546803557 489771821 177962678 283750363 950242955 298015394 40123572 243637325 922994742 755233217 457894442 416467334 581810404 1045173637 190650710 296006931 766730934 241171245 794105951 1014945029 1015602676 43799741 752355787 654419057 758872455 701998459 942574854 675069937 893152126 258582130 473560802 678957602 513872265 218807026 967318033 54923300 670744961 947746062 279420845 1039205917 203958750 909388316 245297073 1016427446 29508159 778344249 128428414 410744988 335989734 507221443 969976919 981553408 291660345 52617181 912830437 615047704 771496771 709551342 332623027 639260316 585414704 48934434 413881522 221104969
100
770167527 657578935 189664097 123342117 702053746 240144377 650534185 614151101 647069496 195773075 114122346 705391705 1068660085 948600840 509538546 1060656988 434240936 295147705 985085712 336540493 581696021 129300849 41984026 121437524 1060365889 242193370 50791658 1061298625 170736506 718083845 16897117 589020294 499901773 460896231 583487443 430205368 178177550 294685142 838522802 957261329 143018835 395667216 587745251 437960561 590942841 843016500 150889555 350901593 537435422 1027142086 479876468 127101294 517477797 67257008 93729977 685047804 74916789 494905020 629975325 328159344 282251450 519318043 1006867357 702645725 531528803 292217569 460311481 688852856 920052002 852543878 256109559 160334108 822159535 843129190 56372832 283378631 147329158 88502594 895047938 220812827 58269284 705825725 951892588 207969502 1067705549 686565344 517420597 68502394 933058441 761170327 601710965 126430334 476655651 500939314 447917897 502690331 163275369 786747621 826125652 56719015
100
217041736 257380409 566297886 1035268492 512783831 44519458 436027804 624644570 245752947 570398012 111946212 424766394 76446431 319337528 1018013148 766007758 782533955 626096844 805906447 370375678 159735981 101944368 229563945 850025460 484782988 675220898 218001791 865247647 1022441011 480207586 909465476 996415412 1031965532 1043004086 489075285 324583464 715368610 114305895 434028847 951777463 136990469 424746819 454287603 121876321 275256170 218157337 143072424 140158695 674461465 275978432 230051321 996854610 80449597 141674384 260165043 1069323885 240665192 684250342 27767881 612926534 537462540 616274597 188131920 137598897 622085634 1026892208 727337219 468184773 941178375 587562609 438504128 352020316 413564218 465452373 858508168 299258775 15133088 402644814 306108803 1011629657 599218592 843736656 744265082 1066975175 564575368 497218004 432382811 1014129102 295883526 597715799 938126009 31823005 273905583 833700572 73639754 904508198 661026683 497826662 340838759 81926050
100
972965759 365356687 595410954 607353682 168261045 455703012 715391646 287396288 662236439 177484972 426431074 178571546 835058108 766910161 355931036 980077004 821700924 146818914 344621144 597234086 763787061 290063632 1025940708 300285020 517441991 407684786 578436180 733010950 986119704 1016689601 1032525055 815587744 540656850 90791132 734881024 477140363 259886752 384613446 1050388150 473686026 590825652 217630307 692081988 33989062 83142980 708266558 667140370 696900683 682806280 880402950 217052234 246770313 854318782 152220557 37529435 755255635 217963943 777306312 680871290 484536291 335306759 698206290 892010780 178206804 1044346024 730576360 432339070 281237543 205622872 910140142 71330333 900294847 429817958 1003513576 87226686 180223973 725977897 357480450 971047527 835999812 674265209 486333321 704249828 458787310 36816948 681305712 634191427 643846869 883682491 451972556 367468760 702312275 658741106 98666328 424556090 342655651 853480771 550599154 63528132 1050120037
100
689339932 166311701 23789598 837444204 481373820 751120528 566378421 667415978 564480092 60117469 649650680 306121934 378919978 363603302 613397 367630806 998706681 326183899 928664865 945923395 468149759 559440047 96229012 190061209 625127701 335892120 215647435 896574690 541094202 822883346 564086661 835230508 332389904 67319773 206568039 510590214 883127646 466988411 543227256 996900615 626924428 277572019 344219045 189966151 907267114 100017937 297078078 521468388 67099241 1006041699 104901751 920073599 345162144 558749501 672260584 166043580 154764744 170206326 935150350 940859846 327197697 533422249 68340936 522122440 594842379 458020533 607513562 249077365 610390990 551510590 478025069 524287361 1045860818 508707881 681701261 1002939941 1023923143 586417956 871303594 258330271 788282367 60847132 512763160 490539951 169761007 32020164 220466575 972037404 622364082 428266005 640090539 166906413 521951878 194053320 250653549 560582193 569879884 991608286 810068152 577492215
100
859406617 148087765 1052084054 912673647 983374720 433781743 304261031 101014339 757991391 154205592 595476038 142369531 811852612 691252034 964417044 533210157 994439555 909120967 434882808 575435026 390574515 1051215074 964467801 784342281 863208111 440250292 446393766 175537428 529880983 155338048 440757966 36206681 156728396 355599598 836530888 664742050 562260471 278341388 89164301 820120286 601402242 588961096 758165273 801816478 405525021 616854327 208962285 320887704 129989051 698971858 705763728 614221864 235494802 93311220 917165705 24818634 542473375 1027925469 519461223 494441121 603541024 296424882 194673209 979447539 789120536 247452922 933582358 546130347 465627598 253515042 384199575 250989270 722777166 850574586 499107672 196870694 253168358 499773750 473972859 944338802 439026090 863628527 110675236 241781556 1009889266 623553055 893302526 905783049 723899607 517446184 525162420 892321333 282561465 236564046 301483385 390520349 465178811 3797048 807470977 142020298
100
432974451 358722181 257606509 841950338 950345967 270429507 1055857365 364419040 653908352 108035324 909651962 337288082 625046622 33276405 82770550 304792337 906237093 251771894 383434503 52407703 93149398 323186382 431493135 710228642 1030939477 25452236 735010324 145935991 305361640 381721928 60627008 568698525 527469374 510125336 724393185 434191966 897887590 321898267 470628842 123192137 293085268 307160754 49511793 1008507315 378947935 1060324929 881006127 815984945 119903430 637903795 650707971 873097503 671346214 596370676 358078575 1047250204 824822021 423400564 270714649 123187596 727038283 1016425898 393889356 247044117 560110532 554105231 298598261 445678626 436883103 872889119 436850598 137369443 622262770 52259804 534026262 872123979 625272883 200853579 349544094 650957969 643231424 115633268 752860733 746170799 1025467992 338313318 146778006 858314086 629126048 892794033 1037791597 392784952 278945696 43060970 251902254 222176237 467910723 536151594 353915750 713996303
100
136867727 140676167 867262061 412539546 710294202 365361193 788417436 898632985 990248528 758174723 815744881 677258965 184571001 14218742 67981704 206179757 783435620 1061834179 351163841 432289638 14798273 742782287 1027928253 94978599 331700037 518574374 723797093 777067773 869296426 364167414 609868900 791330904 935807660 56582159 180331176 166098572 971751821 831018474 673702885 846246993 1045749393 414791327 890594321 826245444 985913859 391181165 28410601 1035235428 747110447 54319926 615673963 680863893 692301286 748759808 404975962 752647456 530865405 164834933 943797182 57022001 224379085 793178211 752628577 607562072 134738613 676494142 569585234 912441865 378056340 1072212377 410495334 232135196 23043919 179144369 74351794 1014858317 803322705 235290338 568238098 714431165 555725062 839295023 641699750 538876783 255550303 106834622 945446991 666660044 339768913 78033242 617507895 964448288 936504149 615942640 430718790 709548058 624872938 165170706 265849773 857141584
100
168438647 757673567 15055545 56669897 312919161 376325011 626585137 932509347 941203605 484002628 761911544 608034857 276901103 779378097 442164275 968883308 325078219 899379165 924953962 411842945 448887317 531212304 181120776 452855554 208500186 390906452 916420831 758153867 605522125 456164600 620525729 882684990 295785411 1039418641 205214312 831707968 551039031 144472820 789629230 887147065 709763271 754083518 842348374 1010258904 523260340 830719180 357734177 136365901 473770342 87331395 461052730 110787789 305916134 882172297 900355883 1034121746 1016585315 258784970 269678565 961672920 285285294 691020916 960171068 558000481 221567677 55377851 942202217 24183538 172968491 478496022 220354438 47232084 122226614 348591296 113312277 137433684 780279488 288681784 190613626 608522819 880580816 273676737 890098300 635328118 271097358 712397539 617393352 128568007 929310154 254244584 1063911790 688410898 1016084213 734049375 493396066 365739449 610121894 212054173 351705084 183919649
