30
100
219557371 712521723 1004418730 878737888 290970838 1033351929 347873110 971130997 826794897 555212184 247547221 846158254 794922983 347134268 456995930 586743417 956584228 8148220 1049337582 963689653 976672426 523112481 106620138 16153017 37715568 619326635 114092545 749827276 543953790 178475468 560741428 903745962 832756850 959094378 1043303003 282751749 278329854 173763489 738552483 742122754 1002050919 973922111 329412875 70719416 222650120 733171271 76256742 333785525 317971661 484142959 697756764 355435128 742918328 938040737 526166248 258768120 393658208 1036348029 1012037595 737600027 1045528173 677429462 394994648 659174208 633991965 993777457 5540950 1013826742 468244675 844673609 640543777 397977666 559032130 591591309 634417114 892888989 347115926 790089632 222567538 239374068 396514379 397908185 775620019 554239846 1040274436 629893569 53269687 739328394 429951990 243819415 15507054 790507494 500747370 979031247 733153821 567349625 662620478 316877710 735496154 401935410
100
191805488 732780305 980522870 210223202 743849923 1028529410 321894046 1009809105 1005346441 607243072 695993206 130002655 283490938 602412595 330270912 216160205 900007359 576568215 841575599 509160304 118804792 23910651 1055091564 614984884 620310263 280072771 1009459605 889058836 484648131 501024807 340403897 238164004 875556502 922787506 723974109 216778760 415109408 663458755 975745530 827563514 188890177 368371087 233282684 31794119 157678995 759925021 611615685 809235282 421151453 723972296 977331112 636888336 432516257 1068622529 183624174 151391883 726053007 717856651 715659476 403525856 231312400 644569213 595997067 949696320 421660348 1005188676 847269559 845702514 218957028 379989854 364791537 468309584 124643849 71495327 505065285 768944709 547605346 395315632 478721460 208684502 157446747 279267211 325766067 382091286 146353936 31962881 186917035 891003184 607222486 653481268 141487223 826011872 254765747 128123933 708938217 477795578 972943841 246468871 608985413 679542754
100
816352018 576365251 558116627 558311712 489073073 538956049 666597785 297127209 966624044 675027920 640855702 768091511 303747871 1015122450 944866240 855429575 29855993 549713123 707941345 801828621 303830654 549310909 52571478 486083054 889361990 819186961 165949585 787472709 190964283 952186053 294796952 347273377 516588063 779563697 661976963 627636934 306190852 649647905 728566017 815655976 324608210 675148630 902286548 11087219 36628164 493274117 781793104 568413701 467135467 936012758 603264480 747089522 812025514 942292454 1034001793 580252416 312859192 345233477 639453510 769082920 1024400673 633081465 571607250 771189531 481374149 467444730 412073697 292659259 268731096 983488180 1067978687 663310749 753225184 48019848 977633231 884382606 237901242 4415178 894951941 372284683 1051493142 673174212 1001395820 746560071 342526198 367060530 153426082 406908713 881187635 957860037 517758551 260493771 84915448 939619232 1003455954 897443068 128905029 551740382 636048492 692230847
100
63055114 559154450 873490122 903984536 893791141 215148231 439664904 88748866 180846499 457263904 359659544 438718906 383497966 194036934 716035019 913653924 216383458 299939319 541067177 498656376 963967951 495529734 352613741 37756160 746400123 154344663 471940997 771972062 162602909 190302052 205564819 151882500 847927139 784441402 611767534 615203641 617039597 870867196 70987554 534401691 929729487 1027766751 924833899 246649624 394585491 300273709 3193918 197726451 89391157 319933634 606373313 1068663110 427822757 981252754 751395406 943851642 159528264 410940705 56071156 505106640 964543608 309487369 177460214 883355867 689324799 317380728 350979402 362553860 806111392 915377583 771012378 110806789 246098063 29472132 838596423 479183470 223439859 341780449 428471521 501062948 94248043 574551107 839578288 964918493 923590278 809582651 939657646 918317733 940235849 923563504 712129419 902883675 734953390 366068380 979850536 940891188 612105503 817030411 751345948 709606712
100
799231007 534735410 434971584 542063393 333350222 691752425 319003391 208049999 55442210 735993587 564119669 1003342276 980943800 433788854 387572349 992905394 248659778 265166030 10188481 486056894 210847365 467521417 833323200 901267071 72329563 220835945 582406223 638114562 237387059 466850214 684638229 451884105 554679180 353147306 957889549 1017374919 514961533 969938323 1067784200 991491301 484751664 708189108 246527528 113507713 127275619 176684564 276888935 192375402 786200294 176196845 860921870 844386533 911887903 442640686 1008710206 119483947 608643721 617391866 172068970 478245352 1069193264 394068007 452400603 838981822 118635318 543217344 159916843 767399616 143474258 128436099 496465098 858542583 276238668 985435236 917162365 1064889569 830175106 793767688 153180377 993599725 620619367 14650187 772970956 546171136 579744766 241328571 1020221717 737590259 383030627 688208410 33497031 224499474 328133954 404805087 764668362 910284958 729377374 299102902 1041116250 817359436
100
183180540 80424070 588495813 565834421 738218564 475506098 37489956 659802712 217871316 251707413 1019513211 889572613 325355816 958224188 398242126 728555363 857526894 667521157 226596117 454392107 478915337 302956965 1042046911 1017869226 373701647 263300899 670544170 954542147 464584395 505473754 787859628 507764459 490606395 423492219 791773069 201559211 708005522 184167945 938742666 718529058 522343864 436354651 313114964 87337472 796669893 754060189 685715215 848263052 65737865 214610895 865183444 292070687 844856072 782563653 492577071 1044488871 132094966 299497765 676011937 235312165 936791103 219951596 929126175 337723439 117430146 976935401 320285329 629886575 879403664 763987393 526316884 460969506 895589874 187047657 16262585 293354649 348555361 429337135 521873283 1009279931 696385868 645684786 97001069 1051601025 586378069 793479653 742551714 384577913 495623892 89377552 176365891 283118917 217410642 293672143 934017765 864788761 210431760 832177681 46500368 44689216
100
636620826 374466497 30211478 279287236 734653697 1048466408 515867663 441887804 769156659 419274731 172182320 657568245 699755246 215312674 260526737 26574130 102856391 665330520 737089377 1070607849 459491365 625341264 33895137 332607557 473294531 898521406 62081256 997527333 587266610 200059722 421086813 120264346 609579092 586768401 446558145 6604397 753431522 638200099 772980643 871568534 512144104 565894534 939857193 136675270 347731268 867775537 462860941 294056414 924517162 828198546 880249758 207909494 76143522 601428745 266003515 1015523671 264649480 134764395 713146076 936325377 992113036 925621120 590650121 193902886 1045072304 1025053572 575046624 1071708461 643415757 665371306 805006995 928346800 230179726 175007124 351004904 212075518 1048270962 151153884 683677623 458246810 255963726 963200911 618399088 325506490 264646857 392248749 701972626 331229384 128115935 278993578 668584501 157650405 519989087 693217264 54023297 1043052641 102596461 390854491 535417141 325531460
100
971406779 934301729 560641993 839420773 56294742 994732 391059421 634924986 999523 778604878 33376420 468993908 659202959 433863703 346161397 164901594 136474748 331458343 670384089 526514055 883361854 282554932 687841040 455218924 77323740 646062599 457667979 571454667 675561685 817114879 630180339 526847421 185530264 777610124 462624033 1037581741 891988490 56593077 442750116 14440027 843914244 414609043 408743230 572966363 53950419 65087187 1019993447 476908819 113240247 955430712 784252873 972998208 376423780 185597463 228597186 317193073 167217795 684782298 831164901 597150987 873162034 320550014 612252281 172320835 846007680 105900052 14810104 109923751 439267570 786884419 83530642 201385878 544779521 198262468 910260648 362967235 526129562 305986789 583373905 763833014 1031545756 1066684423 704625112 152691786 244856669 131200288 969212731 800575536 977337126 931460666 390131374 513911659 356653490 840808690 522277398 41628627 562748595 777936122 593370511 735243922
100
872966807 809954791 426524329 870178969 656527651 230715168 273009516 18718244 510342540 81497841 1050031874 24698477 467767508 221282118 339289318 625247082 1063591567 145197244 273059945 931380484 887069544 530165030 13529901 106976150 813945756 577968651 385006507 359776882 83919229 289499941 1054446510 383591004 12614640 215465187 540145366 1066918925 143799535 7507688 155490583 173497009 391153672 101021322 197860663 603395689 593942749 580690259 498515 190844618 743080354 997992324 936802138 641375581 457413026 266808973 682919824 720717853 874437563 381213590 955484941 132799484 195253469 439948794 697757756 514742110 451199630 265755078 194177884 30483611 265140585 884202047 208133378 580658305 746253210 723924057 726927509 60229841 541181796 815984960 362126033 333283006 108815771 112367827 1031209029 244296049 544524330 350164004 1025477589 417819783 822700175 482549753 996306232 549226129 434443866 346394446 369489787 746683283 996418994 541744593 171784060 620973957
100
719557221 827185775 544608469 962697089 407630239 748446813 496513763 610352040 519405644 161003168 754366596 1051611577 523621865 994371177 1033645696 416837184 937049898 72377146 565474836 887574872 724414580 302083436 653221745 282412340 584747106 359062699 229381179 696700058 72491587 495728244 20402698 714711395 312752282 313136286 849769708 816120573 233838493 931978190 521753057 482694377 467247031 61587969 426565982 965545277 128718855 1034560774 648591819 448066338 336908511 993865985 464607749 841330007 731878981 279959274 839467996 238330028 945746549 125768460 950724246 372121224 241844316 684229510 491084139 596042596 538676767 92622541 157672967 122611022 641159058 734747176 911762186 616526439 23584962 630116403 700997259 184459109 498522220 849213277 74258577 561120786 200157827 751917162 726289817 188404683 403380910 715797745 458215699 531965953 523042503 31018462 643954661 924107451 178901341 6814194 806671078 326697747 556962867 276663358 1067727204 538064309
100
1073416876 603104159 422720355 986453164 308753526 899208523 828526451 657641560 417650861 978343954 819500623 1042869590 153975987 205702672 501636084 401458926 835343041 789046357 909777524 1022500504 923107426 727485799 571383924 738406021 961393910 568093629 329355182 315984918 587599920 71861317 915090288 387570274 553408664 203722975 735147804 696601781 905937418 347417311 282109094 527956235 793805878 900253071 944952089 992672409 1021804830 452294826 242294034 496002117 365378458 498440931 421001027 407831337 500751831 286075996 675864306 964948244 940183508 224530735 309549175 909375240 212295139 57744361 176111041 194428861 288157486 134866953 912415954 178641437 201821232 410748038 777741886 77171654 603977016 251391558 908864432 977105803 139102442 496261800 317533798 54983667 594885309 761025019 424967600 504864185 414046589 789420548 831120757 999617098 1746378 20639869 383937709 637572682 876558488 263427472 186459112 351919119 128432558 920495712 234570693 471027236
100
85018496 726506364 614859208 60778227 725524345 449924949 248297837 378992471 224960841 1047914287 682678073 67492713 717137631 82226426 647176072 480519829 73325472 393304893 691686248 53105179 17528549 61086609 733047579 255894414 190629499 37541155 612374681 260367190 255461665 373541686 29784587 958423855 178460941 7048095 719787089 682120360 487908968 739257671 497577341 356675493 538100173 208658093 267943766 1011345630 446592718 435602529 985397718 417380446 279524975 12068746 357782956 810627076 113725865 443479137 348108475 418636293 296797160 1067419828 881958553 656004968 811109774 347394660 722169617 407574152 1050992238 959626727 757185697 715225494 101847121 676852934 306409725 188208405 281702772 734587936 991149450 736587356 721215240 975061798 427810276 500023832 763113393 1014002077 467315288 55876295 66153992 1060816479 132643435 162953021 539681561 70235610 100783953 523845923 861008102 64518287 935427702 144266099 353484002 790231444 953562105 224317693
100
704189715 334751020 806832870 698262911 171452105 151231254 212711204 609893582 497543304 1023393009 73053955 663653543 491102389 254157484 333917603 584841538 998285514 443152233 238757495 1069398350 759239637 491744256 980618183 1012805737 646585591 496712059 32845103 430709161 80823783 545256344 809604638 368738838 174407021 993209162 58078296 213226285 528344551 320102712 834752117 452341087 114275271 533710909 356272735 402543247 347888658 623302630 619234264 132669592 24826594 625520375 1053422322 773004229 533764582 1071924710 206856852 202672471 456548061 224293215 934147836 691902979 562162207 148223166 1031291960 905487473 91184404 115205272 606024875 1032630206 950255802 169711922 115736463 537890299 889381923 37187848 808218477 1032898219 242387700 615064392 866547878 315052361 795143144 445276756 377495534 114040768 868515659 827690564 413642955 279673073 790306176 405026658 532169754 718742321 739143036 906588332 423532171 29580999 478913352 292811349 659697440 708358258
100
331484228 264033714 858029026 404748508 795961491 858413420 368209467 190796956 311729681 119187278 532199573 314293019 444109505 714092715 750852734 522992454 816033369 850698667 926465142 830961696 345562308 971892682 152099441 106075966 419979424 287148119 408567385 974094153 106460609 805586678 883264138 413427328 665830316 654580767 858936404 62304563 48996381 565869468 922160765 1024663625 522985857 1059908367 147571644 729632699 148898172 562161770 859939135 562070807 897208165 478158964 1022447910 119262718 71037637 390985035 726279429 140734118 482016732 187389149 791416934 342990936 387043356 102752109 1003909957 155230195 752879788 1037524500 267760786 575147111 763840742 203852094 668576947 553096507 323864281 603070249 656334847 795408648 575713223 712133225 122980676 786650108 762337960 638343271 6911041 1024048728 950028966 557629405 787064877 1003436786 860160415 894138203 861332014 294254004 814326439 767859654 623239139 666882587 383214723 451897044 992639451 679889337
100
918386065 981241372 462396083 1035134807 887906012 337623709 222250563 291364578 877894122 418899915 459267895 961018211 211334339 315925256 475277424 950793638 549706432 547178791 383615844 591750442 879667987 719847666 701607581 810340000 1049059135 629507492 341431352 48603249 434258332 432783728 143976551 375911222 18052053 615069688 330782703 540023870 944440681 717963478 805439147 64884747 623729197 73470486 103456263 707695829 434233544 155556538 1024404357 634930437 97655093 899296565 936316732 353788347 332589893 370932209 195246676 432764233 984763674 180246985 135249291 358991286 711145901 894691471 625518515 284137277 222426954 424701831 233059377 485834443 170569231 149790698 36981120 2819204 291262064 993828197 81872812 1056757310 56739766 233724055 429926104 561105412 779849339 81574294 538830264 537751700 876835631 278829675 1048201239 194574306 646236311 78680465 535553363 385752467 260233800 754748538 90670812 631107971 656913200 566901258 124049081 600664127
100
274875674 823811586 979484044 852654581 770596598 248173415 561424094 160404685 828381663 570276263 836261345 775523794 6853514 800935450 398150388 995671571 852160416 104056616 883685289 527660276 781427260 675406544 299905351 518975148 654215792 115918114 1062499144 732469960 924179648 295773893 526315995 318878374 676584869 804901746 698514531 542580731 886139915 672626807 596324342 387953486 1003183059 250594100 666827230 355117690 780705874 542756769 422308380 45647664 854279888 105768647 161371616 862467443 406208778 669945154 789105170 3310106 30539697 305455558 1038601677 804118865 454679785 760892311 577467614 957646104 1048336075 995719439 491831881 80135106 964172259 220245532 1016388292 541314680 1044372402 894395071 57411387 928167860 588186925 10039694 405178186 123062726 108604732 623384114 971846598 939666771 255746876 731380714 327151925 737533904 91113854 224762887 996143697 681966091 837025733 636136558 353356424 710887075 140828108 474045977 307449983 374548619
100
497626006 110710923 32166283 602707644 424081286 435752758 869976255 949299035 794458911 745380800 414236950 56455203 792921259 624489115 567656404 677985809 284001799 1033433070 725521168 344589589 260436773 288887316 289708087 451496597 746975370 570690586 358666887 77979625 729469392 139733060 230904213 804121821 136112165 998865544 553707464 56609330 26353867 982704913 1011953883 163294236 385217430 520020157 135719007 19930309 981508465 277164960 464293942 147539657 300401369 573722495 380593945 500895673 332539488 496934486 323137299 172360344 863567659 601592531 436552708 1009191521 349201269 385911512 498303520 1043725438 886119178 847348220 162495597 801567570 180207053 330929163 468288328 711620785 679289394 928206722 400751329 980975715 157555652 460904468 499483066 789590692 268994976 167106855 365455148 223774375 754431225 146098264 761164257 570273038 157941650 306509811 417723995 56576628 441311815 55114107 701840748 364085731 826555268 487116840 245185212 170839902
100
411071332 1052545863 554742361 385535539 144646477 717026268 770517051 777118437 899547447 85243807 1018885859 530248093 781751847 505863815 1030801184 945118766 164692312 450581473 188419896 882399486 793384122 42566859 999607650 394288518 346109294 1043285690 550310476 459145427 72486475 674106868 314792853 310382600 634262109 956855319 535084628 313720538 1058131808 853151376 1068753295 785360402 329388105 713266469 1063635141 317936143 404410302 851794028 677211749 289087809 750385817 985794641 261107284 236761775 881853032 648268436 337444972 79045746 708853744 106799433 312509175 212820536 108733862 331555158 974116152 612811714 664551988 242252024 1042563554 73595750 756421370 557631038 446806431 650400909 613787275 976272780 973217162 95371830 973606700 591110170 424630709 69877106 384542040 924877427 842420132 489223142 9902654 55960311 194810064 977192524 274750017 80842841 272820518 95590130 332218231 855302177 842971525 617474105 1043862571 960312618 827597380 142691095
100
351589925 293273001 733486486 120366395 179311637 773368434 670406994 280436145 184467665 498640464 34943487 215266007 743044486 156104808 843596769 66778491 342763826 826764241 866849363 360646050 168924970 436247064 420156993 737985792 720434581 5883326 1035508909 595712386 832338926 109085880 712881453 136740804 174012806 3357423 806645867 1056845212 877313023 621372606 162950820 1049232525 278988242 915059063 329236010 924259412 269931722 387902942 43977186 783445344 581449863 639680172 319625159 530383697 737769724 882715405 382048101 459890560 58608882 227145506 586891358 271393655 887185539 461164160 536953065 275798900 174467999 757939888 644086862 700752107 675223690 961249709 636164459 690883841 621935196 158734441 207544626 667417362 421843840 592983368 53144873 491756331 317516853 507180706 607659496 25056400 1023031568 311652678 932712862 945682488 108597624 945261298 618361485 553698124 214185513 404989148 70137226 558313900 432089010 712709676 613593214 882745449
100
531461759 769011943 383500364 48130479 304789606 1041816151 531617870 639034598 340792293 67294452 104847390 898785149 569884916 536923127 267008670 56236709 1029014017 136428589 542160998 519351912 636092013 57676409 1008126528 379752480 664202506 316676688 318634922 674556158 924716707 120437819 290065751 1014545540 815069301 339971161 194439086 762339083 328707758 738535642 327834954 617954366 138678005 194439301 655080824 362540445 256379617 796711219 921384636 812949756 1049408128 338366033 891488588 948031233 323489490 31539042 907839891 180306345 830458956 602650235 866316976 1070820035 541504854 346263237 728631540 222628467 826211533 415777535 644779112 810493361 153835650 1041009658 826702660 969755848 781773752 837848859 831988857 133837271 451674538 792943836 252643880 402296659 156866563 300269386 442602537 510549635 647477604 967334025 932352646 58875395 323921889 643764556 339709948 876341314 580179844 545511261 500233345 939072003 486521033 318942235 1052571576 509561056
100
873005815 625369982 657574338 555396975 1005744118 962668130 986384234 296948365 850175538 849786404 657582316 596903880 221038169 847528509 453347375 6175584 768605484 571258455 79247470 427500810 465662465 370707665 299556025 190284397 784303426 664629564 123571829 780313000 1037721324 23573216 287478744 8158154 419810577 530548536 876258926 1027383129 915960406 549723249 77171095 431745740 118637686 319192048 473297158 252385041 314858173 472792265 382711619 213914120 506727565 896665160 47604778 952379653 324231132 938336876 220857194 432866130 384354228 564224103 716196616 688549035 46150323 236947231 670568921 248704960 914319753 425367472 342169099 1029259446 305642876 104177640 865997724 867465126 923731686 231070922 1027025633 851778333 463074230 795733260 936548097 348191387 448898539 893178776 707900536 124770580 625910301 591055375 837834645 543352690 661851636 864936769 216298236 565251856 82722478 346062262 123473444 218238016 128161693 431195688 246647769 301095111
100
830900743 486424763 1008330332 230620357 33528308 263936446 71280940 939804804 989658182 13701801 260305497 381102215 230338440 642268311 915118710 774258690 964017401 310514808 636877837 150144833 154622730 736258449 145210905 749197855 837935076 405279736 867462796 747722383 995722207 619559705 988867786 32836375 19067916 739044404 746103852 436172112 630305965 266174684 816813695 990072936 25187255 814437753 864761474 1004811167 961309527 687624135 187437675 164004045 558920810 922793301 118640227 559850203 131426563 801624583 846655237 846830661 228996841 114486933 462681059 496559519 833552918 987797257 551895553 482057229 391264057 831140165 481058392 833552329 442330677 663610235 104921172 629162656 919084192 553568947 133710935 1038722677 631642181 836075848 397223476 248835005 335014306 211481963 389229492 927797250 54718059 36147103 557733653 712596577 924535813 45132091 780777861 511427595 235516427 1033786091 776396203 474780359 125234381 853764912 69206559 887974766
100
634520795 492250093 294491758 1024442432 648420758 902551831 762945608 420415378 356557915 888273680 166742035 710170082 348966906 33759553 355909110 859704450 625591704 234154887 260452785 45754488 1026723627 419306675 833401109 83002624 180249087 682919177 981161607 55504392 963851571 990756034 291227522 448201395 906274877 30191242 497484562 574482391 800668002 421917186 194478169 396479102 63949887 1000666687 955292941 709440105 345997379 748420169 750083064 682108040 191616818 833151389 243823479 657921411 690432931 991476396 193965052 862301236 396195715 171195738 938774156 137581611 566323857 1002371967 89940802 89628713 387305695 473132393 401702858 488930469 594364759 310758488 483911143 143405642 293227572 1031257345 103231981 334837879 65634693 382126604 969136455 46520253 771778477 247443094 296859890 449944677 972704230 436236464 96072704 605198568 412976825 443763677 931013143 207124597 717432455 600599448 592629231 701981038 315277828 454325708 695944152 180398059
100
403301722 1017163825 458182709 1021097850 1046688919 60722674 787636556 1015975680 1010554827 637429027 612304738 619665994 976619443 196925795 815040094 586478897 287005695 305268834 345767002 677757664 134624725 423049319 739111974 85640279 895351372 350475978 82298818 889061097 472915186 24888955 729469671 1073689278 112196167 812187258 754939263 913891666 770146879 643463260 395699753 700425204 904049348 736259789 698274998 1037423176 618652210 53341192 899013807 377321670 55499226 783263841 987219916 790798136 27836543 366491836 385785982 576184128 409654491 506826002 1052611686 48188111 364771355 9682675 543598300 762946223 865405023 989409279 763638633 670424315 541854524 26736748 204488781 926612386 454174777 974038403 471048442 323367655 615019349 496125987 238479510 89612259 205490047 400282429 168766589 163958530 259911965 435341910 1030788797 70734466 469330054 556744712 5294233 842246391 1068293256 604841089 679677191 223228874 1026903266 799728642 81287986 996146613
100
34428257 978135288 9179464 584074602 377682055 690949484 604512104 1037185115 717260019 325333845 501446090 831603248 1016121398 943627182 826688892 743443694 556913781 1032138788 199440733 928998028 549027562 144483739 546659488 1021501303 823864931 502935209 946098509 481051921 94960066 944373274 577296064 775398445 690624123 200513898 4956200 85088149 31495961 384170830 710441737 741789317 806910393 802522667 190825915 338110253 823789197 55953053 568341992 516987186 295272026 276366834 154332946 193048621 66984186 31435949 179562763 75322922 538596315 862024963 1008772730 922005035 724537471 263875937 497498973 762429091 139920122 887474916 1063232386 469560316 447344759 957385695 858351884 747062033 868433331 1028516441 891788020 560174004 578047360 913809036 39129990 316169001 382152516 937685351 166399712 605322921 430447991 383491853 60035446 185652705 131091497 821659988 967122577 774407536 416024441 987642439 64437963 695347564 1010180639 1071724197 70997652 86233054
100
648683615 895634608 93045569 133376035 568043806 1039368375 73934087 160275537 792351930 187404692 849827860 1026657907 720964548 687698951 953891649 455334818 135626237 735041827 736703450 145493643 837702877 84993232 851511329 614268401 914175501 152712266 153389513 669170473 467572205 35599520 46796923 930074780 789666319 689948982 291750996 371445832 756566970 51987011 391493733 512045632 585587304 770679636 2413874 224953127 63352392 499726791 786993972 803136185 18188988 685146961 306808151 939905603 563544284 79717497 349614972 361911078 833778162 104247066 800834808 808539480 693232124 140048613 488766227 186086882 256383534 519291357 113638283 710544739 896047981 466348761 344746766 199986827 599482580 1014135813 773806019 659895457 745959987 190495585 434009026 814219774 765937291 472683328 581705623 190779024 951449235 277694667 358696131 917317208 858537782 1071153788 905052219 921679852 124408851 830709411 59579623 838931190 657687036 388323812 37772836 1046738610
100
408667575 132880963 570585204 640047424 269127399 965518600 494537248 210579653 262902804 1026427435 709839024 253325993 447466545 604149722 60979890 985194305 286162182 930593077 708826823 1047277338 768655791 591962321 371517990 559048049 315056411 769409846 819287830 786166457 418444430 259531105 85517175 676308761 24534559 1172291 167565114 101414123 819171131 46776895 271756004 908788543 316841760 223855536 572917264 293474389 599994723 687194977 409210346 855155751 517483626 294669843 1026425780 956764893 39174131 659049466 458306372 997183318 723106700 1032813376 1033777540 732761510 164115736 845789825 899246833 686306706 392593232 1067262798 960430621 201401622 1022259263 651883690 150208046 323699423 378795973 824921488 402573660 552231122 414647830 958773099 589365110 838430339 565953080 515932315 975998046 266664895 826478728 314631927 44964488 10717954 310208822 521540166 587649408 632665089 76676804 816373445 378496097 219682338 290731147 778729380 614363230 848370431
100
413909384 361507644 319064295 83949892 50828555 168649174 1052173661 870370698 980011320 176146072 178956183 805824943 268242447 1023512581 478231296 928614063 285841159 846096178 260690358 692217177 722376071 597403208 484968204 820671697 446727019 158197509 66867722 478464270 181812613 866246972 729303016 691528029 978251290 593664336 382250647 5783260 303744865 939974333 381640504 1072646912 437292552 764418704 262600866 768118287 492434350 96759274 170549728 561984935 557891946 905846912 129637553 122022709 126276163 487218974 1046046727 442694271 349363637 363940383 855454344 463128603 452727346 868307959 619109648 352491509 910065567 448262058 530894125 838181837 597840339 643927890 346214306 254181814 908057371 252375708 276056804 738646681 390753977 203277643 994197920 335507632 260836192 960662964 386344243 724727307 154916282 727837505 427980848 130167566 555311842 874456302 319701214 634780913 502715114 195430351 247483320 299334719 412859223 971380104 998325739 430064471
100
563413715 956528603 849327343 110413234 9602558 381929374 134822540 937491567 310867306 780004223 298502922 777542186 64632333 113173629 700432666 349826348 206731761 360650953 306446783 669304883 436620979 233719371 106132176 1025547502 778730501 534463774 951173498 678372994 815804972 845257232 483686587 953181192 22677634 784783651 831088616 111387404 233982965 598857743 177428776 873421327 965516678 606449853 62330870 261739271 878502092 149590989 485672866 3974618 40729198 642673425 1020889553 24969958 75423405 459754512 994931961 1028836732 249196503 457292420 605149926 15238752 993176789 866433756 368041784 545130059 736800670 542487739 6774242 502794345 677313473 755377527 119939501 216433884 319397088 55911067 1069509299 1040964407 1000052015 93236325 324912356 867093763 946183161 34787400 191442564 1061242941 61484059 512662380 895192747 807797206 313713287 359718185 389905348 715055154 1036201155 54835600 595939854 355349930 423774056 215747554 944937502 167037706
100
443783446 994033499 550943251 896275126 1060835927 272897665 913381370 400595576 669706116 1063269407 187330535 609144273 374466991 437162777 887623031 99798592 50642335 380799782 624039739 98702165 966336078 629118802 886077751 529570102 655814506 932375678 1026203491 375217950 495525848 238641115 116654126 130037210 47733805 765173107 1022326518 250797642 1012502835 994750112 550727313 271546342 733625963 644272275 932764615 719208246 1026857093 878353102 29296597 592223321 439712745 845444522 458107627 231178623 249442097 426270930 245552815 640883055 336328109 650381766 1011626169 142198274 986673629 169816666 965147925 795635366 696113147 225601332 773814468 955129564 902164591 163448401 163841082 797242553 712174168 271291776 538090977 44719977 851901962 747858149 434842773 678735272 949477258 195074424 835754535 477359175 1033306388 470633348 543342042 282858669 460301718 934364456 893064937 810978131 564446002 1046271193 397825791 1371719 995669440 297404382 309640381 184497066
