30
100
107816 810512197 824628688 109058278 720639247 833454280 41844682 378989696 564326984 121304944 69891093 142523208 309263912 218135759 369360711 417456355 1060651690 613543358 394075358 912219258 387515116 2096854 306835386 264387898 626932656 191492344 647023262 67772116 165655516 679564742 216189106 391558653 286891258 43115559 142538244 537423087 749323193 220159175 849479682 933760999 1058164842 577470100 501523969 459770277 669259651 402000706 787104186 273526767 1068661280 206101448 769818567 257892366 1030936189 629277921 43986986 911616846 287934589 877529996 54580935 968610691 436632102 860105101 1002161126 494131071 5456931 651600362 448249010 151900061 634707521 910763374 1049375676 627923513 293789682 845104937 861606264 295393333 901140685 582287597 294390974 617757046 842139915 519260115 304780107 605509989 1034330636 760393908 484983358 166947695 882112208 471737521 163966619 1058797445 631911551 271033772 245710283 723510941 369916642 241246924 390385178 342433583
100
453729533 342421304 522531256 294326560 623696750 624093881 451351867 809624132 423817233 468245653 924054459 1053421485 576637982 95427496 644679361 412036569 354460816 184300083 843613148 1064376042 1011017382 884237913 1045141789 384318246 44530788 542233251 95910295 991781239 51978511 863506045 731609573 177485803 439535029 768239286 259931300 726373429 857671075 234857988 944762612 242566186 740403949 494300542 263689467 942108230 471679721 466361632 403531362 447316517 914801332 842550346 1066678998 658422026 125385643 212783681 868484744 277882459 98279411 889872045 532113070 488134690 97162995 314679834 286146048 305301390 699949525 1072236151 383213883 850352496 217370632 981661593 240341921 101789375 110052288 392215481 966923127 533857556 264554101 34986994 749598342 676652846 225193312 62921924 350590619 996470128 940723713 10880660 546754056 174313054 582501020 451804713 318555168 311033636 744865462 787475761 575867326 567960591 1023505309 736328378 360695231 397119761
100
569168825 925299075 132684353 80088269 1019872134 473474416 711685209 1026535680 144890974 743208303 169010486 1044661972 213741536 308010349 964035676 506693607 1041831825 1018019292 760695664 105764508 171052376 453306415 1060714172 4133530 7312386 442743649 79066542 723483981 788443071 905367663 444574552 386707044 505114275 351844057 1008778994 708614225 856342822 362856741 66042964 515677388 709288613 359588188 952583293 474919248 111170014 1063687563 560893455 773231517 156588408 688579652 802223567 403246644 90318969 254634266 946282282 474959070 646675150 333607209 343123115 353386790 317051334 925640587 1073043590 592582362 601570455 607048163 1047598353 400930958 301052120 352328919 334830917 663643160 349434629 1063483534 704122177 802639637 660541183 889554230 167074503 239688547 364273801 570986368 837379518 267574181 966798284 485760290 688855214 192112579 262981076 190417236 629217607 201179495 501894416 918532436 94406874 268552320 992408022 229093602 442717406 40927171
100
884780740 32249709 30155045 828002752 1015068995 470648772 1014383202 834024322 134787757 882604742 636356986 501612805 832130513 430666618 217084206 518271889 37165702 908510089 648846727 563796308 561750564 860896193 931020880 54775260 994153480 371158164 501222807 929530526 955908629 127104665 680017968 649877363 347909422 962554634 216084018 745046806 1013277117 580009029 122678647 90737575 860906543 572276300 721094688 1008488234 562556278 794048324 721633552 406625289 125089670 584974329 861956204 565926286 493066712 211072089 1003765793 324026474 1047672297 1029338101 463827038 800334641 515158972 636465795 152341525 181192412 883330644 775166046 465380735 1045121861 775450683 846394116 492106389 796861358 34414591 647837079 813367703 39821115 766999727 965937501 428408201 336462195 973834850 887025217 26772145 491924163 785682096 1065642831 539919131 735301883 931282231 482627387 339655445 923944910 446624791 972587227 427374003 878500182 237045878 552165288 856940876 860728975
100
775861314 427963387 982075352 973057114 1039020265 885841951 314869109 912476604 432636420 830183643 743653391 645556570 411954846 172156567 297890098 813293292 102205668 887622525 674819021 626167856 530181800 1024260092 347448502 1039675751 687905249 1003900745 994741028 789778901 584630569 127761369 871952691 795801668 845596734 723571689 1054639203 96014210 533282945 803458550 934139417 845079262 676034938 196166981 115176477 312502959 88711506 225562204 348754203 707209421 843609431 969415559 298859810 414471446 790790779 606433620 1010839080 565713386 896333270 893922071 728373379 333701296 443940128 1012289383 223647601 252292687 561952568 470168735 852796817 517640117 336770207 562509150 1007461736 559289940 278857725 387740935 898890206 939320480 564848283 815510594 1019817662 320359058 441702632 71447929 269529401 1051259432 653228789 512864604 100800611 953064419 989121784 606559069 80084405 29027143 126817229 549385781 958817674 92357470 813451632 382990429 991147938 945140534
100
529711254 60835745 1041035870 767329743 789305954 380923281 1039101293 667213499 484135560 150810204 338780795 83401687 632691604 416773203 715263398 152864853 915374676 658102186 576972175 719427465 910733916 1004467961 549447642 126633328 790383235 640835516 23459250 855082790 758645092 985794260 682377282 500517743 607541726 590762245 815777085 642681647 829056917 890415990 871881558 157608434 489661294 163623988 171888329 364373605 296734743 547877550 549555665 848272090 433122940 710156346 1008231727 139398601 524108371 971767951 375049386 430969417 179791506 8047177 1045447561 661305499 506229235 600711017 338705691 170544800 473312119 954897874 12786991 150073437 352276192 676909005 200688796 340961406 1018945845 147661958 137702843 957685969 69702978 183228556 538548455 255386311 129777685 657188437 876923140 611002358 244473218 488265400 527683574 592919193 1042130080 964700529 656468773 57828878 473410634 120376736 390328319 522549079 891985824 73869898 134465654 678808986
100
893859543 342556542 378534561 621250076 830088082 426859921 282456923 667020629 439554604 753702187 240308313 1068237150 994729530 473562957 448142930 638686762 952989106 716400638 876134047 962633455 276906354 943778501 874431 330060458 622403001 815390513 624842197 734027929 1059349164 604427601 941325093 481703103 770997458 850829884 43581594 1010715747 956143001 66616459 541214275 1007655569 544459727 451750106 379720658 791608471 36109353 981546570 222456092 805355145 366942655 851593986 178642587 274083775 448468622 568426665 635213295 820594514 1028938741 729075950 781630040 435706018 883479352 684298753 668373310 854841298 302874113 492438295 329521834 57683530 111910618 179824873 946094538 1003331381 793407923 394148405 984980849 541604865 224883810 488365116 552910996 358738145 853491486 411660099 399121102 953708878 195620100 708586258 425945309 647605378 526783635 166185848 725267746 90681851 449400879 316771524 9234469 991895038 789927585 372652109 836888847 886138386
100
801456364 608718383 52772225 137998362 871559037 757505398 665782746 488618790 734240610 969153786 338913138 72622608 1030884095 65745783 151371230 1027885332 265463871 658987209 871687290 987501523 789976334 1029740147 762828517 703131088 968659932 5675035 906787203 10838772 617388064 381504523 570060282 1039091722 916349651 356324274 904656821 216691524 802074353 886604833 319746148 403834036 975859196 922334863 900713594 888815316 497390712 849946838 897626030 944041727 732886640 277884403 721326458 797599221 158544880 229174921 430338463 892928091 31503752 918419807 49061023 279789368 276740304 823878621 304611394 453275770 644443358 252934803 635670546 795600751 50667217 557384115 390576606 65979724 440038986 795936146 76409403 637817258 709738990 121518891 263201022 1012982531 329470949 384299163 918984131 499865401 1023602270 526290342 667249769 49880080 254558217 553624625 898398612 397592495 449736859 161190086 544937770 901988644 204782926 341748499 955910359 577992925
100
1048577643 1051553929 1033154863 777397901 769114691 54579956 794515154 601131423 683600566 67054606 143419746 1015693023 148564226 564728724 918516704 228149913 615941129 440070532 615978288 924172702 105541841 747979425 487725209 966645187 651653892 439938291 198647368 1027011169 313789809 260678724 161272780 654436567 166707849 390618787 827374747 999828739 753788131 574085349 534678156 874783181 106559416 404564767 591005276 478573981 236429159 462318893 210602025 152735456 319824370 641821487 261029882 854329478 335509376 667707910 389910068 292503175 832760537 487259099 1049209894 420407897 250300909 714663065 698999935 505466748 638887501 555028078 320740306 1007908846 331720112 907972174 1034119449 149356727 462971504 691910768 580550191 222492255 867097610 2835663 581083221 834355571 926218146 36144042 879440046 303440644 972165245 508797444 201180354 799359271 424417412 893320741 990039807 201573238 291391687 303729687 415422259 231440269 252011000 1011108393 384189203 823342478
100
773637488 104181432 768072862 882731806 710454849 886887709 775094117 945006380 490765497 1039272098 675293330 161011032 865084725 407124876 743661397 111662088 350805210 816945282 79868899 937122886 1007087118 579382034 289725430 304689728 992845053 783685674 568778570 245556681 393944085 683730591 895144993 1008607958 169250954 785864617 649178048 845582851 577382099 678317925 114429680 412829964 953890603 892685650 373181054 43633492 498235921 744551636 335236027 60332641 874925256 177087925 514501884 911431261 901318103 851420319 891933211 627732119 777869707 892883875 1011356916 819487232 504548976 624163509 258343401 127831983 283918812 616603693 168797279 252417885 716340324 876245319 686023487 457001450 395630181 19675812 408612214 784345558 261745788 647393479 138262133 292453321 516056078 249481369 585138865 821094155 806338497 770334694 393380900 662873612 769737729 405042654 1056212682 937117406 643361660 292795285 61386021 123730870 112880550 224396418 453852346 570325870
100
1072365316 313817746 492007942 47381671 215801048 680236986 50233631 308684472 428344228 660778435 71684222 131060973 54861168 147311426 460009103 543806987 53068072 763826257 693420256 467476128 364620571 375511820 275465377 533675384 329418111 651101205 131063595 588898345 110772458 601238289 608927350 566126473 740818138 290984745 513395105 252152882 97746991 139857802 821141869 931861253 216482220 554336229 1072509122 150835620 502857849 333733104 624135466 34226934 918351012 79156450 478537553 547416998 786784155 62257147 101862283 23842469 722543795 805139706 724431438 123711908 654987685 265708965 886644915 244838811 450342667 585837381 229546233 569419589 744665320 722492199 991992578 655416225 364117789 678279964 337999061 953601139 638094837 236604921 498443034 878198976 172050074 75329560 1069384097 283700566 393166749 654771158 929336283 936962370 679380338 185642515 634137951 886911575 1044476657 100278965 480780903 72630702 928946647 416448805 340944976 953724960
100
539017424 154975774 768862926 779898937 647835047 417445109 16971674 328737314 32371871 412569761 421480875 619869002 817414194 182794255 337487341 642594657 161178845 171996626 330635150 643292155 719166880 978241695 52425859 352788752 49141889 320046033 491319809 1054835068 972755721 598212582 785795332 49556352 1027458757 1013029631 197454539 261916991 750904774 176638308 881182041 807557442 885253921 301512190 852432886 1005213429 737338224 459862748 177461165 98136871 673825104 537835950 936584140 16293006 460419553 904674381 372361830 765007937 861814089 34637105 999283924 142305852 622468913 7628793 51139632 599444959 145634118 55902695 36226520 125779567 643641785 640535137 637478897 918032276 555809728 313799538 45852130 979441114 966604819 544660038 869041364 605314864 1025048431 167921585 125442105 250248043 340891927 749551785 349750850 65754308 238569294 175023816 122100839 227645526 854402014 257878219 518648803 874688161 596184212 784794389 567846454 316490762
100
98504749 1038832033 876634456 820660411 345925947 660417965 703403065 5332058 121591439 347402149 585410491 180372859 1029197851 346373911 421883091 180076928 900517364 517421654 233312985 787033295 135768276 751897339 838832138 410640207 556862107 476744288 102603269 871733486 93449929 427947556 889040463 322305565 1020736262 283292842 666413775 933569618 650524571 982526361 448984658 202452613 657788918 501652061 139933960 631699891 127419178 239346341 323986693 65395038 660085868 53197027 1001377473 798909452 374311831 454312655 207689113 156127172 1058444713 206944740 535010379 258694804 419059012 65429474 267768190 628054797 868518702 903480138 578062392 750200005 297058001 802509797 200646758 277269716 776793788 300369726 786382679 1053082199 47436064 779783459 335386689 658378481 330212435 911283240 936985787 59089733 334794577 29072931 777006401 432059261 920490550 1014981809 204669364 619848646 418318021 907791792 1021919703 228000978 84390116 476196803 677238227 631644244
100
848406225 330708660 725915015 222173983 728299654 899032809 767657384 166128188 685803729 217184968 279629943 75636200 142499428 665940231 286056634 666842176 259405624 749017924 556763323 657868928 1040690438 714102399 660729541 675877772 231500238 608818075 749177258 418610280 585657428 271888352 274214208 216905920 72244382 127147388 637871839 599915873 59371640 813407229 993356261 750239422 415391728 56475864 583715890 934707564 468117978 729518054 203575980 75643558 808937548 666264546 474058172 200491209 731575587 1065772780 933430736 822856665 1064738429 370645769 729003991 34407931 754330429 600797856 760455624 334343161 452521867 616364286 954949403 752106945 940880209 414550739 719902030 611761894 794860735 136322739 422899809 461506334 452610247 514923927 276066138 761963202 192334753 328780633 254132419 172573521 800186185 82198331 250474279 950321133 615323132 572583009 753311128 424388060 963714751 5945938 167711788 698308872 1059264984 943500667 214064251 720553088
100
1020272556 102002211 132029173 573573502 805734552 448293700 179119934 782519661 406967898 1001516293 977251540 40909687 6247915 668164109 1024415830 181489078 973548461 688615690 875282439 173456011 809655267 4426030 442037323 953891097 916022070 987847340 363798573 709023173 121462578 1027439936 341686748 711907004 821937862 631315108 1064583978 421113965 202158792 194816796 148019724 881658379 718517871 130662891 463657244 778293772 576407511 541714908 16697370 432693932 872855680 781488570 480435303 1055831659 413580751 325454039 1070647688 596814987 723814796 367102857 851681705 619863443 927429219 456679336 1062700567 326139855 1062677603 1013448978 969336773 482008013 563908994 534863400 1050630088 895013089 620952086 623584334 525330395 517335458 442246493 550575214 15932124 469401707 772321782 523409270 53896525 549745627 1007101542 620882645 528563668 269609813 917211541 747044098 314424763 623913857 914459470 787931637 241488240 1002470089 404438210 561153964 531626246 77927901
100
763261608 907188403 451425327 295837072 352684653 878500176 399449208 1039119038 574158341 36313308 965429553 427238479 1004472446 628943609 742104347 468380135 920862055 111847790 154118072 104071056 104416599 586716323 748616143 602967604 979706471 478970920 373721580 32449572 440030387 143861550 631122141 648576404 1050941148 381539596 647497270 939121948 59288200 796519867 270288078 530707512 270120161 813943387 162701120 776100809 824421138 28786092 168565867 854039699 3034830 373269654 610194418 995739581 444611273 277448353 650494653 934780756 995589948 697812605 1486710 169758407 619269733 782131836 1071652621 559919980 603633925 570737939 662788405 470365434 572816096 254911837 797867236 389885453 722720576 717387672 418555095 992011430 22709619 722496933 495066124 216076968 530558280 522520460 401515077 210697820 189002646 746599414 122667148 727196398 768251574 106037425 649145770 886728941 43621124 587848496 760824494 479653583 115541857 794648841 817463148 1053122923
100
2670709 221978363 168420477 722475876 248162515 794410038 902794021 787340768 501074725 314443324 524902504 231483159 1047653009 290096369 626786222 520930816 270957793 676097403 569490754 237192980 13163267 776111813 763059925 26583247 39321995 267132415 798974972 1001779250 680517932 261229340 509206189 757548356 559824707 767280466 856611782 562003852 98772556 381847454 189881222 647510681 333375082 754222397 559995410 258001531 967812579 188362292 111110130 994265159 21004706 678396874 276976273 460238486 277626292 400784648 918510784 127403526 680887755 1068464960 934840115 335847864 100056510 30985859 912812290 49245136 141255175 24005161 726734890 463159801 284489795 554953037 808428042 698638814 410881974 346981199 611718118 660792754 454676933 606179408 651039592 510677161 374121081 156302777 640026394 430058365 49172739 668537524 453693164 470528234 630806578 959341745 273681588 819497521 180268798 739761123 4783273 269654937 96708865 582272961 840162792 77914345
100
780206981 817490672 942496240 487446344 638134960 740680229 158336766 232670836 876666244 305339984 444396904 449019815 229447049 878133021 333143047 658734383 198478344 480797083 843827129 826583295 195568787 188868800 351492063 19311917 265651579 860476899 704776926 687133810 339056728 890810688 136714910 643037869 868825222 21365368 996043022 219024736 1056302498 110844174 201194654 979180593 603228176 187688171 250776771 861403499 396641656 388931290 513810038 992111227 20145477 638124301 870559925 532867187 122701093 689459094 923728129 918548618 30694796 82800879 149893087 82240665 1058756144 417289843 875621719 383679391 7875214 242218210 800265592 577159743 226123364 617598177 446354642 577284925 32850485 712770423 591047930 37171205 117131208 497224338 438210825 379846948 994010793 973330816 181342750 365545164 730763431 290174326 337484759 950923605 542324308 691309069 571195612 874256822 827644809 15061439 463443797 6091280 86359007 224005742 255272302 967493156
100
852152798 674029018 1032162263 429391410 1063605814 14625869 189301685 391845561 835298948 879563265 413362540 158240886 605443894 733598258 1020867660 356454745 176344737 25800354 266758094 156049941 315235709 29996054 485553162 466961057 401106790 945067734 295937599 431361720 200072029 1002872625 643246415 692482649 803355718 556967415 355112512 151907911 806353256 231350525 409834684 1049685129 18208496 734674845 318638993 1034101995 681846382 541071155 930832691 754061692 852660053 1064689569 1030835253 280589071 861366143 639320011 903623636 282322362 404855720 226142748 447291500 60392793 18294766 692963584 118701056 591307276 117055576 503511912 553706166 396657844 431376715 646308169 499270489 181289850 614023190 282916893 919834582 309044809 892810088 288245600 361020863 355212111 939404244 184360212 917034699 919321472 1002038356 414374462 162453844 34365203 327824067 163893094 415639767 1007469059 487456866 134818075 435195511 145733775 650433108 353168493 589547899 201683898
100
410846065 501002188 15259083 155436599 150231489 12967544 289593038 280996452 281086201 139721266 413530386 263657565 812815675 561610703 506711466 474304571 155400620 1003758794 1056868588 1008283897 699286773 49661889 911779572 428650743 784696770 279638261 767860770 436397690 219662150 73458382 41332120 567189545 473587126 235747925 983211453 404983186 273138377 624500665 953137340 198440867 619004479 387057355 411874566 803014961 497137239 279052161 39697356 84125556 666850390 210867830 858684805 738450057 431655175 370492776 638735982 169133551 85976374 619213753 205292293 532885770 260250164 813172463 52061326 811900836 262735446 983466805 79811982 514128487 1010225526 1016314840 589663826 821086052 293083504 317854666 985766249 113111695 873344678 1072909857 766629926 636823104 1050304637 491187865 610572063 771601331 414538206 556018190 89862833 741215113 767921590 746153732 296405881 60999237 445035382 844844575 405736156 415120592 810832787 722823851 1033959296 919777526
100
796810005 738449873 884540903 579269838 191992175 404369533 861276343 456387690 277914608 802469112 793790685 218616928 883830130 820867065 91783352 435336633 293879283 455138811 933662213 817104258 764959508 766976957 906820202 326279500 275714205 609178306 793056239 363322284 108073207 857652690 798332288 581933244 589555120 387341687 641064812 915372697 43528187 715146369 1032830953 315039203 86997293 333915267 297913229 557540928 52138817 232383059 920929750 663673560 1060735317 22887054 785553828 628691674 858398763 542995985 612065722 955199990 684320425 951201409 16318784 724530402 929748569 17179333 888458308 436325846 628196330 909450118 521584692 146772239 557309869 1003610038 243518565 83112271 1045923352 382089478 1051503248 849939547 649961543 88017006 267339599 78530428 959075446 727083689 785169061 494058495 553502344 137227446 297128051 356316085 225749123 728420440 867180804 718746996 280386322 793141399 945142146 872456595 425106946 262428221 871453822 993353330
100
316755034 683221612 413127920 916636402 491472065 678044196 1011154163 803017922 880163977 801507683 264092132 291448725 736022668 1068875080 235882288 135044715 814543339 772954839 812954824 548040300 766028424 643223417 388723618 826376033 271774090 414974330 630518325 587521080 72650717 612468874 557795585 865956739 586486959 543487549 61273861 1056794617 713808372 42577547 381922887 622653684 173873379 257118288 615657552 692243186 999624312 620015053 990722733 985282581 536031216 800412965 46629743 823693475 569864015 288336097 899204524 678716294 516132829 185174125 173006332 338699980 908233380 199854232 161216252 289044520 963117812 329956376 488555982 988147055 370789088 34671620 316266135 129660189 93681599 159391832 1061742848 1038239438 1059325611 762763380 549149878 554984389 640520453 718361501 650030571 371107688 847188207 638814587 145490386 443639745 483669456 37647002 648725286 407807487 773277908 284279017 146427556 310300403 738795882 584853565 798273420 481102740
100
498874063 326921252 399319419 851800922 594787770 491217461 875357031 226679655 66046334 507032460 219361723 714948459 703015552 192660090 202279675 658751911 816942471 173162069 609561683 828710308 398009409 709312501 551076368 44567724 373874108 49903159 837789732 123451983 683224813 189686398 565557926 307382496 238906156 673228077 411481680 718759414 349416630 549149230 624175359 909438700 1058622762 531924334 249098807 980919648 101051917 653823838 275534749 1013314487 919540038 639160692 7770491 114999704 863388066 841953960 294200127 1039554669 717474641 921228279 173831164 1020745701 850396263 411684068 246756071 550353525 243082588 654047218 343094235 289008082 268677517 842714923 711712726 126477176 838037432 145643676 150091130 386297126 1057682052 675750614 1043224973 945969504 411545847 862802287 715569017 691919852 877702910 185907583 748466636 68152917 966637032 126357028 186573497 287818859 958209259 700259582 737340566 901271745 467280286 121903795 565762652 304077102
100
589561708 703205418 350067533 1006927209 506852182 76925890 65503485 333564965 701614883 704460043 38921441 814565594 803050630 74514061 612067040 406950036 865219259 1058182648 959369382 985139650 109513468 744154269 174918178 394996922 232177933 25731059 1020337670 912874546 997131185 643312148 549473866 77221320 266168626 581370429 1020803242 429458044 824925149 98878801 357370659 449072945 597366403 1047772759 942262394 879228207 962048250 962266872 581213365 614484644 510278810 216807426 670646687 584741662 1048965313 591309287 511406920 83044370 578643791 329401662 1003713667 557191513 192080171 476832577 899064679 314551726 34982588 951926350 799940047 872663857 142530672 539652711 1044215258 427462631 494785336 408882609 83588715 347476535 141163786 589607161 170850218 241336686 885503326 1030570026 667009921 334683708 1028990386 373465816 555452959 201081653 642776582 515773624 146204281 578927954 788939105 375981605 211972804 615691373 319038026 27888797 895479036 836625352
100
169632578 517172065 496689799 560795522 587103066 926195957 493632561 713232118 772283600 473182719 576461107 410893126 123442864 46602378 223704925 506810383 292126638 843716839 54260322 187020146 334268064 1072645671 67378269 668975763 56546048 598185633 240019015 229092892 277542251 872056946 122067074 735209146 840591396 310236664 348773201 766777759 876846993 383728214 370495325 1009892607 1022995133 313673204 763311666 642231443 490693589 477381372 469543615 337073689 981479595 746072542 91613658 139326929 353391414 984393164 321596090 469132034 859228688 946743615 262932347 285731955 40026359 903287408 102987165 272909554 309236044 1044373472 620383877 657883089 689066647 1004631249 571631611 593829219 233306881 1053519306 622607531 940124036 430116824 396395798 180954276 870080015 90039822 315295558 702291420 751858533 824079035 85677995 559621289 801200364 452242327 117605597 493034569 846502798 173307777 802876726 778061659 1048039478 93138682 519107416 78467172 196087895
100
608027299 551215692 162301540 503049690 654713791 253874398 655231577 726876921 1020223769 314691915 1050005041 673452056 1063009117 1011794600 833428077 543038829 346287617 70157931 544742035 418805716 133514171 684288242 533051821 1038475593 129481477 1043274236 91131590 441766255 394050208 322057517 603249009 1024919052 173200909 238836367 376933954 232301451 630006294 710727436 239760210 27190648 544250179 190045429 734350527 259940104 293179494 899435646 203168041 11062158 1043020560 364252223 508714551 959737607 781926425 674427316 26969360 557778575 439049756 38287806 666519267 676219114 1059266552 820416801 909191519 923793148 991666512 580562180 693504827 98270289 107963148 381186932 211468463 949428118 153104342 445821920 865910777 316850973 467996830 868315038 1070456282 296367454 743592215 884519525 650648086 964759920 659395639 523369169 496925688 862597012 20969659 640299747 96272075 602711467 800607648 393623678 942247522 43538363 745494187 858781163 339219345 442243182
100
1031670358 117674161 89086354 367421201 628621902 423513632 684813466 320144967 841556041 824907455 824202011 364282454 83080478 517047410 231284560 363436630 651626633 952065188 982770839 445377826 72995242 132709568 852310002 333753817 840646534 24827577 118440071 323053663 307007877 363724163 804018208 242669017 966082546 720486807 572341164 611828021 2339966 888954227 454347708 997456800 32281278 932491800 387669255 858874125 794464424 757535626 609458406 315681973 904978202 964109652 273346008 225566097 916595283 151045889 1073188864 895806178 903740024 1037701284 474352034 971081898 798432273 321412945 530078634 393165872 1069807753 813330849 987278884 930414720 505149105 1050252338 989958341 396409577 34814781 799268389 306039649 907591549 576127301 344030623 704757362 732521876 692880070 168236104 767579032 291548233 643068191 5710799 270368275 189394683 970259860 525634147 650136395 373008846 944533967 322441019 455508809 48844328 116283482 479919888 421255483 480978740
100
394844318 364293108 380522082 399691270 225052967 66868841 1048489957 302580533 232372463 244256821 522002228 200619980 985180097 940006934 873692041 478693965 739187048 366678637 137946213 258284827 277860919 871620034 538443274 931114751 936256386 290942782 472466943 810992549 58263587 277030192 324237200 814357532 355291382 677203337 40108108 651116378 783343964 484308575 292652165 948359862 581499836 147934830 475689939 527729260 605920765 206935442 533835153 307984925 995880462 100048206 682308959 444689740 654947935 378067272 660273054 911880162 947647077 304480202 366452215 803069610 178416409 720190019 844329941 457938902 186278778 342418884 763189990 156943224 758797574 414966660 255578014 370994186 120110149 452491613 18087347 605169383 156235071 205701708 565109922 20057295 952182784 731950836 19827753 703283815 358106395 43619868 709183691 475762870 481497636 856118572 675352655 876776874 726484533 347799732 243064385 376493201 357807722 332866790 568993904 146132640
100
989959703 698639214 831392624 882028746 382652738 398497555 554969467 976350148 705227909 801833723 855002788 877825407 1018435489 212128515 259141804 493472939 703769726 733209552 261729726 906320128 858443685 798398280 258077924 882374580 152019140 550353174 104808079 579678214 762313518 252605226 357504275 41289655 183289432 439243319 408104232 56676236 569955933 366697012 754896490 900595662 885283963 798108380 307809242 770974921 771090324 981742638 942935132 46455632 408089774 157285101 352363319 442817847 532287347 170749216 511146136 231284184 1041269426 749749907 266502671 1047197327 688232668 939689301 1057196815 482698046 265120904 408481336 517705074 93146826 976570607 438542677 903125492 200732571 615750256 1006419589 990924979 1067070496 123039501 1024924136 81586614 1019756361 262899437 304021602 814927202 509867275 941159640 918490137 844938502 948934368 287657662 641403129 162302801 465662020 62156336 567470384 761160918 1151801 222675173 266324402 550283407 550675652
100
719128246 156651607 13089133 662138532 735010870 169470319 126435779 942423629 398208627 568794362 686491350 610253690 472032880 94947456 259339963 304455699 849948274 935962223 323125516 859303209 410043014 727025301 517292901 606284651 29387003 400103080 62244328 1066023857 385529571 21117630 686524346 451131253 873424023 490927573 765696900 743629141 400224816 771285580 311825395 729687443 757488655 534461032 1023180856 428157589 456712021 925987024 774600840 1048080741 405655147 529815826 455162525 351569457 192968060 1044111388 664491571 247644364 729812726 1041978563 679831948 396465452 614320141 722354239 970124781 1033270250 96916792 395824813 605426718 812333765 557618866 922142604 107327726 473511199 228379898 193992257 962869677 1025748094 923524435 133292691 679071921 748947724 1018373701 116472111 781410769 319390232 721773594 228869157 469290733 437149331 1065035106 540742505 722218084 933545364 112807792 284751187 302255516 710745813 307475162 382754591 267575677 185074483
