30
100
854400084 908502670 644838645 413120491 76565832 633556631 809558078 860590220 301859070 761139527 965976788 512629986 897346665 89137250 281725492 248169294 90977328 145196672 812554959 860748862 872099630 554823052 507050633 512622779 142407920 837399877 106212155 459458780 861099066 106912192 945378609 953113168 814767490 200878564 315515308 792094425 146574708 266554860 960406880 51657419 40536940 181018089 673635064 848821137 42127359 70830142 424209806 213268009 745609074 1001801762 841880371 160349603 245212225 320515105 635549549 490723749 182210970 718711963 170866099 125879530 901477855 1042780740 535585779 329087934 450663720 309423266 890957069 363715204 801170367 976853139 384465750 857869360 28547234 24876740 15053590 771639502 381423620 374485562 366214410 996140025 214023628 640612045 907682018 656780132 1028386836 890894248 916697028 668308821 260530603 699655627 312426183 253345573 763075732 636778121 832008569 879672257 77212805 165616138 45274202 282931756
100
715653578 1025804127 64539643 378429918 503543576 219658352 580809687 609439160 916029848 329248234 78373887 903098492 869785026 662184221 959087811 607912934 882656097 865773774 845650698 545849955 829488148 670823351 1035192013 153651607 542493136 804393731 256102809 20761817 693050716 152245458 49073425 116807602 3513555 613691067 869630314 162226274 226490918 879999045 913779694 731310683 218175896 620229996 294096250 778680516 785680448 172798243 195447039 85397751 334709386 961128396 82285060 679955715 891996854 430686657 479603490 404373034 544247640 1061887439 348566663 572743524 1036755414 1058532278 1050036852 734648283 978238701 65541802 992900031 855002477 215784237 509591509 115892306 809010990 95460728 712935635 355039146 298770403 1055244679 748400180 1020475224 70879367 292939877 920318461 375415172 537107146 661351666 1063540263 906591077 531364749 557779553 250128159 495623114 869797223 161223354 373085764 442796436 658125603 324953 152446061 112405049 114696768
100
321985632 200491075 780993903 675606650 476929372 407992783 756772633 682202327 396899728 811388687 770907095 247490609 123735201 674640072 983205112 157957638 980065832 412583637 813449982 483442219 38274098 357301922 995115041 595925831 199004606 66300337 1065925322 659495253 312180035 858549273 594352153 426140710 493640487 997866242 281839200 789591517 332752969 76065578 477261734 215698801 20227192 44027747 1002880038 938751278 185711865 560359186 339993805 978049332 919783173 441146546 1001182655 59403767 442354248 640717903 858562770 369665725 980491108 321980940 46792721 1011432483 683443820 144457885 500738106 413975193 721766761 746651597 609381185 509202657 333373144 794911482 675424971 663975572 1019385898 1005205396 430611124 720896669 9439299 700951457 512938889 107092411 750796284 468798524 673363215 862330115 517328546 604460050 150542522 1051058268 718516340 496716259 740676662 141865218 918873384 897445639 259099618 713403396 782169190 980188646 249386320 463365318
100
632764543 579086791 260561792 752020968 62605026 726149313 515359676 505557953 88729014 234203757 913054428 564506703 207021236 667296302 791875217 122889854 931689769 443339034 756626277 628936240 159533176 152520827 435686195 71794360 168165014 587971666 530504617 13347167 675472524 63907279 80729293 74130402 921633529 66926042 894142325 874889970 335772814 289150862 174369741 720815283 792083600 116785848 517355477 696585021 730527065 214081116 366331361 615524126 160788182 850015025 43797271 63189463 558310666 514633248 182394356 777943130 862074506 573993672 871582920 21820819 65774336 963444221 127222837 552770780 3594665 159209541 579782068 653948038 744789974 777410650 213200400 409174103 896472943 192460202 788138984 674200583 236817771 516352730 428344881 171861442 779679833 125757503 287707826 18929833 647773914 247961187 140180615 552286032 922328612 41691270 1040923295 945006146 158296193 505364250 948639294 816109176 935728078 287300166 962535803 1011851238
100
752491621 321191363 455437295 330309011 670948484 6189652 310734827 543161386 809830631 924373699 923187112 287770864 916707716 984266103 208207846 633681190 1029493382 436337195 265707738 766278819 849516235 507256944 935315628 104342607 229739111 713223720 333334009 941443240 931874079 862414349 1059267153 65977408 62772463 20254248 77647034 248395324 551604357 636978778 800494635 698667223 867318211 757886678 1057567250 511498205 50147393 274439845 420619471 148301616 901018568 688892449 810539574 1058298183 669693656 770226554 1012967953 1011942826 110280995 96710452 210935964 189157239 892428816 556768935 1068636423 739345376 1005269817 397120126 471934968 267880619 530066157 996582200 444716550 260037297 281476782 863788458 880618047 813751391 299521460 837253500 812713123 720860216 262785897 128245671 839829670 482605904 726712811 784400637 255121330 94796754 521471118 524909729 126671779 907296636 999242327 693966474 79225161 348171806 897525889 466877957 941179625 1072921631
100
876241968 41247421 419834104 968825065 840393344 286340463 966970806 674624287 750399804 49912994 731790204 350972586 940027391 949064041 1032284671 650916166 973222458 648683214 927348232 984462824 268810671 632237133 56848374 309139254 133322999 1018370134 450116153 755623434 1052705790 392372942 576894936 493271027 724477057 758032270 839781100 10062259 950108311 522922211 805020451 670429634 456978725 964635148 30661694 641409737 870541416 341694912 413396115 848281128 800508016 131959973 77538187 1060468338 203360671 87230426 257521701 891191788 227488045 790338414 341141361 13557009 75667367 981470438 822027030 3366160 829194092 932860347 779030478 744002124 898890543 589830617 948802532 220953307 68559992 108276258 259143101 548275464 864592419 1010861801 555223628 575234514 636911327 668692088 583103387 170403690 976310191 183051146 312815433 801260473 514894445 766281681 62829831 906280664 729410626 1020823153 920380698 180309397 499798064 389303939 222430940 239186933
100
77356435 310646587 726857644 963212916 925522467 878995257 49046183 892153454 109952550 14387818 308434307 405164231 215961989 731813241 635759123 177057569 729379998 767470755 1015178717 854659061 94321344 188473914 1041595549 327513358 771511472 732259619 113861314 470528524 457689894 1008795481 387821548 843141859 932415825 41149544 714346868 941085273 85112655 568774642 309447908 70000779 576775350 337605678 893325946 372799848 798229262 21575780 1055793066 242912053 883109973 874989426 550777241 340258055 820793721 535424586 1004423075 625665356 719486177 249645681 850114005 1008828483 774845669 442976386 746096499 442037887 634417745 1033564841 83997044 117400424 654147302 768020265 13440257 4574137 282894297 613289686 545214970 871134211 475238483 825576348 422144368 259229481 377277423 933861110 179843116 508169442 126593342 1024923767 149917991 963981371 925451334 53378117 781950992 23713298 378812671 1014067608 1038187465 940737436 403516885 354449728 64618730 373003487
100
631505949 283135037 618644281 510317776 613081508 440274240 940506071 342312594 393739873 85960870 644449855 749993132 328823407 771369686 1030322887 817127247 394452994 986516075 1072990491 374747166 696590813 703183538 837815995 951043252 786254300 439029295 282164602 523964700 559214444 1019635992 509940224 477594199 573427214 1008780248 272947785 469543130 712160216 642874766 196742180 793228045 34062323 356318859 318942134 130922445 940831006 561064664 775258612 337432810 278791209 674079917 658400044 622200234 1014407803 272752379 632079741 394921284 969531533 78315492 340698969 1036169574 754060397 253465405 1070712330 734230704 442879036 399969555 182789163 407535927 735808688 327883811 697622571 1004315395 335298451 319868000 316299982 912667281 893348418 1010792816 1016769963 188390225 701137966 775655728 59601326 847039017 728606047 921380396 365286808 372926448 605521132 175788583 332924026 281273332 542820228 555313305 567598142 688606837 920559080 979302700 244708382 420741927
100
150446655 219411243 566043572 684616832 881701731 952186567 242278968 109802779 856858592 52611371 310549443 932945745 903102769 908175330 424002266 904794567 168290691 734943820 958896631 916964919 397755963 965793820 961920516 752572399 489362029 301907931 12288228 620503633 543660389 231857507 341840875 925282129 320801058 565772388 40862304 932738554 290034902 66921186 913865730 502327529 895706984 708108212 984149888 353752272 952657393 343947527 420705536 114626293 970310210 285650650 658999449 1067283376 213605725 1068606848 96900312 938030321 791083512 593304609 69193023 708016311 305348350 989377336 700242113 496191386 826575373 844301078 447302728 911592258 398299640 931742302 786363696 791796973 179689798 659897479 434172873 384754669 119271601 263428189 800040408 261686312 669878697 1033662081 727671062 362585238 326064335 667430884 450624944 107156935 26134650 230349904 983773381 927662170 148339509 261064927 461354732 789939079 581344831 406730370 596594347 1025710998
100
827717755 454918913 991537254 802766524 1013279459 1025328605 1053674471 205918896 462125349 843799204 596220064 344152310 132805761 893620399 453677098 880228816 838302346 487771594 668004786 986670899 216017832 856680631 999970939 326967116 327201175 134566825 908175962 868155128 715396582 871732937 696145464 228762698 25749625 184851125 448586388 875045129 920925704 424657660 780848126 342965551 366792350 650041507 319796125 195463531 867752986 454542499 21880234 746340768 339200177 434051688 564396019 981532516 1070757226 349139539 944398425 1017134210 609992865 586257465 1071989586 193111416 767253636 564097507 25602664 733363194 29160857 66843020 179921591 382224749 791521590 1017743462 460284787 297476460 767675400 482977045 116227168 310490183 24969357 445573682 202265688 23785855 831954329 820787401 443987913 380041804 135554261 824871643 328546100 793781271 1016432955 779066845 394728879 950127360 34080156 578776376 389842788 994505817 742540058 172129479 913719312 602587432
100
1071313755 24531333 561295529 182052003 122848570 461265448 345682634 1033469209 439037596 343212915 397609646 292994179 1029488173 88920180 418382123 686155049 344534926 738606157 477062987 986193575 879875540 23537842 1053288655 328944748 771184135 734108782 1006513831 861811772 707686821 56873438 302764411 744682671 928227612 378246516 291642405 881445807 363298387 1006040117 286432821 262024446 712900386 208419388 126324332 382740654 1057652693 215171381 1005976897 646193575 397581741 733613794 536074079 687002660 1072816479 912180122 601602085 156478518 504904083 312006853 65571877 411790400 23938406 473673569 523436965 295248761 612527848 1036807808 620418337 960197741 213767583 1034236360 132501447 159918972 124258563 31426545 840875513 930096474 63345407 1050689867 679352271 627672461 822956663 463375925 640058770 62536947 372286908 520121767 1027551810 874307641 283272473 350645161 884338193 62508644 138653002 1010872281 775102694 867084108 655718912 986143722 447319259 362680860
100
993016351 657187008 922866644 425277823 570145748 384965269 859387335 278482158 913524726 850967060 160283677 98503467 917690757 283362084 27798610 804669485 249032217 1024430183 1043325877 159737307 347063387 821654957 445545962 449683090 981396103 602550911 370264937 775561122 616307952 822883477 468064252 214430673 802714748 945269344 748863813 915455446 1013900580 687760769 191044918 184697567 158665846 394366288 363180183 999081228 1028083731 484122966 443266435 852635121 1068125233 1063603155 441643499 295700760 807113241 292127801 396615185 37637757 353089194 75596206 42867471 702348560 433828053 741604750 453851470 791315766 314017823 225920487 389009167 610075465 111694626 604217340 968548070 574114323 829916683 966752963 174296633 148553047 138252574 114258279 236530629 710605896 213241646 395582918 857310746 444619792 615629861 438287091 566858266 1042297419 1011198850 279812021 143417726 1005186953 847795926 451238151 101869905 531368399 838884422 779357334 182130802 408663830
100
566561606 669171223 946436043 943057910 520399790 95862853 120353102 474512357 819381399 745153113 24025203 770834000 493551488 438590338 509848580 849054142 802749213 591691076 227868476 504668239 586038740 1012050422 697046093 882216500 467138622 456776517 172361435 239015987 106076076 310638767 968476288 275872292 793323680 647118345 201007430 580171126 772704591 571208186 63217200 1026305963 127560742 469593213 997337009 860856535 980691522 929131875 28739122 1071862309 221603318 554615503 949332625 824814674 214859081 910442424 208521373 109581872 586599541 189596266 135872923 899228453 275955817 1056377605 577986244 350622121 572111176 618013180 550099908 467769803 717602024 361565848 285557053 16649133 664205652 563551603 764546882 1073266180 926226251 944502525 877967324 1001704601 939023550 303547899 422734217 4138698 874815318 304197122 66628024 584445449 1050674923 551195136 950910798 520954972 97493006 908995252 546565411 426420956 763608704 659582257 694779014 554930230
100
291586399 397383605 593801005 39599458 660637818 939652198 93363477 141459419 1059877777 315182657 27060314 910721206 914631176 617787748 895002359 810691898 776519703 647337182 187061503 484776161 662076744 456312116 95617816 171937754 43021053 930488030 16045307 936868231 1064854247 811931851 738906102 20384512 552400272 673455833 416807274 63785359 69746899 1060944990 1064551756 475815218 307797598 126785186 1019860136 66040605 787337783 896874338 620954650 662958133 720666932 854370127 999410259 281719701 318371713 666818701 66840218 431237389 573718302 553902388 666591048 799566750 47875679 25101779 517001291 513456127 152163946 195204072 568396196 929066779 44177852 625249385 771227113 670427281 192115365 743317054 189464771 127604019 329507271 317714628 429151601 737276295 696073371 19217995 501353796 394840137 650343403 680509081 787625505 897205479 370485849 251027814 645290242 554522116 39361239 317774046 785926261 729735157 661573421 361362466 509230875 761216839
100
48417223 296504874 875404087 112012196 723563093 558963692 135989304 199932920 1009783497 510390846 421493361 194542986 874903315 1020402962 499812412 485926343 323648665 830052589 293207209 828903405 739642546 362746217 182467064 23700369 782985004 272445364 386165795 295701274 882408647 548354320 539396946 1047902787 552081848 647560529 724643428 302204061 533618727 745411938 564342125 624690186 813306545 187855296 823858226 848891715 718581478 927873277 82732207 230457428 574314444 663680575 24553873 684133147 494571610 279975870 872306877 760865740 462865918 553958729 494372295 880735599 69970712 18667202 426140796 368142433 829186429 528454301 631872344 478181583 957248756 919936101 990537232 713465150 950642108 253340472 968787978 1051655430 827753220 867426374 675679968 377698002 764794226 965244245 642704609 561739553 63625629 962935616 8926096 344645320 114444947 341665907 93296163 862075246 494943316 821114737 392305669 300090383 151963220 555406671 939203412 628933498
100
177905718 990565220 997108435 812761387 1008514532 435085114 237474321 844091566 319935019 576092177 20855937 78953163 928349553 456951769 12316481 1014830524 989563695 119638963 498292678 754223659 501147763 498026102 123585111 686960059 231455325 842023725 758685839 406171007 1029622949 1065691031 735928287 978274433 351555604 1031919270 596480009 261921341 306178310 920412928 1017993638 673461539 610799087 303550849 732316833 123342104 868136402 588557239 988565178 588689909 225531595 640770661 1059017221 55269895 483013767 958693376 511884136 792509581 886898375 16427829 38113568 609139774 783859681 803371361 492095804 162193856 158931775 145756439 833744929 860595762 181459933 289578142 579346180 238456227 401068751 540380273 779698803 1055855000 530974137 361212349 584954061 309091210 952511829 421656806 904925381 555470694 122258417 761818114 991924195 716858891 371647470 1061053788 302147843 17749967 323958338 539560435 94550739 248420091 90255607 41509880 253734489 657955402
100
581457236 333245804 304674670 842244108 72243743 79325494 935611787 625382501 207690538 957247672 635568058 406511116 228642934 1029445446 685916040 363875824 257913787 318761735 413460340 129796370 839631586 189594486 162669940 675411720 405410443 1037316068 165541232 851837052 631566472 382725619 787508166 710974891 983537248 535695388 85774277 1067398375 171191245 854731818 441550386 57985302 281532734 988424637 984271814 496072752 954116694 99559625 831668141 767248836 815349867 783071252 173358600 419581300 222713096 304634811 440142444 82446708 498207851 461595565 359385697 736246031 924653576 749802030 253579237 128506658 470132996 274403926 217232358 124752031 388772538 778976912 74825931 685656844 142474554 839497499 822684908 340609793 751798213 751454348 802596117 231763630 479247186 145498698 914597640 636342354 417656076 117234961 146222071 370783429 29929682 538431856 129639182 508676591 992967606 350666315 381467623 175224142 440604287 677429081 361398547 1058730613
100
75600807 582435480 256508295 589357149 57881619 764334190 619898304 761965059 853785042 525436161 943649772 367791537 750884074 176660402 709226734 372350000 232264376 511012694 425492539 770767105 671495276 335170741 777118300 718077140 185193865 677668108 859243376 915122193 605626982 33772684 1032378791 975693138 29646511 159617241 383259592 124328935 1054473188 442278795 407377836 99258960 877068248 735851696 511660224 331129031 388873011 999810376 350408327 621392820 363646961 290453960 406270742 828972598 437290977 730649752 436269463 684309665 426277671 58802325 1061018822 1025402618 935036603 503024527 777127287 154547069 424940264 242184396 557967630 6981912 769567181 677565315 445902853 504168941 525655519 449268066 208878698 1052712404 334397541 403338505 451790942 689816790 529737723 1021784205 594007191 241867187 377882384 524388342 480159454 924654685 809898600 228033473 869570706 579181691 249329562 248562526 83916068 468450279 202597266 561440691 756689049 718553392
100
278973847 1054785035 257096217 738416424 874158168 329625128 781938200 503254977 412388406 186744241 791781592 101215766 467843301 237349885 124396727 646131000 9925647 298578291 740408649 1025195657 461546448 697486867 550949331 195936322 81779000 810510318 630108113 267011054 641546957 822917545 573611376 174482669 358956806 36835583 977320980 320712434 735393489 915070268 656718548 1050137734 831170573 554290626 308041977 70202754 20019217 694239368 743946371 724678041 50128420 415957142 668303524 30794444 984962562 395924618 351457346 104754163 751102557 225139990 307691641 923133755 223145818 924763007 774190871 906815651 59643152 249083936 463325471 92563582 187529741 331366629 362376519 745437684 606111184 407099344 558382713 1024414080 290034512 1057249656 668896853 218667891 487549811 935281541 152668078 739844720 981045144 517096245 465936649 196789742 547050510 456266715 212918049 387498169 760728218 938388826 800253797 806895474 868777205 1067369134 565502584 594364170
100
290230371 232992433 720759627 262742718 1069415196 57860761 47568207 996700130 221380110 212148079 722213382 702271806 1055746434 586298279 746414261 892372433 355529046 797347174 497834354 423474058 762481533 41647368 815432617 477549006 905191034 242599835 143344794 198239222 588349417 26478945 866340312 119833550 132104951 131524690 698241995 47627288 217568997 510465687 504697903 852669191 25589128 579675408 168668307 169747652 737894860 835134927 231751899 429043181 284292652 83369627 825881023 528868881 539820860 709446510 369632074 157960757 415235616 635777272 618009435 1068693330 1052737298 206339865 449232935 327431380 773001183 477414251 588586677 217763613 792873578 991620021 352624992 672416256 878135080 871602297 65801817 92386118 221272995 279134055 206874147 871349548 870000888 682106344 778541589 1032653027 181598808 144702356 321114844 349813007 138179466 848542908 253101814 319398985 309890920 70436065 311238967 964911005 61402717 52963642 1015347016 256252172
100
720614195 851529763 37765643 603142702 451982056 919812761 736168451 615827016 779395502 755151820 929999055 914071800 472880267 794205621 803961153 864497682 892894905 339019167 714335133 132965882 1064256551 89504426 440342555 462274603 840866808 553727049 388798825 1020073393 252166913 617990340 235444008 81966510 759299663 244134839 405870698 803362264 244837791 880569489 914748987 198332665 55356901 348638486 122529301 862696814 863161286 1065715678 385406057 39691177 541001245 222850771 449761053 305003696 318824569 147655095 1003274249 403792027 984286622 264436892 390182777 760511769 739604992 871153258 32605870 623946732 342072907 319790940 701000285 338026856 808976861 829300611 694781230 372501240 94373194 533108034 2239038 848100761 836848856 454042576 671872925 882611294 395510528 560988601 862437585 863346410 481094387 757141341 830163282 169279481 863388435 591904112 444321548 872242135 478050165 166478712 693069024 452933351 722052198 93660754 422518050 611869725
100
876351150 880018460 891667332 528910623 949415822 18410122 877285562 666231041 770669771 515571741 267878767 201795235 167965072 421740024 630387690 569572564 665069277 161653046 989031812 945935767 303692293 550188386 632236330 903554210 779354928 424668925 393573855 427319776 223321050 605378043 126723384 625335280 80164178 347930694 450185694 603675299 797310780 892722234 1020773903 255234433 322559504 773540647 366553630 379675205 1037939096 552405971 720265967 732819293 513141622 678032629 1048361084 13794923 1008301468 848789435 951753810 510601926 803268817 255861317 957073428 180840442 982913843 485653031 844278775 96031811 461229744 902514411 496053573 68999958 299247499 479474829 527611098 703899545 342020830 838956541 916032938 1037756198 413267218 689450912 701076281 861133772 946026600 151499216 910831649 888159950 565916531 167740247 806988944 174682914 42803100 30161912 516672711 304187378 237297565 608513767 590200732 145820447 278615558 315942219 453598457 74230713
100
363227331 161592411 504147080 679159413 541154782 79883091 987768454 32943933 849276577 125791240 271981411 719726835 1057064198 351560628 48650240 457799372 1008293239 112169251 958670580 537924304 843037015 999318327 268751626 6132824 567499129 490628966 694417857 191399575 402598055 462358586 839888331 166563597 645279260 242523088 325478798 863036437 971907082 676381274 1053872550 348656473 979553814 63181981 616646497 178657368 929848279 559227507 874728257 270779111 573721434 445169995 845459326 645819821 1036343201 692431524 394435202 143066277 1038753567 597518997 482629995 830167968 60726845 894737992 403571340 1011078336 98859481 834962043 284485612 89085695 1016732098 300929534 939514309 109548710 309105469 333771831 196950278 437756374 975987587 969374625 43571666 771676930 51313216 404419656 60536319 933895027 782701590 1009320526 327118744 604849091 446555416 882692202 515875675 368513122 125244239 799919716 882051900 26820629 619282745 863223706 435581152 427756145
100
775821695 389247011 241952356 992756568 1040757270 93129107 417112237 724896075 392674939 771491058 539279967 1009465194 629481818 1025844151 409093986 227421174 369690998 737354638 499229938 218779812 84402212 1065259220 684466206 704353565 642746317 774727964 884634698 936687996 447605360 187993516 369478061 154495187 420141085 350553600 212925396 1018766246 879703419 628036166 319041565 197720685 290683459 285543905 112507965 721033239 231702466 797450727 263412923 851647618 965058395 724092835 354073458 378685188 996352259 816126739 637027859 663646437 747633091 151977322 954815649 1066194914 19388986 943982480 180789235 939899052 278301976 914443421 836241461 1161575 816948644 1052568673 810199911 1002054700 535395895 917468640 769870813 371585415 741050047 683088334 103220925 393061113 491774781 587115799 91511428 505408887 724326983 311589722 80117121 331428841 816223111 474802536 287114329 315609516 509584954 147122122 818010241 1008153873 684914609 329790777 635928263 677104091
100
304836900 56208842 984200133 537516441 796524077 87700605 382753018 389279121 827307180 621031592 651476123 1063924829 304506154 223319399 694462781 270177073 27339496 655294889 982821736 518784088 119508566 927065778 661838873 316450222 362968988 693436057 607681344 1050875687 460124436 799740619 740579907 695019848 990558669 419959430 692590202 374725545 648456202 383285599 30548912 204254073 165338049 898565565 262055592 946352633 157597981 898809691 370745238 157160192 593945341 142036426 28894370 85605237 639798642 863608556 463629417 862941145 106119237 1031462266 590833787 723200699 429257070 468957056 782217182 857131841 478551966 127530204 177535369 846205861 930788534 1051876802 284911338 440596406 671922254 4780346 353427041 246332243 282186287 952724384 322778563 350249204 871668953 766647588 164441304 898394145 143968254 861605960 1059207132 343006200 773393157 487293029 18946562 918598059 1004332936 618111014 417943532 326989568 249838550 1040232458 85936692 305942735
100
567370982 206796775 231557512 872723346 741383777 542122245 162787242 219736480 174353783 441979138 176440397 320246205 331311863 262148424 712964505 630742841 556948997 479015859 352780621 692117788 503067288 209841427 214592313 388940961 418529277 860094382 28873668 214362037 320528210 608515515 85959270 46021500 630477324 861465575 462116911 93157069 503445618 295726036 88026687 616077489 502913055 683153046 392545356 294927080 523006596 225402676 693083935 292729955 994110307 43357485 710620951 979569611 1000308565 195395312 778065572 753646073 44321349 1046070370 532203725 543898748 351559155 427043164 255874987 587757590 653207667 641833003 199629547 559737663 393620139 296025103 78190160 625127585 780467928 951249852 958015535 1047548314 190033673 472392667 633161714 852256957 721247139 222613898 719590550 664998993 367342043 769043672 635155244 807876816 257143359 209445706 361233755 283743082 403064622 1030279769 751173596 321887360 833301339 255496690 640665853 911489577
100
580931316 102467359 681329328 94794978 988116405 955250488 875089683 429710280 346467454 623387474 938564998 475238915 792436234 429945098 401589230 815420779 1017091083 973537298 182973031 917220138 451076517 747198639 259360191 108459585 292494833 353987131 491334136 933682692 195571324 467917220 448777417 882771098 833888709 366059500 977117214 48500094 259250626 657389735 636939412 12383233 821462620 567386240 202421246 350532037 988934126 827876276 809706467 849950019 218730954 559807637 594008061 568109126 720274612 716784136 614329531 794429038 10631525 1042589191 988668352 135660463 359006985 870777888 160910434 100025039 673280449 559398901 1014127147 585685995 1061780770 374879162 755966812 469119730 764575413 773615290 209505637 189210152 737606773 803029971 820149614 626613413 819807060 894281717 559160018 316431572 459657654 770531494 495772062 368071412 556569075 529728129 712623383 113352602 738649305 902250418 532521521 951748141 1015577641 181110396 228147736 113587049
100
375779251 367078571 441979869 715432649 399277378 1038830332 1044806253 808532191 558475431 312367569 865048272 669156841 628375922 856501286 195410963 28773867 118791114 961002921 15202068 898094301 907087591 72095037 591918343 1041557805 352043929 423688055 878066165 69779003 1008456384 761555236 992913208 937187036 806073297 760742337 771707393 222707672 189201240 28642818 203663826 824072812 725707120 605192780 688779012 287340233 719407180 317111610 897120579 53984915 360127154 367991323 161238540 767356770 109877883 268915570 274499382 307324228 472188693 245020021 951191910 69268793 977847297 572072079 1069550233 563386294 536233813 236575711 995485854 549446435 919754810 186005431 164941721 487806557 405904751 652607517 833859714 471692084 995457988 208125773 136021924 778348782 569787552 503238708 727053086 681840323 561296508 433144055 990386533 821358175 407683430 837780842 1031004096 45031010 950253951 500169114 238645451 453651683 302756221 768095300 139662069 935942633
100
342763867 440749826 813457905 579902435 755702918 415065737 975116395 1015208729 25846687 823663222 337760829 978108627 898496821 311083402 891592766 637119531 127065867 32026326 217012668 69593549 206524567 289335364 410023671 739201659 599049604 566242574 332184483 480983435 708822064 733695045 231321962 203139943 343901230 93702987 1058861672 1965068 905928902 134536281 258622381 927769996 805051248 989766906 553287615 206468748 663678557 740152462 326455573 88936646 775450350 745638600 757578909 860665736 989151290 955485744 27360311 507473460 759600525 1042207394 1001597239 1005414078 383288547 1012944846 672610023 420266033 867182961 274474934 1028635906 757241130 202085917 121707826 612569659 185031259 912103425 883186287 912340660 19434762 319768812 882870124 912002695 98677135 653357536 573255803 364670017 1032233433 747093397 250576070 794684257 16329706 261602037 923088072 1008442078 216268886 161853342 6363344 926381982 720695496 21576291 316901250 155629312 934313598
100
994473045 393011539 548976840 428001937 409185813 66042972 413232013 410509858 126711138 74319317 111910341 611363106 569598768 826473960 704798720 509112807 575512390 417382840 22211293 546162428 927491775 824931800 148508052 682999200 476701323 941572305 172026989 683087941 275533295 877335969 182652743 772225297 625372417 216682039 509067282 162718816 861688621 547821048 72923477 114086720 781351347 424649789 39855273 137106931 960308774 973620947 446163259 430196337 371597550 214187129 452217422 471960291 136494023 588210021 9688503 928147497 49555520 359833536 348037727 650732629 241966653 201149989 975101637 197163310 571462262 566048294 437038969 669537966 213073142 607094983 50814370 149779844 818327452 116692737 313906553 933034387 995146909 592469056 923301068 819160177 13528320 37869798 727067004 161421289 410240800 1060846790 395239423 591439993 596026670 147120553 551371230 1056112597 734911405 596973004 206685240 346378082 693022708 468104800 225510974 185651900
