30
100
634950528 1006493144 465048603 717182705 506234241 433658982 503529650 268448919 39391156 327232287 788320660 882736765 411687595 1033880565 194090274 78882232 195044791 750591810 157292736 809278467 282942320 33807425 707265880 760857660 731625008 409565586 639142871 851145445 482800792 608001466 600826287 440925860 268901899 358641569 488492372 1046765763 617568046 312950546 1071334079 243295664 96650863 858307902 845746158 164130174 488736890 813401401 61315426 153009251 422556869 723760252 913942175 62806840 533230085 11752289 153370287 69830652 76487351 559893930 287151264 356890193 292581785 151714555 69010433 164044797 895870509 1040987995 259923305 575530347 967633213 1042942903 793297648 14073384 837046609 278390367 242242740 174143846 935448379 166683527 438037846 300781180 659649164 761963976 436842106 708050275 1022443036 1021394588 274668875 95928123 712690822 927573733 460885748 521635524 894239913 1002522470 344565032 1035833573 858250792 89985352 773905050 223429929
100
977577623 635445126 680289853 462533276 383390403 888964647 710267508 409254187 334500640 190250814 306435139 752775499 89190246 155199122 199754437 803789298 337109553 473505642 847688247 27323869 647958914 457408789 1025242237 996726793 1040455484 1066554210 416295324 123484219 260381096 514726696 440279102 56129401 641233905 459142848 405587505 671820943 669052585 451398278 882796776 146313356 769689667 746159451 324503032 615252802 25939350 952976678 1061104540 797220809 828359264 5964622 171632946 701489404 584866241 648589633 90722236 530863610 990215868 160161009 165020256 657352359 902606009 728642898 740185833 90253352 182786054 132589278 528844355 859652459 214197841 37521425 1065184514 442490781 80869168 1033655788 816896988 63683249 772193433 388071542 217610282 538847712 360686442 703973174 400239724 77744163 381979618 1042458043 192686274 888416443 533058086 48451604 672691059 354818986 651323069 1032437592 309725546 748290615 50886420 642305568 937856692 906015598
100
74802440 549424899 355561630 197383207 1007728433 342511150 801860057 337868974 648908482 879569071 299061879 524061070 33728866 1041269795 1002374547 882963494 918299840 880889806 866204300 861119930 979237644 261297428 929515910 113976307 390696827 763598849 979042279 595506525 909658822 811730882 744129754 465574376 482166699 570146602 628641231 870568808 882904939 863016238 888480505 989462037 404907595 802209129 1053176782 328841484 260253715 57030809 119094155 109125323 609236114 193713440 126399918 789302713 794389527 1026801540 770843258 264372380 240565241 310354671 824204150 595736352 1049836305 437017007 1002174446 235368023 841963067 886255031 171164017 617474356 365694169 163752221 1016019025 664307983 615595343 946927258 157100070 639153700 432079240 512348685 858803275 1048238099 63576944 366610680 509346912 383344226 67858807 723159809 685971654 836262134 100309780 803015283 852135718 82550942 262110528 876358842 423792363 84512648 571930359 657541866 56055235 885803466
100
380748345 52182049 490968538 676039184 183882881 981649854 16336150 177091585 42670271 659544596 116010046 627400602 655653783 903925986 292924405 801249643 752472013 1051909803 864405827 694076172 831057613 517887286 1014093333 88813459 415918372 804785167 559786428 170905631 395036420 709893 555182442 572125265 421615812 245039274 498458808 1004733134 732010334 1072034518 226060835 277151166 723260656 735037221 313616266 384681808 898497851 707855732 11029170 824422964 196486695 41313896 299380162 634194463 623554621 818194407 434764743 158117963 676476715 118649244 205596977 317048820 690131524 216680823 102104148 924349148 197600509 616994859 694183401 262774215 714129266 708427183 1008036234 21486848 684789470 810825150 762910265 234838227 780377638 66767958 428281561 7260689 585524815 438231613 548643508 619677327 509865732 504021367 814183923 369270182 913374993 674496977 668449321 966067381 943709418 38141274 396162761 753718170 560668453 22435044 1068130731 89231677
100
729121928 214419339 1002541062 761302732 302876703 200279178 306600546 173846168 113283017 1018563755 28979009 1003726982 347718762 722633815 118525595 454069088 883039272 1058793690 930338278 906389781 95108847 1063995619 449440930 242751287 845314797 422546696 745668814 19365755 205375766 523325504 172839791 409894971 353690017 390678631 174396688 400776439 569925768 470499005 666849853 552255183 1058601484 245864551 926216199 710493451 11583280 323317485 492484739 663135636 958427705 408369338 248477515 628383096 548596532 934019488 1015096827 384430441 397970544 373240657 767240373 44613183 267175679 101248487 839883422 152656242 374845242 324071517 91073118 18121120 723362106 356913427 955713188 1034526477 284095840 266094158 862345888 688182302 34194637 858996405 605608583 47619549 83869162 185043413 336388115 987694200 800196834 1055936670 409442048 310270914 53820451 443260389 173259152 711824305 797925601 838547168 273374472 603986142 981600147 550765485 891211313 126960904
100
149030859 21659096 872374161 96578563 891480734 191757646 894840319 682035075 1016664047 1022757608 51057789 618543484 173621354 407613056 275564119 75225656 1031070239 639264242 203982465 175756359 700629250 260006304 637990929 491645179 550004587 322162927 876773057 656164077 273024663 872693448 471412590 486024310 841412389 925302296 863785115 451184695 1071159705 155428432 738159343 109509010 424296156 691904485 963176882 918445870 370606266 135512273 277236564 848290167 94151267 627505424 220586471 907796251 956354794 276434724 139994016 277672334 275184585 498887826 710576986 439550343 718847323 288488035 231606546 909929345 111334241 910822820 471532140 264188987 371763070 502752230 623174445 100945208 191915963 68890558 380583359 138864960 585740035 764753222 571898800 895082717 70303144 680195738 289283635 803546847 634405340 951578716 97947293 1009601753 1061400633 567862833 542932713 680990625 985410618 847527746 376691253 911811540 107610304 704737980 310396227 873306703
100
334595152 278736633 1438903 231433932 1020956852 257388769 889377266 43544455 854092319 348815273 376560300 815833136 510936273 990063524 823375315 789170201 505770889 818540872 80481564 746684667 985478157 506911150 1008574844 324966259 920619942 649128726 676622255 207029120 929772449 339421536 908059828 130838791 20092367 305211027 311370318 871454799 287824133 1070932826 77681541 206087813 609090973 223461249 333189411 1027733050 486607348 135346813 815388216 754210784 325535466 898384866 922911895 406432336 119376997 502422506 299891030 430736198 410033614 843957237 918597970 508209123 666211986 201654019 823819688 29234475 965961378 500949564 912214077 177117317 122642163 282473832 154527800 79558718 846122495 832430967 105449091 126921734 725593155 89045755 291377741 159720817 974805183 382320297 1034306954 62630007 57566585 267519452 947632497 206615540 250377210 1014312210 838634237 1030486569 308224463 637621869 993398637 889579833 17106185 336247346 366090437 933610413
100
461555533 1031293515 110774512 882637189 354603980 123043082 141487572 196006398 53239136 276509778 949986572 353621832 700504543 403251766 835532720 606369161 523442116 240303116 200551868 835734634 603205293 376626929 912803472 125213592 603848668 872383555 731283825 1037090628 501040824 584025637 449820167 989838500 230504777 587494398 714980573 722394736 622246079 399144698 73738213 108880229 166007275 864044679 810912497 446771398 310529475 272182490 652891195 804565718 898437603 1070275432 595473630 446801247 796528903 316329837 833821018 970656302 833817490 311953000 632336916 718807956 157638667 756794013 763071443 1015185639 241314714 547004306 803649604 19471103 347208335 98383506 1004668536 868909241 230557916 917541677 556190561 113775479 3216022 826324918 696597080 437539743 1072804984 93270468 273960346 120470808 433609823 242728625 63323846 695972816 956484047 871694366 841191265 164954168 635903596 949436525 590258514 475225030 562593410 543115078 607248230 263490930
100
326057490 461010381 98932281 591835763 994288771 776051355 763784606 692215959 1030116618 38168136 477679140 850198467 583899488 177880112 1003229653 507697397 794382078 1029817108 228073150 909757137 689970084 109866392 362374000 538499612 327070166 163877571 899670913 213996096 773530970 203036289 522408969 122385868 474894267 740925988 328091685 865648369 900023497 633498847 219311480 129871878 611112727 1011651658 303552677 228930564 595143804 225576161 630809046 76517130 547054227 1003221637 1056969016 206495450 91702074 395763961 877632381 509815642 749406486 699350118 162917976 995624725 360395790 190349783 701484292 486916024 1014263244 59832254 573865150 815275669 464879168 955512429 538607942 360495395 970149916 627884190 287795555 547017083 445187416 524020716 1018997596 762758877 413539247 957438296 575902079 421729833 753705249 826064324 700069533 488696423 701593712 641120891 977506956 580009279 5287331 218400167 507287204 274696065 910678661 876094170 808999491 154337695
100
881798022 805656393 141259822 722801241 242362245 90027676 258513001 540573237 433485201 648326309 517146798 527293589 474268621 306374098 163692798 575053720 252057658 158597906 182398849 1036218913 498690371 60237404 636474624 349244503 735299122 559189800 173831530 417011750 1036849080 1059735284 497145935 522659261 955990121 657579456 247994728 904507407 190727485 170997394 373524749 273101138 853435921 407397364 266411197 347293570 163528228 164533361 782266266 358607071 877216922 691015451 614290154 1051633770 166454525 920600584 996863639 332794476 442116022 279631056 58880432 640477424 1029958296 504031505 866603750 265152580 848144726 590824171 191045904 512031612 866702856 85499781 234546087 137951471 65978795 946278278 897583947 910376632 861934749 243753884 266269244 828860214 74110757 318351609 302836961 1012731276 538511849 879408592 263711301 924688930 189386357 79349213 806986901 963137314 498540475 864757467 718299555 791538940 298457742 119862539 299844454 634848994
100
1070262195 808986744 630583117 316722335 29896093 242293910 641131638 684512121 449730964 25647396 723535069 454927385 930373354 30528934 376755142 828503111 636001781 713386056 260705719 431169198 321388685 745305688 757370108 124214112 139208336 817116358 808222243 60983375 230859359 586250410 1070343296 923238869 41895262 465508286 69889706 436996909 628849783 798480608 825465596 665929463 135576728 936244370 253881365 614645688 538705712 96609658 314076505 184418392 950554294 314329314 593610605 826588322 285106978 688361273 27600062 289114567 287264370 892615824 480454139 699868891 466630951 681638173 160229015 345658711 774713029 414036411 1011290440 277234069 756611671 272238697 346752139 738163543 958141160 458314951 270010141 906591809 562337802 791032988 860261507 377145946 400121427 851422290 210733443 915115151 351407068 385472376 52025513 811652912 960906433 515647807 60796611 311847537 306571171 847723774 1069424485 587795691 382491177 482096815 553693542 845378584
100
373273455 85656417 3128538 70656708 492456449 352485430 628061172 228227001 720935756 215622534 972828304 650879757 1017967321 383929914 791851703 966744313 336885590 803121916 682274780 749924283 1048701717 665068220 838666066 546577428 839908493 885055788 249210065 496287176 259860184 1047554373 150333173 379304993 577970740 877509056 226531263 495252077 203154563 125141406 574649618 635579516 505819594 487220385 947669303 992949026 245087413 508383184 709071705 533391547 388683538 515628535 1020444682 575108514 80065105 753323044 420868541 384009400 918106123 116555308 160192841 188649444 245187192 401838884 856563308 983186573 482401527 395938280 741791814 20629538 653489290 567899543 225875418 230196370 30281815 545964564 302741136 391406804 383642152 757598343 677761718 815896929 475176684 623244250 515437562 638991541 890367796 127022397 783965682 945098705 710086583 384600227 164734612 708986556 841189838 644598083 758832830 188048637 7842808 773920279 870156975 500836899
100
1034618464 299510412 1016237630 1065455410 694873632 605049564 611044963 943692657 443429534 69162252 536381739 287553316 1031646950 530806765 597814068 444289533 704981062 665960497 222423967 222303184 1036309203 198461681 555260048 280050970 377415138 436808746 242119602 680040312 118702223 193329979 1047912112 229439019 565911097 1010943848 809342909 226772635 894884612 159890010 751191565 776417489 671074390 437534365 780998234 16271355 760222042 545175585 807233376 1004587755 856862592 1056033978 897287776 850719897 55406331 292830368 209353633 63036573 114754369 172247792 810477290 466020277 132852623 973583912 888204298 73189445 275703651 332546223 522137425 185339602 64404224 994363723 370467348 829770374 551617517 826733480 742711084 19708336 731274614 35479768 346806135 271288897 474092842 769554382 982224470 1022929487 341094235 579321314 429991470 736831637 107117473 87408464 623410407 422061297 850409815 910198712 71211120 624840934 369085468 842967712 712319801 478216216
100
808508397 464058551 461686994 930766757 592975982 980271587 492811395 116790650 360210001 413180347 848232508 672064387 613021100 569635264 430206260 954541619 219891957 545656439 891101508 311683393 283463050 198521832 604247916 741739560 928283691 178416162 356655180 381384358 470309243 278233525 129856172 897604929 1032556162 146022454 195742708 601396669 80122157 234740926 62005428 201391015 200203469 197094508 382262558 271115470 32815764 1064230622 1038333319 176530884 632396315 1042475708 451020522 362948193 978909663 267864622 273991524 39618112 82698175 737159008 604178105 490983745 415162752 523147525 273546958 692569093 925547849 847785681 181842989 32284789 221217319 835948030 822552196 729092668 663111818 276569544 1029771558 867443528 206404294 120505329 582237064 712589389 126070164 783397182 748575173 617106754 500500622 205078007 251034907 844089825 125648566 1003214443 537269356 684656171 188749552 629602154 330398910 761161442 263881859 852966089 804397499 801880590
100
150303714 491007538 545037177 724192714 641391633 669633684 92858675 691088003 538857272 19265399 939477006 348176286 669816891 298899991 1048950818 790363607 747490693 971489488 784873803 410608975 669629826 721066405 996638630 167251465 649947939 630785213 408533016 956121198 569612893 69268704 737107143 310156746 282225834 663805950 384702878 183294156 865078662 222265256 980664526 367721994 908095219 245047701 110317383 919489659 860755446 240289823 148767043 28220923 275773207 545872579 642414268 312434634 575562469 234497701 673966065 924916493 201917040 740814601 137062885 67865932 286254029 654396891 863322848 410145010 595695254 43459624 294407916 474355153 276846695 231266979 930444377 531917211 206590306 956838433 338503737 512233578 139518124 110535709 261685989 285994297 757266670 333337397 157770870 573733480 193891540 231246763 563030348 419680828 385420177 1010029540 945909387 26494812 75427162 854297836 543123097 671452501 973230054 549659377 273038754 106197272
100
666291652 200212 469049719 255943878 590602587 1065411875 75499435 649064094 65711698 42129222 150024145 804409672 852226661 284959928 356270440 487539088 1058265335 127430136 842467284 330634439 897878926 409335881 572295902 770952514 556946004 131334707 69908275 779892443 545473688 913778688 840734432 234230638 725911883 608557120 545462748 658462557 553068420 1044305989 691957375 816215565 951478012 866900136 228190723 544325223 911851667 74586562 734822666 323340120 448028361 908271668 434098199 188542033 521416261 566196575 373273619 650238407 778206802 408784877 74740426 1048521140 948449629 824610886 986280812 838209556 787971448 794516764 1004701452 177084265 863845594 324244448 360825124 87027000 79416925 363372874 67100687 45956746 1039238655 1073669589 674841998 402105452 300723553 320793152 334593860 900243567 55514187 777036814 787439418 706521384 1048785190 942328327 1028891740 222512817 604295552 491272373 502018809 17186599 64969356 362112744 763747655 262787882
100
86501938 444513244 440928864 962012340 970066796 437982774 968429553 463424233 988048175 526310197 746233612 581539072 483374684 695052699 745045857 206820831 244869781 1035167891 257429926 22399760 592358081 676818983 636021779 250498370 771498892 733757897 605849317 701894854 582615012 504221899 1065810142 664401427 333507965 304110310 388678595 499051074 243609934 253874359 693219549 542201746 229690386 148885053 334806393 734143973 940420808 10756957 478484328 540232514 535953204 887745630 69740928 378924113 167799900 208484974 1035515928 37489890 315527947 928467995 857673104 62902374 675508817 394876378 668088007 207768180 799010816 524802691 781471651 860086086 493055281 1003000786 414965645 672674873 947808958 258271976 1033651698 20426833 1048919493 896729289 954152643 1026591922 584373291 134694620 115427062 842626344 786139414 639674222 912492802 271038624 502794610 117521967 1059338599 197855661 731924590 1035313331 758151972 80793348 784499708 772585202 956376127 965805056
100
444736456 347380289 644262174 691267953 551370102 787988151 7718018 217517458 830903839 745532338 369160817 286563259 198579276 548929608 11568597 85965618 266050409 541228305 7157948 714950914 73679941 481472682 129002713 343100539 104736150 494859317 1013709826 69368752 872197235 250476503 854300848 234606583 264209624 297869113 844217986 29633133 1052643877 773713416 613561018 293079152 77166495 210273398 772543678 874596387 381104366 536947638 187006616 250674413 707148445 1016525443 1015723383 51336186 751880862 771840410 1022552620 450070712 821860547 34803771 898402734 894822748 811317062 588759212 678632854 999156571 842005314 242150582 315669668 510545905 239269175 737532454 445451064 431052957 1018460554 185765709 900451289 994511779 551663874 309452673 465371058 999786632 65464653 1070237594 1006671632 118189210 25001337 758602357 622834149 898385766 3731067 838499701 94203976 284106560 744756139 482063613 778130163 930809278 318835526 898875639 184363972 469613629
100
779536720 361799228 555771995 1047441439 684710521 644624387 300832891 614664393 1063219688 567667042 96458820 44190646 330242709 814843335 301667618 935807254 917248381 571356229 140317380 820599549 607857187 291235857 616345500 998653411 836193034 675952902 964278626 102660388 9280060 642962466 503976338 730224513 988299718 590445575 525787625 489516958 664433721 525048187 903602411 1050590338 570390827 373906408 297444960 180045338 431933876 847407580 557060051 695294389 321338610 840966538 305771794 854741641 34817157 152529224 873032881 1000927789 23607571 224137231 168091783 712132893 427996869 82820607 355938862 148582202 2230728 1068397784 372944775 862211143 1017424590 16425089 225482548 235843693 598199178 531281796 196930845 666041527 761000760 752511888 976772844 82123671 35695378 612461046 462043280 560367967 960051932 619818029 769419454 359214281 766276953 748640335 10196331 841269104 1033999571 668217753 91570259 394315349 13379479 707827951 541457270 987044443
100
169614677 1038724501 352518346 370048838 914857079 102753977 879285200 638661983 161674018 284574893 1030896379 67144223 224935369 610985855 986117056 236698470 555657473 590935555 1012541944 912406043 825676293 33632848 719085661 526447269 1025685298 205561409 592570642 1033822578 957036684 1053241332 617606680 746219379 864364600 27301455 413272538 764013214 161999616 396430710 56258466 433155691 505915602 772293462 999203873 610222168 978652481 317475870 423806443 773960805 975476738 1029613248 793077240 319287705 647986545 1048400245 100528165 146787963 744494858 652340790 1030726577 530759065 771482608 673249091 846404544 916703749 209525097 1045103520 23619548 995140562 575521631 966925203 115586159 523746460 389444833 351608104 219579209 71660541 642943136 559100077 720860192 32134169 689697138 873024822 946511115 219962899 1022401235 807128346 552366855 1032152725 582179167 950932084 209797746 577798733 174746457 369769379 216741779 440959594 385714472 456845258 996734736 666468643
100
644418385 964609653 264732208 627015565 711971938 361514164 611060559 775266341 207134572 707834528 1066207424 535784849 61930404 767544177 442397130 219916907 418168703 222899523 495008052 522569331 289811770 485773718 1047606732 598269705 332277586 498275791 1058283236 603082677 396260620 378327990 746297551 655741600 929044206 100927991 170676585 691351832 446147396 1045992609 796667021 81626128 23716508 363361705 1020887196 94110877 600441930 825306472 923624188 489450618 21267173 422814489 113968279 1055057541 852992200 826056028 320740952 926125888 210510994 651414198 764046770 796493137 549461414 651385359 250495256 811567618 55949484 803873586 880415878 529281473 1060643854 654991184 72302071 661890209 216564860 684126589 26716652 846261976 1023736169 820068146 2664427 612950335 905687435 394893513 939706110 158892501 408686430 303313413 289456688 1055984700 427285922 455387783 21462292 1025737274 675714009 613557849 440995902 33410106 1018997450 998635112 1047324103 230386121
100
362205442 3073485 296464921 141184844 333617756 432517872 743416961 529444159 661175566 229635799 271665402 112141745 673649300 848346793 1024893092 1004100413 515595215 624093077 91366975 270089410 915097986 457153354 875749043 980732388 213193943 434363519 156629384 267118472 373991383 598287212 769393006 384713820 647583221 152373839 839097527 150555981 880813188 669125097 585883096 961557006 471245628 216221182 117449708 67107224 2512057 484796889 449809200 480356004 490252028 555652293 976350600 277638195 372997096 335500949 1004303097 342487559 16662982 326548509 667398701 22980903 1057594306 771451830 453599474 976760927 1033083499 401330622 503551163 223594685 227705911 924278038 738956061 204397077 590360060 444779426 770323027 1037272958 840950648 616138445 853002683 93541331 177790923 658378754 97890903 331470388 284644856 770407732 394745677 979467906 675678567 22676823 384620136 200567270 775059046 932748516 1033973908 1055082314 892177059 47030873 108923493 741100510
100
227580599 1070005393 608974741 506517903 487521794 742290545 26438053 912950034 558764997 818291845 324601099 724505212 337371019 510461165 968762629 256846834 125902183 51176432 234037654 247138299 214322797 215582329 1060168709 1041439749 761124150 931354773 551045982 259347166 121971296 735030774 40476911 25744699 1051652364 885559923 239475916 1007313460 520655711 803613318 409827917 861616070 900484865 668181452 984194187 450136912 684902817 464631177 400179942 601985558 227902830 251179297 609406337 102898113 135556511 542909088 494670276 320319709 286290669 273809715 791428826 639590234 344799252 304050093 560386609 398061324 1028378198 1015876867 225876988 962905131 691044855 832885968 93574068 92620244 853915330 521899986 243809427 489215621 894293122 189256811 117660183 597384357 764822410 1019778849 479245445 102128378 687700270 758991646 979512676 67803441 1000215624 565285552 845177854 449207385 366021044 899579850 1026763234 226111336 771285203 530801794 305399653 551435189
100
962081681 75288604 133837180 978585927 500920534 109332323 768720989 42485360 83734995 838522073 1039638494 130622970 455913006 903432418 206120932 47892313 947904562 416526628 39090494 526161799 59290955 312622346 120272410 1013710208 1053314702 449983044 748931726 960501445 971821358 806416709 189482256 231769053 574113544 119736772 478789374 534332624 934481688 83451707 280712472 1020110250 1057742338 597056875 356495361 562838270 575098506 632634582 1019354305 15068768 346096156 157636420 37500230 172628714 943739205 1040944191 762648798 170506680 916622391 1048294806 905917630 501456492 920439625 337390558 536255614 491504554 521621365 876960492 872542875 203401117 417624793 491742812 576184564 502904945 576006454 352312846 382411086 395694294 267194484 776569507 35591632 544785540 98046236 143661572 589754759 676134065 419663580 249713628 678523107 461776028 989669639 433831449 428024376 52291078 230230803 992004463 350305855 326874548 1050791193 631692756 376377490 517582831
100
440041221 668987443 397968643 514237361 1005945088 322947078 271873475 65326124 882330760 768880466 726491139 643214707 485569445 400036420 91478813 33543762 836294177 466872939 837641325 850548029 978490891 781485885 182557653 1037666506 669391928 788686481 975343674 798916658 642706621 727424291 285350916 654830549 66784118 529682196 1036407202 1056415155 420065411 382842983 764344324 472357363 381422790 409716101 834541343 176732000 898244198 246496186 271946861 1050988518 206411086 611742133 1039916906 31883546 926205870 742823948 605662744 183008432 426751609 42439094 918735228 86927618 818487782 34626703 387705375 367612304 647867888 284428759 808428685 1034528634 98768598 25380531 1071932889 287363592 36795803 29783211 84246551 626282275 134255751 435311147 464602849 904160217 579556260 144257794 700333011 1044929756 537599297 563792101 485051151 958553860 20802163 856980461 618600378 990693321 761616271 433345301 57825405 679681481 406538418 487615677 93406213 415797576
100
526714666 936119683 300813483 168655177 828053763 830370092 744084732 786337864 402225621 569266362 376617577 1040782178 673356433 586244073 592500933 718446853 767610377 887873787 160819206 965429861 872620406 809136437 969874629 813148153 707577077 676914527 1040357569 1060699644 247006213 894973512 642411356 140865773 14011914 410352960 547299868 1027754511 376884942 954466461 1010034988 131222506 461575931 102518838 50740184 329914056 752833697 625111531 109258005 574397753 945200054 796204571 912527350 999401615 144948882 790105132 455419960 949513570 723334767 980111110 397888183 411578382 717593583 33669528 676300278 251722032 314748821 703103826 779496092 1021205037 679277130 210863274 1018653681 300827051 334089690 382935959 1050120293 704503830 985812341 76470297 195867146 334404636 698902062 634450095 788533013 365238065 75288447 1014718175 773384801 753156620 493317059 852333489 626195435 1038516520 5521595 593194036 560099671 600236356 921108490 725954040 942112362 306994148
100
130192275 87260558 199830478 895910580 273869085 413245521 1065365901 539275594 925120691 421867494 1052927985 586195377 428050167 342842786 571893900 193663103 308813710 995009408 456917047 315320626 829157793 287945886 740152203 956907178 818084957 683146686 864228201 470569897 84134771 572110278 93536627 449131354 701694872 11632192 308151440 558913991 516161286 425825243 819531116 101051490 536902137 202280680 17173237 915931773 109662004 898216925 1009954527 310476241 606225530 155505621 914670113 910652155 523953940 208780559 155470198 693051898 191264849 1047477099 429242845 373980851 993323521 346401008 865484058 880626029 276753146 305466953 1040975410 240957270 544670612 773247810 521975283 541829884 420594220 747962192 112971626 544570580 899086244 188287495 935541866 520704950 946734049 546585505 350741004 341314910 276247116 461610366 721175849 546748141 142878290 533822110 775110370 927438183 532764644 408317993 609534233 780910131 841129976 956042727 35039989 819937182
100
356714185 369864034 503437656 1031174027 573501790 937049999 1041122549 240742025 884578398 380478318 134352493 63951877 271571747 772995639 590871708 652595592 572137003 481585381 966199747 464161951 462572440 346311863 645393413 78259036 841573296 556433329 209923563 402307282 884907357 172338456 587847393 1060016540 183113389 844281338 429564854 868040790 668800339 646718884 114675488 699785763 869914404 1062450729 901868086 46951206 832893595 427287778 186664180 873726729 798115670 635934441 713909946 16281977 638549655 159763868 962467533 776510119 1070472133 185559840 462189781 409209800 703536360 423954140 221028701 668833686 886188848 130732538 154039895 941949646 6970222 1030786025 74305429 604618928 691699352 852723421 575890257 338214786 760939082 210549837 780675750 462898445 187392320 274526581 360536596 660396830 764486622 822668242 197847552 93211655 333869224 819443112 312913713 287026971 100281546 652538495 234226517 530810165 247704720 129581986 784072058 652010802
100
769309855 182860437 795523186 277776123 55011273 431633918 321521499 1054067311 420207289 845492722 894260694 4650024 778558153 410038288 450301904 780766122 624103832 404584925 172295611 306608793 628347273 854014272 561969418 596028737 1046080067 582131974 559560888 382288656 655330610 141043039 105139650 364990230 504513029 821904479 635877288 1020995724 168160046 976117374 836090096 954944330 724818533 107683608 798765987 715704399 556266789 498562286 783717838 131417660 69069102 260250276 89052675 204771801 372273409 666480449 617316309 783662735 477931623 260923058 662949983 963630829 78344427 12458566 288023230 357834020 395503195 140468531 465824914 347593611 501343051 878614800 322013826 169329947 134714769 759952985 833756341 45540851 516498122 740816111 668676953 251339733 1043815636 842490005 988154655 480857767 553027154 656403828 744430013 157466868 235546412 131031191 780839531 1040617577 261550348 518998128 17861223 366497368 894219233 367478097 834717041 244209720
100
196076020 629371471 11122722 193865342 83360756 1036357450 700028246 952337911 928955474 653586095 611071156 612472522 667164657 484258640 76515652 713769915 301076505 972545280 795038894 233021648 371198712 922838299 853465027 759713749 924015644 409299707 281809650 300152024 165537018 659812484 752522963 19577517 377320811 1016178329 252437664 655550315 249410601 324356516 907763383 572227820 805214039 314838546 130271514 919798097 390163702 1021254869 117725678 886053756 337539953 972300256 449272319 592351125 80019986 132308655 428627259 534908806 443040138 751430332 16243507 904999807 943354989 753687563 980078493 434798194 1046007731 736271775 268651220 526742167 942269241 292047362 1068042838 899790314 334533182 39393217 738685253 840320680 1066769382 1051645422 93788391 889372630 82424763 1033009309 672723238 3452346 98708007 819082599 321188113 745730656 127018234 827240426 380524377 104938006 283273194 909194822 111114965 1055752176 4828430 553455009 183446270 186229317
