30
100
415500973 30741794 285258561 1021244918 935902649 233761334 197501222 750049442 850665067 967066870 610664532 179101719 999770348 904882056 106455055 983336994 299112253 282245124 575772337 757808071 767526833 586533622 907481127 1009092541 247100273 1055473119 98331764 169090285 104502519 35348916 256273965 1002480375 796778131 516404573 661469436 227695276 14819561 359346231 108519454 434933909 152764785 461855891 1017857252 553181035 935346422 482230837 772162870 92750493 99504664 445718741 986003979 1039005901 821247946 776731297 744932850 722679379 1044505556 401075897 403436428 587900856 757427538 334390194 676176911 1072743485 267335475 698810900 702631365 787345490 60354235 35290844 128387723 244019231 571804161 531903995 469431890 650390014 415731314 1032623316 509861282 679164158 31532876 883315906 1039744018 759320418 1016499236 78153104 706382545 597289248 91109216 81750015 609345312 789925475 1025404094 294524996 930863318 118253066 565546955 14354567 428794075 163928102
100
165759844 245086125 222298240 546636634 263237230 484529118 839725328 209069214 826713255 51253395 534496391 602452505 382337290 721955847 514162886 999665663 865304834 81237510 849725797 582539606 466429680 243994226 1015292461 766060155 464676008 254972866 576487838 226206621 901453300 877207934 831484778 1069193025 205212432 304594628 1015286520 107673788 37872428 22797510 851813858 635057852 247461614 872088906 354909815 451825088 339940077 659413289 853020218 435302043 248267319 124542672 260980833 723023093 277735627 866492610 775582806 657354186 362442272 332176403 1055215674 741961193 768456605 398753518 430334813 519600246 461075230 199636753 64788679 864302440 212611446 639193164 940734899 75970572 66277607 280634118 205013006 902337920 489142187 27742904 488487164 1006816057 428433007 487627887 425064276 692123005 102607571 1021375822 552523295 171726314 508336619 920516874 849759005 913582573 67680961 618047596 176654655 838455628 101447888 58423251 689566510 623592605
100
901361071 898358723 1003871180 792901588 464785671 277029517 846947481 1067277445 900917236 947749454 900958487 800631530 1017464356 334157694 1021543983 534227525 856533848 275454151 918958619 165055817 846459366 165292935 863916779 705768608 582389047 387155537 892159235 531517797 433395786 764912492 893907355 505008042 470692911 142426962 975443262 951546100 359315085 576225075 225957451 689483450 789587998 486648687 29731703 792673513 334795565 627444256 971936329 313943139 298689055 1020022158 325359005 445459835 72682983 339143352 683123746 159079034 574381199 298728402 527873756 180040222 342486966 729576129 429868962 56760854 962159373 1025858465 806688673 725746055 398015193 606334784 282871255 664640394 211804788 888649120 957330841 557410731 854719180 323745912 130925837 915641964 450099427 264422836 345330609 978100160 692130893 841859569 147658962 621466000 555845045 35572482 963594774 23236665 679089496 855272046 588485107 529363724 361691528 334895087 936465973 234499789
100
128732148 599019132 721375285 600057401 305160736 163408571 591054448 922367041 1070353353 11143611 392707488 690294500 30544505 66813846 867715416 405867609 573254257 586738748 972185377 759216104 428840225 883253745 518758648 105832559 663671729 1021598669 589068238 328464096 114600316 1011254331 1029635591 1070120128 995339919 423152506 102775292 60834474 54506031 781176351 277751929 907228874 654437712 279546769 109877055 72778595 1066468638 127888524 729468803 1033321801 232185208 306354591 554963053 131457640 688798576 48013741 687135130 612034619 490878924 737046640 613352859 612276821 240746888 543659249 76985460 222185692 391606354 1038354 808584734 945342217 683468557 639443716 729130245 707541417 473105998 355448273 737681546 869217695 250195682 690925011 428218242 916401759 391369798 750705723 809579189 146682997 371957549 760081547 414445408 186254332 904421374 233560860 295975347 987128616 655380820 644660121 917428052 691327164 185608828 831311746 99983835 240353940
100
705752234 107647316 475903005 118554628 1008546746 394368704 302466264 878272773 490477228 39011987 208512731 645941276 852471632 461001528 28843343 274456987 736585162 607508360 521226995 1046500744 414443282 546992471 1037308055 381159967 387148659 131869672 84261794 171030093 552619276 184236659 360154253 753812535 644607570 761103014 271146342 553157553 588247180 304019233 533205070 405843144 176142934 807584249 794865147 909488697 1046760990 372195125 564350007 104227831 1015836842 127846228 760157279 198468009 427499409 24070598 1017225701 830659881 685660093 649770862 249802958 973810950 715664367 719469863 611130420 639708931 818162491 251022907 783953093 842103446 916658055 790986477 392968002 735273834 286714897 742141681 844073729 562613213 842609638 880739311 398504044 448120706 978694252 241841155 906688384 419040673 873680857 253730880 563762767 525745074 659911609 361611048 219846526 516351974 596608876 983127862 467523783 859800478 1065674405 634653012 841243001 254742001
100
495561573 2070771 251172395 298073885 942568124 97174828 822709832 689445863 209186467 921860398 444067197 886114382 480957142 939903894 592585392 573276970 15176197 629845270 554358523 440791718 58706005 961517300 145391661 674151105 966686176 699697544 229688136 556704720 567085360 279272130 365930244 478777594 958347720 18830497 887789131 892307131 118469275 861676477 671298235 622330210 391613587 419173822 821950247 121740178 944412939 1003071458 141077014 848299205 461536342 49309051 363634755 755124164 635607094 465639023 22466331 737894704 322881125 207437238 6270786 865543677 288285456 669247456 714927886 742750705 467216214 888785293 164033802 858117674 918377421 415673842 297546357 1054678933 315271934 29504858 502023617 803196280 306887652 518644643 588573972 141189096 577436785 691699389 1069205706 362948180 292500490 646364463 956820977 144201208 534164998 369443986 1023035595 455700587 167668786 674232339 906743632 569571858 789164367 1020172021 398361513 433684650
100
591833869 246826678 349761986 573396772 42649412 709524105 655966526 268677280 524490265 683242729 444686294 152760216 805910556 174571984 1010991508 327541009 282161780 869610989 219526234 638710273 802893146 825348387 975554138 322419160 1069728412 565997832 165641372 1017271540 328113179 743789415 354556283 492277547 181510733 569272510 982135592 801824326 490535612 499349185 919656998 342174848 641406596 109316821 846794700 608924427 174985433 249117846 574983366 191767691 841702783 921780305 221304724 472606617 491702096 469420427 669100810 235807041 100581050 364526968 987081935 7589764 557578302 1034073476 901542878 690172887 223763186 1042076110 666689287 236834210 664878848 870669224 295615343 154543298 335608869 1051572249 739425035 456451080 975947827 426256987 160611113 60212152 498591119 904521309 815028968 690832395 1062281651 583856961 671605180 522991533 649044909 901504479 895317483 963518015 237636255 261176129 948609810 838422230 704437309 318044965 667562144 420475514
100
291605118 705710169 676646568 181214779 96126451 879553748 416210897 49700202 786480223 467058686 181781465 1030992356 1072185679 35133845 640742552 395611076 652431239 567831982 401855069 222980278 509819773 50070320 987790950 373125756 421443036 231995991 106661224 476474733 442867203 148415281 389700109 428340977 961324164 166208548 83271537 975246342 532331941 155414630 1024476069 498274238 297952226 298028676 229141037 762620351 753969769 1057042140 530523777 197956801 444342172 392729122 532547215 271402260 578650003 359907295 1035562295 472649495 698103447 545590509 923974862 401446338 634958760 186380797 455430556 222398749 39750393 694039057 350768222 705148102 1032349806 942625026 237972676 733503088 125817381 441473531 796081140 388625502 186825450 641857020 376424197 686689260 370730177 484627032 488319365 467644423 138613600 637818679 835102708 1019019183 233705138 493858325 275716679 48635004 728986965 269817921 612918886 261843223 204627741 106927455 969788078 106239932
100
501668326 702609519 705562815 499054695 33133987 599916142 211548419 200887314 129632820 23724901 644808836 767451188 264696206 521326719 508715215 110600228 346731640 250948572 570991493 902549355 982184206 327680787 836569308 324426825 164778302 25847211 713311773 881230384 1003401550 174215072 702977063 393231431 628987476 916079589 615321067 798558184 436270268 126334684 598499054 831158050 326518471 241453279 696697290 104108855 237630214 107204795 840912556 38407967 123798243 647050800 381196760 419449348 1043540248 796662898 584622625 81600964 707729461 805395627 256642929 209491315 415443230 465064055 702726471 477640662 128209291 349105254 700427572 718959080 531458695 979282557 290852189 1002935640 686868210 595870901 141418236 709279498 771103231 784613243 164212959 190089618 157199798 881214510 424133095 480874428 107604339 984697765 949514123 870235911 303310949 1051891878 971240531 232356388 935976976 175735408 553219677 833194876 166270668 271716146 1021404634 356706216
100
935878289 82652050 364724214 642835959 545186854 228468572 537093355 875227577 404845054 452853415 438073532 710434867 815731480 792869621 947450323 269878624 739554795 903166042 770534736 12025102 781362909 337536001 272978309 371521891 69655245 983812775 513228921 1039610197 284559754 173995806 298146407 816555824 812488793 56565964 47403068 933969685 534271091 991078953 1039943196 203236725 266337668 164753220 213026269 499123609 533045294 948266047 468910474 1044615198 341491844 947979215 664184289 47993201 335893647 418319805 1049328854 722196567 274239180 1046746471 119513102 14101608 218921132 443965503 633863013 870683791 593386771 41063499 202170216 641838476 941884122 226997924 8807388 1052168306 438024014 335837687 605198901 436521257 625158318 41934087 330272799 560192749 390009008 889657640 161686009 571678925 941469436 933945542 198876501 1055596589 436081584 453373404 145503098 976147268 963000794 76996734 1046756322 588572063 928117249 67595599 759711420 667110556
100
1069210635 519700331 699870704 451392666 1010685439 23322373 936580642 335555034 460424332 781823700 1049460493 616860592 831258535 1045879513 335128162 970851173 927468636 688165956 44348451 949886646 836643655 393331709 461451561 993225300 580974361 900123935 609930656 333896803 827773721 41885559 764180358 28053243 229304736 552770057 921878831 1066289834 894401180 590921099 290756548 1069834480 631994894 590327529 381438399 846550722 19758732 1051789759 695917936 796385032 429785023 968786658 651147131 966173984 571139302 464542424 527339864 421750616 69624658 399482970 895336402 987947383 909323496 889602777 870762889 396068661 936898210 865006839 328420720 668012222 225713934 583982858 561002831 242666291 718281933 885203356 772886594 883087144 1061330197 531376109 1041170744 126619431 1051028016 165726831 855149940 693951532 330527227 250822985 150241040 748998184 564798568 680650454 310996853 561186431 474489340 684575267 290004453 308507273 109263441 1051791732 660067826 254334484
100
827272383 587867651 157132256 789777418 414767151 320005590 396735010 177971844 528346786 654019832 711631106 129514222 44502060 484497743 482162973 55077317 424738962 581813649 321223683 266369435 676598224 508481482 158044346 643471766 698420884 93818842 128155193 217013230 977154240 198483445 906343918 544179314 353226731 809748769 777940537 75048708 466150369 636263867 958254318 12719640 852973343 580074482 458416599 986816825 535832920 532643403 974876976 214147973 782983666 1041395739 525504041 854516268 426758794 140776464 445121896 730381044 409381228 157514409 277518212 748692152 56546331 62073017 185533323 101315556 650785231 565956072 20832637 504925435 121542130 531581746 556944590 960020242 304388770 125176166 431185640 634260562 629031731 327196584 45250983 921187961 737111722 850905583 173564379 833363290 91363906 889499527 1001073097 847899992 408974315 489388433 186051498 412786159 834583750 837958014 342053931 918470700 250543018 768483224 484441324 593009967
100
428933498 1003591425 12297392 114111085 869347474 40494452 27995000 339131133 67477670 466913216 1048738275 878014457 496000588 623023192 685779557 39524923 607212912 740229918 216979457 1013679953 412837842 458614764 413474003 751627264 287691653 416840975 311877768 47322813 131328370 76021190 53606113 183005746 338498515 301027527 343936564 947115967 1017064632 822313659 365424107 526529015 140846213 405475518 564659458 245427999 539752562 161219296 511985805 937313202 418380042 483710630 845242928 876625119 969695404 748960137 210185893 16491273 716651021 154899317 411339834 32812102 1063491252 890790220 124680528 869498593 1053037949 47079265 494174941 976651225 484948247 553419774 455377643 569149791 439029382 16173534 720875287 39892316 536322977 200198835 889386770 614615017 9162133 161819041 467972900 967978452 881114976 854445505 793354916 889217826 237301847 697363615 295910017 323167623 529584800 911402173 669598652 823260912 1048304057 1026353166 729860587 401502201
100
251688571 530733496 329572983 748192232 525314146 1020890976 892259312 92121882 734284049 511178037 595662878 433407569 311411023 521482781 1039151985 24649517 737006036 443975696 521399689 138590625 978591181 1014473373 39136191 237799542 739804505 500086118 697265053 899642310 949506062 818277023 594548065 701083521 438970228 692330899 1048419967 65266155 90497416 482278687 133200924 1000708636 92609339 267403829 818406803 476190334 352035569 157845083 381970164 763845459 544125699 156839465 976372608 444176685 565705789 942652367 481142831 721740660 665419872 920415628 541765162 182400740 782449825 1021193272 30092625 871682060 625189928 426625467 869031605 209244623 398256787 1046646675 873877279 787758055 60366448 883563859 796336520 533541213 83301318 997037854 735322527 687902482 629808781 473834544 995796550 839373370 350657841 803388757 788186133 790974172 954553107 681659248 429248470 814790227 338137864 941430262 948613383 792587728 939932120 270827888 25822299 842544341
100
252190205 685510201 214670267 262631409 559220173 780303675 49728045 108501262 67931047 601881777 383718827 501809586 464730468 651138844 524347400 21059048 97590897 39184563 202798573 1066056369 599617105 5644769 737068372 310802562 516910873 989125061 430900237 542799299 256817139 663924912 934817340 646152529 12369819 680051371 44762329 64384252 122796773 772860398 323245102 110753802 1002883893 302240106 470518365 990087602 1002929413 626448192 214801880 899726242 1050973795 428064584 186532839 1014477946 656553328 189019531 475625254 15225423 1014709986 927670473 853495299 328738089 502537346 216384756 226763076 452147588 362204079 632206771 1030685311 470528723 670186458 616339680 870351521 350369272 536280328 586594571 781961320 1046553550 525024851 427386868 921433833 194290592 749739113 775172372 746578954 585727406 324157451 573299733 43392777 494716335 656395408 604651350 724780787 264656202 729652831 887480936 693940526 1042814620 720755064 543912083 680615920 657202869
100
80935762 83577029 1014732826 772868192 172690642 621996813 987266373 454036623 885230200 581908091 279192352 456124357 776103768 112968087 700224398 1033989476 53225150 135221309 112900067 980787043 220868265 320645660 1021006694 854944970 882436683 494387512 454872534 79872055 61324426 761866345 945540578 563928668 26526338 185194970 494445488 1055003774 799958529 94457226 365921111 958969592 218415114 356507598 797806436 965308342 955566931 634357709 481080153 57990331 670525126 102030851 882921001 321814171 559818756 173699774 234663102 507967233 669515229 801141924 111367284 414160682 39297753 845850412 406723995 440483433 343269298 369535264 101916152 567314593 472489432 358910753 142304068 1009339598 831506924 186365475 428244396 109800316 473761349 712385004 764729935 495119694 722677102 219929498 838004163 171274617 1062511782 792255514 582954641 696183878 652181086 823602865 681893813 427275667 884632767 442984311 909486879 859694931 39683105 682715607 200018996 941362185
100
665288465 555780685 577183057 8038749 794148024 796640054 1001247320 301465966 694663989 95372721 856899167 756567029 738106434 360659953 804175675 49765839 231825775 677832223 101399512 988744975 345084576 90301657 35631793 899326844 63845516 430199726 1046157402 551952656 533663552 625718179 270370295 617827962 757220507 72525233 691582914 1004445597 316028624 726758724 944888712 1026418191 177848038 383087293 759082797 972215195 926724923 995696113 125300515 313216191 256556541 992420009 1039865079 338266927 112886704 112335136 557147589 1066274896 132848043 321598600 282218686 463300541 426364058 39950725 8854953 287029702 54146813 775201456 271969120 521678316 597338024 153282837 755105358 659692903 679401537 750788277 170876664 773985696 272298950 1042004229 31967345 747678391 689499396 123890541 389998308 1048910334 80880928 88371659 605021709 171293819 975659538 770353901 915296192 960776554 470881573 646218522 61094497 1060104377 54653305 867741322 477611883 872879499
100
813872105 112325098 1032016054 793178758 1044858584 811642112 469279556 746811681 808022636 965628515 868413686 205334981 720016301 921198813 387652284 873323059 299836441 571443915 662565182 659134723 549606430 627774623 554628950 1041865762 24278435 312050527 94434452 297357134 65025664 467180323 676222905 567261852 498772737 436120986 231434556 1008679155 1050814567 31406214 819744200 486899343 351006567 758436923 1033427132 344321918 373335721 74084900 23604905 953697830 1050649930 668855102 551434200 347441597 1066470746 813031068 535093954 215831760 143701599 10805217 735786646 764242877 687597520 674493897 580138422 770024248 185328539 242116768 73371706 1014109898 782712992 797499593 444999275 357936973 437523764 996005176 518282057 936311153 768930207 215566840 478951174 236014651 674933406 44949159 345594249 1068253057 745862113 992816373 765508844 872116847 271305358 375224105 392579071 1062773252 166440893 715564700 398602434 319426454 435073785 162568763 685780718 220673866
100
206357769 742555245 854447773 282724629 495262875 959623646 893469406 726073809 640309146 948589842 474877873 1060907350 192642117 318594962 478938509 151741684 750829292 844134166 613967935 616003441 754167926 958726671 681741669 727628676 516865244 541395486 224707316 1012051547 450754987 463007387 434341299 212224534 543900806 70313743 74254269 658321481 593473954 135026106 76744451 1051042942 309611081 193522190 286847944 289887921 843848535 1000575793 370173731 665910738 592548800 192234111 1016981888 604947014 158413576 982875654 320866591 823359591 369854409 223134473 28491924 501132031 632847921 314620030 1011428677 464090577 1018560129 813969808 282564080 558116880 773577615 775225373 88588578 799991526 590287173 655464248 909220800 307668975 158225184 447774120 210907010 1019321275 657582769 289640552 771418483 380891215 939058719 722539813 1072902259 521638820 985503396 1041013955 881216437 221298215 233529100 398046680 456628545 1055477048 231723577 348286768 517411955 305982891
100
48998983 770714746 1058018890 477354958 760298962 147647194 637260368 280623837 101967926 357001706 265837551 505758464 467866127 635673431 152078027 654766332 755785899 384523936 453507709 327596203 888871053 25618327 622738706 575345532 72437738 168522982 1041796490 795664110 251982127 1006261896 368873049 298863384 522882425 996820043 128303080 406657316 106430235 282395733 681560853 13642192 986242076 964911516 755997615 1050696684 145668278 873558636 615860987 45136606 592919000 902115045 760273458 109706529 756152229 313612155 905166080 135615169 12275 668904308 369701895 1066566624 490227917 66416493 169834330 432234293 719790834 539050966 532394242 698775688 358169683 942230385 952289149 375076663 974496409 905355735 373356601 50934965 1064613276 839066099 161104414 266660613 509393389 1063943301 40738817 481014595 789461837 395812512 783618866 640750619 1026178868 1053321260 166493679 836198480 39601995 669102693 122244590 990750007 710026226 860726874 978122455 2943289
100
568222575 3947720 491698773 650888429 971961819 876957391 485952667 934705666 708615467 660517235 128673970 157497897 724722365 740882732 80833107 649077956 1017184326 106779878 275680971 912172779 589108813 882043011 581129085 734264808 897430189 442824534 654025822 186091961 540354327 138665640 183409271 155774866 25046925 1031462966 1009224295 579341400 647457000 137673905 678585054 1038661414 1065817940 378084925 845503267 399266764 337722575 584897266 388100495 939210059 575274925 622778206 851917328 731369562 313418007 430715138 711949479 374717924 510477191 1038391504 64168938 832474504 359317837 431617460 468384643 999188504 843567885 214214408 1059831471 720536090 238569023 480681757 523564735 951279178 338756526 835145145 51194266 844423190 136881658 112351892 407197754 343289376 342122518 228798426 1016974634 528180416 336278474 923227308 822491919 868948096 1064925233 318871455 672344860 105490590 873377852 1060636987 188922780 687628685 242200878 829867645 598388332 922644340
100
921801557 199870333 775004333 827200889 791561513 846625623 609548360 392657278 551681360 1017441681 275452037 22488255 105591704 201211738 345656670 364886438 366121153 12791283 267443963 667984878 452761856 364118323 45519931 1057910565 720774781 444058114 993426738 106917169 524661717 591196382 338320805 144092360 141260440 1030558809 154267536 771178486 964315596 445527960 150992288 594137755 619931752 732643541 942087610 828281066 40826842 417187807 179352434 227892716 467362434 433271957 904340117 541481467 811434548 895954287 1056852383 174373191 303798970 397235701 377723973 938863188 58532944 1057250629 62920173 783748218 531195430 973888657 511048753 378189412 156164322 295339423 950301024 778636434 838699291 50602311 624613117 1036789719 194892255 542825977 1004929086 399690715 483297070 91516468 358691982 848522650 3373180 299333392 1056244235 710511075 234812211 15191733 252567560 96947161 239078703 183241442 404005261 890602358 431996736 851861351 837990354 334228483
100
91933867 904676552 713802402 333876394 433888806 330956176 138849476 719214311 268253416 437050625 377220787 729283589 691419665 669361702 815133193 55894295 317252951 1063925438 583146551 1030094119 659350403 505588155 777843968 1003004849 954749172 298338755 407674107 327294757 915086362 1007702962 314807316 958667624 384283644 454854934 153473035 77848659 69404339 930845362 839525107 300833843 821415916 199439099 278000053 721616455 439957354 370034846 999373451 933192006 955826050 57188600 373353349 633718230 308511646 393386652 594905351 497573142 607569595 1023842257 26485833 449012501 628871658 787104018 717201878 858786136 884155090 123049868 167268365 762982744 365357612 291100579 321375651 75691778 324983366 710028141 290668575 540674869 812598657 482880821 191748701 423091783 404589779 561396217 897954572 344103553 592698950 508662765 558164784 604499614 480134007 247878902 100738208 529901648 606797848 999239984 97732745 425402043 923287662 198379881 175218153 675114232
100
74599843 835072021 25722004 964415285 1034825622 125535539 46587918 433816470 848536875 905553089 466255196 325522570 282344194 781020684 3147878 942105276 452376301 95698618 652692874 833543785 34179699 633727297 629820439 249325027 390141262 125238125 613228754 984314895 422295533 351098078 9486452 309042919 728086003 962661767 744653353 49899002 989259958 612609072 242383378 768757991 751059393 908569845 600482756 404643301 918494546 467818438 701553863 252231742 800875740 664921829 794668825 1040314064 891126151 192019819 888269736 751108747 11869867 870870466 857019611 1010459893 747748441 804540460 891721994 43110057 764940754 839477563 908844289 405640659 18300941 1004658775 342169218 3755190 616617013 860898876 1068693183 419803174 867080745 870050680 1041704164 696509966 778059515 773949169 14256267 846859244 115000178 187837534 203187269 592123216 89374344 392860361 568934424 862714465 1024618475 763144979 956343292 719337047 342925952 933594736 116826717 358061570
100
575245543 208024220 885478978 490958281 141624275 558193550 160993932 815114952 937354341 916729339 801506156 222504585 666632735 576753440 562236669 870652276 571507034 278450990 692460914 108570147 763731393 635905992 777018257 685140965 975814868 883936905 269264179 546957629 825288806 655107964 903863750 614641250 216751392 639404962 306482379 664362941 191674620 382400368 424397912 740460653 597507530 994608462 333285270 480853190 565148590 667924505 173148484 871075021 892618656 7706017 977197618 1051903678 138871274 622039340 747696071 576817543 747383982 127157745 172894844 524396362 133976670 674038174 1066935391 951834591 817183810 441327315 365580177 149109583 340490485 72626085 785212616 134130778 475411176 54786076 888807886 1006232306 1060067038 991639733 606427136 384329406 287443566 595609824 162482895 117723544 931230341 265978243 984636994 500359695 341952993 152926069 144512371 1062788582 518899607 248579588 771449102 1032373395 563238285 1008740720 100875733 525652417
100
486058349 591700766 370069454 538328832 914723749 44876115 251640398 279197424 630097460 696553585 576794758 687576326 1015401002 910339722 472037361 806150865 978271757 222989891 1042599615 165000109 168431700 334689622 651415121 163613521 996624877 493734673 978099647 833295426 173484215 107689686 125121618 235710045 471288329 1032982169 632482826 888610129 250324265 539465061 858301465 720109346 420238806 595626455 782676837 364901032 982660799 1024820385 599173898 856065550 896289802 475309833 40691926 1019233619 363331022 311073127 132774348 71639244 328606361 914151850 263572641 279258016 9886186 714037716 22983746 989428299 1050031800 764374649 285620812 408930587 964934121 125701445 885375379 1050268342 961453276 888363891 68483228 361459346 707849184 754289750 832314402 890294140 676556986 1046286292 857475476 65477138 856976675 186650853 911614357 698436425 729490760 421479449 891157116 719548135 681720392 156108303 369025746 878585353 1008915642 122669567 169817046 776240543
100
753195057 72053756 792073451 623284357 633363588 944982377 181900294 648840908 430032104 220347513 93549147 697151838 63664100 255740474 742198570 645647252 674278161 1016481518 730861062 787162938 133497244 902434957 147202392 731612946 269933256 1012306240 163380442 7457103 1046440042 676303335 812037660 15491610 569501035 730946708 712927490 1069327889 773071946 194260750 1002122819 189719747 252341655 910916943 905667052 407589685 304131705 968557575 136460764 844744288 993720105 824945430 161590341 179453360 327633269 774518805 770352689 591674758 371898174 1052365006 943559163 612301240 553898234 895765952 496315858 587485196 953967666 51535004 1067823673 969970368 27560453 97874634 287983754 614540037 76613028 722309093 16437614 899931007 1060565716 647286843 1050934118 414796487 1073661039 198889294 142321990 366198249 92836579 152689237 946579636 725424870 802929329 537916092 837597358 667781939 326879983 988127391 686546945 610072121 666682311 657233235 915674066 452545491
100
337649118 372649497 564895443 273173582 747726202 835269665 1037438844 746693684 136939542 448589066 477398537 532488738 988509397 689489991 986332453 202675494 1025482892 2167841 843455602 30229602 18057288 620528689 698868482 188702090 257360838 689178602 615522785 734835561 761358330 656863501 182781577 109104220 633895305 927820338 87422315 439632085 74657614 191053126 25687149 575498713 1014121688 445966855 41215335 880304003 946380010 537463946 549949605 619726719 162362363 903877558 192839528 338949007 93479604 50612167 576693861 171954186 595013748 126099659 1046929476 749150808 429225423 275836200 446248994 774281079 162402059 24889364 386335759 260711033 167927457 801824796 1057410961 721431300 977493954 1052839326 317920800 204737488 526420176 212973902 351587752 147448108 878738912 45814453 1067761930 638953338 967676735 138450605 479050394 438806959 260055018 801105382 668565154 529022932 324050964 804907877 229807582 607968647 192653220 564810496 354740223 368078971
100
122114019 998712872 777588467 1049391635 428061453 448202100 741668427 19184068 814567891 867322222 377018735 104933245 658619485 508993175 9011042 924412713 47399973 777143523 127578553 543624038 1050169979 344951356 713915165 452855816 419368707 598021374 786937293 283593876 601839156 622132857 1052699161 526840518 665124827 476364147 212892904 966284555 504133014 743956643 339815987 982118664 644585818 299342135 1044244360 151198225 448855022 256972111 167238280 173898675 436429677 848603775 494268265 622619690 829137352 377475153 133530484 1059852011 196262722 553380545 324302728 921847580 847142130 85714111 977178261 295402007 997565252 6462128 976755746 1011687915 800600184 561779950 31457992 153628635 431067938 636719683 755172021 71646941 713227432 598762098 425351210 404002331 360531912 37982382 537897469 1003223925 358960911 1062231585 694175768 298604030 209490786 412716135 553236984 791224443 361247353 1031632912 183082287 12299239 693120351 418054945 440062946 627847666
100
471420820 865731403 547010429 1033470571 831277523 932930104 986824479 420424140 657457985 159111050 36490147 613581939 764730545 142043320 521974408 918427023 26640621 453965897 494124672 993622692 888647472 1020744797 484680177 836428297 297588140 950768933 391592311 990957931 55540742 442288999 248651360 340671560 129269205 741932795 1069549870 74639989 710874406 100891984 668861465 1030368921 829076731 205027303 220687754 628747440 893760455 1068888791 863029922 268169352 303482355 656671560 446327217 712741959 23545949 750149112 847566015 141670115 836524756 69285305 758191110 85525160 571001501 232483312 985055349 672433078 446811377 906495256 100263471 383946369 597723516 1050741565 1011529482 576058959 924480736 1035835522 89722129 747606973 64650032 437079963 338017538 959585083 151321205 954406996 618379473 919225227 860917037 577318408 247136803 900021318 731751623 433618474 209677524 227505239 905376808 147674816 15544690 691384445 390375977 638805218 141381567 186806734
