30
100
196051417 128732267 105468518 251565308 291829234 33863685 965214618 157908142 588197153 533159630 433008403 549208497 514111277 775883547 18819836 814049933 403179715 887640262 994251937 706337676 178369523 65517995 33954551 183585598 836317361 627638828 631262481 560776949 799946069 536438190 985463468 490293066 250912539 674167578 834446500 482366614 485812900 405741917 219446652 626572154 208878708 65403880 116226523 942231896 308214130 151060272 409268490 32491735 850194282 167677231 1058065783 941463138 35523982 467968481 262753588 301786282 938781937 242257865 519721592 818911520 148531467 517065833 209601565 907700348 712542264 356633805 71597600 999160633 226817081 101380609 537219621 473965078 306561713 785417622 696621041 52894358 969756072 824821282 581684718 1057547137 477158412 1004667836 568904106 810590561 1010555436 208653444 64354392 24908550 543269435 309668121 757804877 1058215426 82826451 660269345 443419780 274414382 272843119 1012465605 83683099 104426275
100
427683889 928468948 838048450 630739992 143084057 80093589 969183149 8884242 245184047 985997800 762557643 452129512 675484334 214970748 828571336 121800203 319758290 762711202 851763346 64013520 284900445 30579664 1005342685 535393517 962638356 517133346 736680352 328929024 468783680 165947348 148948630 1008514824 842932782 150046409 551243711 617268458 480434095 667938567 820830940 50060525 798975385 998018361 385316598 288397374 653940804 365849899 644935895 73383277 741917197 243120722 350328719 744556782 1044346838 10653762 386701553 783844761 808410500 504191797 871669267 826570027 634307200 68864139 120483794 948947139 739364407 266684228 674474827 868952421 211025050 167123080 816285283 783192187 51686047 601354271 666870849 667250766 206090942 741156090 759364046 401042577 496179572 271282600 449888828 232760023 896977347 1000293601 912360316 528778008 483615152 718840319 1026826950 398604336 557780676 203657600 43583765 928620640 152009356 548282758 441276328 341169611
100
654177879 173550723 578438906 314678145 995584733 211547884 892034905 722944092 79184166 1015929838 429113272 3460167 927458021 700787417 1040713418 185491556 794767855 743760320 971712937 542733529 713681087 69288441 798317648 223819084 774081268 10712225 805276192 467529070 1030874574 718094102 1043684956 544441709 459219124 788449147 248503468 1032523391 909467056 289433911 637176222 389504862 100526577 171088246 80028448 182763719 409337416 124115878 751036680 518760954 1061883820 772589052 524318092 101616957 424718262 725226989 595404234 53785689 908197157 287102133 231543362 838085915 708879452 1022135251 931305302 951895508 8613855 91720075 368471505 834017754 430336218 1048917347 623465309 664972805 881756058 830370982 683819787 475667763 203617297 135143140 476790223 783045828 836621910 162234992 181314306 499114270 242661155 960559328 683088094 406669866 1011380309 341871505 1312006 1037664213 22326640 834185249 753177851 974214800 151452697 12248307 743134887 656937937
100
950457774 72114390 951782032 524075617 426438590 418909112 92030923 593900672 1024294610 436484449 669404930 753188399 479177052 303443530 368764603 10485574 394036500 121567693 6223103 824356036 26622838 174878380 23423963 122851658 911425087 164670346 618350048 486022560 907906036 948056944 430346916 494373168 495322202 601265738 780833599 190677638 450743551 490318184 329443023 463564758 585614768 897798142 979879668 834617206 160697601 621663140 374166612 168478815 267883721 571395286 810545944 702462640 754042530 351574900 939505518 1065951275 305281133 281702212 1021108741 907504822 865104076 870637675 51866772 593764060 585612199 458823672 922986067 554168394 652807848 570460249 450224255 319854162 261422526 973813220 712452827 429855339 793755550 241340240 428154922 751801006 197214781 1063179833 1070514870 747430491 234049367 1016141727 14706892 3238482 895467756 866366567 997243198 1008189851 367052221 177437145 364951519 628936158 884291027 566446624 205578762 391476204
100
682382541 875292 1023006772 549548349 640474965 588458229 298331982 508957555 867671438 133202044 388046452 288155570 283482678 199369240 1012902916 94844885 590131052 156223031 112115712 112869883 733777717 29989322 551433357 519568647 1002724344 914934471 496596599 322694432 899862786 918889638 547468716 23988274 935525124 57785573 367895997 705538668 606568592 137539461 399560288 259431104 367426207 295562122 663514096 34742119 1008196877 421072766 636215275 619061850 1073245979 921064942 198095219 842294746 306402285 187863532 1019354574 203147496 973349642 926301067 806107366 829266893 90411231 263949415 382377418 53019796 187737916 177974298 403091243 592343947 36212181 151317704 903964640 436021190 289333954 144447380 825801570 437044124 577282815 902482216 191399505 848621864 799777517 298638898 403246829 924128969 947164879 525266913 718083485 741219234 192260942 279961708 266433900 320879643 395292150 53966731 661673095 41872990 76006839 718540540 791274688 382523099
100
842092287 1056224270 703712452 499569207 993655515 2592011 750579345 696856651 475450711 820963188 837076606 79943457 788292929 398452909 909606664 1071328284 73023979 620426299 904734580 705827077 490524585 589286471 726534216 856657031 309625940 3490338 656345040 457245364 861146058 759592635 260447898 471530878 1541227 186100523 911793146 259687743 239520669 494182698 604437127 61409585 358931018 146443158 680723612 398776311 444477789 796888819 4917464 848308243 828921417 544854502 506683038 602452077 314859393 654843321 978680470 124375250 370577665 989728475 375706410 217795187 931465412 1050006877 124507402 575572066 823098187 866747765 930277289 378304536 391249949 328595455 1045660093 934670834 438627905 1063860983 623463875 393785775 28035269 272536064 605249144 461037300 10828603 703203040 775385953 996091336 1024337463 341150209 741952836 352542488 6929362 171025138 429396653 230410548 423668778 500936932 363054186 227332176 396976607 261864238 486326799 1067804420
100
849072586 214916723 698085069 915359612 138083797 87917617 422555786 493810106 194888211 1017670184 512812287 563429121 27143016 432822268 124865877 939653640 58552672 920681107 358570904 530735879 620308136 70043800 942533432 319872060 145095058 482866939 728402313 753772136 800195733 74415470 874794562 853716303 342929099 833333994 579159042 732193852 693247090 1001507368 687890630 478261882 673722220 1068914217 286658165 190115804 937105342 362888879 334578516 703066422 284128276 945175745 593439378 538780897 864027196 436418347 1038310590 40877883 864870311 958838523 1055565899 580712229 448944619 792751109 979266067 277369475 555306819 509460832 421164497 296551104 133373709 385122792 436702885 229527879 898837067 196971706 299659156 785980427 152560675 763468218 29844486 1034445312 22377055 352980496 595750982 245292959 993254894 900194470 395577862 839367526 1047712609 788696748 952000728 896549462 167048047 958472213 903820982 787264627 318026609 299842583 969033850 981082440
100
121654703 380126823 168776800 553534192 911390747 562322590 690934222 977135830 445979486 657607594 487318182 634621056 370124991 740757749 445952385 184852990 781420362 895360848 603158269 683967746 416434253 797255535 1062778427 621037921 239037405 665350251 555780448 989600661 384693583 786546750 329580052 940585278 618401727 818664522 525304326 154356124 442417804 985426387 901472101 887668247 429897177 805754496 721111400 4727480 123668238 768159966 408156360 665089709 1063988566 788924637 469620801 96003273 360771103 403484753 163561749 1048384513 562389404 779228018 141870984 84084720 38537030 689709404 147789669 503353684 911927895 841073808 971628663 317083278 643749454 713124721 545018641 598096934 21076846 1039147208 1035971719 663475525 370434878 457389121 56251315 935838778 742397194 875983596 702678385 814818038 917359200 1032908732 533139746 268323727 584668053 116022283 783983917 1006057664 822070334 663941140 635579258 48461416 920403895 744481656 258586101 1022730759
100
677279162 944208657 238451524 406273626 145721027 423780930 733054057 783300494 302890846 9281666 811938533 684703910 1019234749 864773325 14200777 787244882 972823026 545821860 913909836 895341573 200656503 545495182 237022791 110354038 2486439 961558675 526952634 474722847 159530306 145393855 883545157 664076993 783080685 17491365 902550448 731467998 1046258864 692912345 977686627 458702398 41924214 544996725 16100078 1053028971 953858448 1062575253 1051016067 298804 774284083 290879963 779166327 632403246 921636597 123820011 291612869 727128110 666052436 911441136 350367882 497099728 470490671 739778326 703968650 468365300 315897163 638378254 826989994 622642491 598038223 1003052685 43096436 571634062 403586504 563857612 1068782742 871541912 23277222 1045205769 383170147 691162183 974602173 804990725 272364112 540019023 535245253 69589381 125216888 178033574 978770011 388921042 964974105 958445321 792924798 133070648 599152149 317951862 495604498 741079946 160067954 559074736
100
989958556 433389530 588188607 562870676 848011464 366909468 815673709 136140094 376204906 257380521 359000265 893576146 83452516 205623320 657466024 1038445352 153310107 573992354 284928799 61573116 1064035447 614834598 983223818 393799279 477753191 334693926 852626313 588466820 606012251 361998153 99146878 36710564 668987464 529294295 920553232 963431962 877814696 737418688 632619818 133372312 752981239 995850901 159641340 650953649 902562359 658256909 155554681 656881500 879508589 131201154 714078424 118094455 505332770 989780849 28052244 37856834 106362338 740120062 180145772 461467616 481625792 383899501 401122275 402473178 338628817 565044650 213294529 771645339 1017065388 368496066 856810512 892643316 810069232 799138920 312813856 1036407706 388381886 913856113 394276355 291525283 705907259 387221848 20535057 130626573 270685200 988482491 134041702 112762424 682776810 827397596 557761119 989157222 353719290 362977825 301471265 385605186 484034933 15328660 145836562 699372118
100
1068159075 230413918 769158291 586062998 917732961 878092659 158287821 1060339770 471117699 464258181 301644093 778793798 732143717 987488267 293501181 39457411 145193667 662945856 901733007 394862269 278156800 41357731 165533015 788494663 1022740386 983131511 411639068 606810230 350946259 571262532 458017419 206609441 416714210 640031828 700126132 621840936 86210752 383361591 829789323 399997674 54671236 244410687 508995432 4713933 574553575 933228037 4017544 334609849 982757577 549502178 708683657 32017821 857171626 240723574 1027079666 554386665 925726769 980091941 236476841 202284051 278274217 23825557 507554938 446478610 25341567 242235442 719292823 1058790374 768558022 895727018 775253523 820910862 478422707 238349938 202021222 859582480 486580768 271719230 148338156 949834740 628192781 553773196 425824614 472787913 309647387 116173595 248456567 686343455 168690703 845653100 561197096 810525324 642407509 521426760 584326244 29218856 909777530 547744825 766442109 737032208
100
207529487 16337061 311135974 435156304 337077852 287525750 165408847 127716688 335757817 18675307 450433908 681890511 144778623 585065572 172474242 217152145 512592335 360505382 1033914410 856556411 304494731 351894745 551164449 740366104 556933274 376323720 7100321 1011481108 620706472 423154340 588612839 709053635 128482723 741988482 255607987 728587163 729146175 73644504 268117195 463601589 126385267 672928580 1042905719 980684624 826578426 556903621 166940422 968646222 103541971 493421120 30563401 60182198 773452482 601971708 469375251 3010864 974398156 198473510 394843583 234993036 941647295 796048974 588245161 293186363 819168936 735973864 373615283 989221332 663336794 495263948 888013762 616102289 578495726 778129591 559630143 877114319 874421309 970536648 486482071 1026478994 999046760 4825091 905433019 1027735038 366101841 578234834 144438689 750701279 107862047 594176638 207368385 116585762 827977662 1031317946 999016856 575150938 493243229 763046169 98725672 685183036
100
896990355 633930614 82098979 236508585 1043821317 549681163 518686861 808311433 765267629 864664180 487352987 394733773 1034096049 715239619 773745045 708502137 509444761 814499339 211534948 731314898 863108305 718767847 271687959 149461734 197968169 396873204 381635934 488347138 143954516 1032454226 133041938 136572473 111085932 664853031 952272043 593717476 65502828 410995484 1053398472 276640541 684359861 373416670 348320683 474584642 319283082 851004830 216738234 870038648 1053639315 985129106 793198079 902530342 810242654 131348082 211018153 1043687798 244805849 137550843 12202377 673345751 920388058 807996527 434898582 592065917 756630423 835354131 466212457 694221024 905492270 112475824 540287938 308529209 326441247 279355411 699039489 60076296 341371340 364917902 358225581 957941136 617973248 627825524 1027463153 913027417 347393893 55827872 82976538 1041604014 367486220 233576943 1042151450 224273949 208759785 912605633 194244360 1021680890 653780821 135996796 747401374 324788187
100
768610569 597408442 197458973 565617707 457652309 1061510365 217965406 67453113 34616274 609175727 343093249 194750750 9800947 473330297 574355885 168499238 180378291 342294953 151697870 1039239681 599977487 756683090 547766291 807601347 551325319 821756073 1037874926 344158437 354961057 284578697 1059239959 504562113 919126118 164897520 827355401 602877465 100872675 729816448 204396420 726284432 1058757034 337713151 180809225 681265199 671255374 325201367 799348833 277418210 455855082 344945047 427982871 525405177 152501915 543698288 688294137 330121384 174399745 29930424 479352219 947559559 75995075 445497194 860380115 1050795026 324832008 5465253 482478398 386204457 575296254 183603497 925202362 846423442 531362902 416816349 562901482 199638898 1033940166 799828555 888407990 663215576 59805574 164271906 169276104 1061639986 200815060 327957683 251595535 737858518 709715824 360104053 321227584 944924283 487526176 179516546 493086032 824014013 542240557 762431511 320988923 883208092
100
354076696 880012865 958045181 874811927 477048713 890973667 6597416 599656346 670746646 110756330 901702472 655442886 259644044 1003377697 1073485806 325496312 521432926 180621462 694465167 647761939 529604385 363964957 477498113 454353658 383873808 273723085 453267458 129477399 1017763208 184839296 58785713 982148311 816255629 696296791 778563603 1019216172 454256708 249713716 739567503 927527433 23930743 359432511 830719346 1060685546 71361556 1012606562 280836717 697489737 752432558 310256589 804393234 642779434 737544187 143541362 277284442 179276176 753761108 40784522 496185890 589610245 718820664 852114446 663945128 494150166 128712905 147212094 693220883 466702293 1063526221 1001412382 810258665 168821334 865970350 216350708 151677079 507131698 910531579 744238028 507439853 102586887 742211557 143265524 261645215 597721333 454423362 915352704 597497029 569751842 927370638 199273159 503652187 502817592 310136677 920664036 844757954 340434914 468280074 538164790 14451261 134466642
100
569321696 166953845 486674110 216050683 828520521 178581750 825291486 259009151 631006878 47945136 408360560 107839042 699980875 1014718070 1044178357 506698041 121926790 143012482 457074673 557197822 617599428 231955439 395975662 938937425 134185538 857440318 839836793 453593490 650916989 609954002 1050346724 893626697 400882618 835574644 443428227 377803167 1046848639 218350287 39884847 27981794 559094040 919856885 293680326 312549637 999282195 120387032 227337640 866382365 893021892 369531858 258001980 455086309 598221250 854944798 96052585 365696059 560823656 119757148 147994141 853542049 203887701 867089937 900909002 42757309 972308972 1018295588 272872676 957544921 81133269 393577058 997524836 857910371 509855098 9358076 789388104 173643886 982025867 351100420 854617872 588133936 70888826 119065843 267672643 516047490 995767552 807474214 378469864 685846371 255576982 704877404 334895886 632038517 91228157 394696250 243213124 628461439 14396855 1003318471 710032161 546194665
100
170333168 667048125 713437251 127806981 618229253 81555510 1034065086 139507699 401279802 738177069 967564721 931594985 992838183 26267206 863305493 966452670 218781769 320496555 1019110922 881348365 97811071 577526154 508983632 474413493 429933965 126641554 412723663 402010458 484712092 747214458 548672271 571254497 107191224 914681979 994487232 436098296 388447313 125901265 122816052 436892811 126005691 617289533 109617376 136544592 913029038 906893446 845858527 86199869 1050901702 23352563 936247407 297609740 57973507 16185299 78779249 1021318078 1023909963 788471029 780506093 863698709 177219299 758766896 423363724 366291224 383024634 1025600220 836208412 183270547 701620767 377306711 21503248 646710932 410994117 169562754 381843453 453802735 569420230 113537346 183523871 468764859 794625501 113086463 664569554 181452499 449364266 610810919 297550616 71549014 374782642 349444012 771253786 649955624 209838557 257123714 437778847 965673583 398548726 962897442 1072589462 779953942
100
109265930 951011730 346028109 895089562 464605243 835296073 930841095 202364081 785141434 111982869 293924730 124106703 167711503 219726195 763735971 586938676 333622473 601659526 244230592 603318532 1025532919 774076564 980255187 666889161 1017562544 129241736 248900902 525345517 331595917 683884143 498144962 899917121 733335850 574372859 692392950 913983353 1048985256 362840835 1025927382 680719534 624846638 232858625 220568761 887789274 365567075 684963986 933945019 582979423 320409590 321184762 87145017 643547009 307318807 854221725 47635287 1055334631 539284475 1060548487 573170557 633663006 563877979 760228581 481643990 540891926 602393589 242082954 904815568 443932067 252414986 857466731 444547486 284820989 930328798 732502819 136112825 878110528 986196540 121681008 492531291 545984493 210660336 93402548 758258690 944575079 392981066 153288565 908183539 845847927 538879649 985690333 690954165 767698121 661867470 949065786 19074706 781785453 551312045 500003711 113455641 1045475927
100
706920642 49569438 79381726 591749643 305815228 200881081 412364097 837483225 217398604 255770819 853296925 1003882229 55041524 896088412 656209400 441417938 584410202 43170280 13876666 411407332 900478665 552475661 747137838 456603941 197537453 406838070 558877830 847700881 892229915 283052307 364706260 767966378 99501894 623923735 696462738 827126004 522514187 818745849 323628315 1051495546 48831334 13137971 276250927 399730504 182021371 80002182 183287411 636527086 863758990 617243508 654450159 355152388 282009995 739480261 842442126 645791392 716101247 222131715 962633889 290131169 837698972 546419453 593176669 779598952 961147705 559541832 192183384 254022618 529730640 460283833 1025436432 290397535 582375167 779646700 547768932 1023038246 629191432 143036352 518783001 882777055 205728336 1040561881 7051862 201414463 918065507 825261597 302643240 684063360 130988014 259645751 678494719 675069150 506800452 127875608 821686831 642896923 450067675 1062487408 493366640 698663163
100
1002125113 502704991 689777609 584661078 605740845 192540411 395235537 996327515 42261835 429428520 574520547 944372705 710796886 660361007 391780823 1072834194 955914326 178112316 968215299 816528188 952065813 17603807 526391751 624243794 192932002 131484556 417280513 557505642 620669394 959282459 120139417 925249213 181400250 892596808 917075447 49301419 50860854 168360756 233121415 667870516 392826726 83787746 512791356 417429375 386425899 355899579 807915531 390054231 210361262 774616842 727469675 973867177 864317914 652565889 636062172 124442375 329271517 685467827 782419036 528632360 208973227 533325719 567005939 1021506661 156314747 32998412 1041168937 402410814 140817736 917535567 715250315 226406867 485806161 385361542 527133994 30209388 412541593 45290297 675090459 501187058 329089639 181119955 208708344 742066291 556522440 1058238501 1014870877 249348514 396436744 81968612 123189612 20856404 978199357 968436006 27747401 466798596 1034337980 190866665 959510175 413159759
100
492026765 117027610 718665337 674761292 158209876 318658795 360844775 20403167 136354537 613199943 264882339 852952769 313772502 714221288 793010908 4497181 542458124 1064402058 56353890 228034404 888405855 204570479 114651438 870259911 388840968 387373276 249768408 842843070 684448033 972745114 694262815 729549955 194791468 888256118 774030181 467330968 848766605 303097025 560503088 921954877 1034177547 392808144 670119339 704422650 75003219 344488061 926318626 315227676 55540853 822741924 516124554 407681583 847585637 35374247 29416182 897051785 810443387 351626987 438032931 868455871 169174260 211849561 686274029 113067566 557444462 698297054 165505240 911790707 490236016 306372331 974827400 166926323 460948192 986163701 75671881 842584404 323768971 478377462 811731080 73628418 852299424 62703338 20501335 897468331 263870517 469399379 281785325 681911491 628822721 182355126 249485604 258985729 1071041696 433974300 1010591481 268105440 539146131 661100178 149452560 541160735
100
407655849 396667182 179801922 439475111 175763446 186991549 475679758 255870396 442187155 731505739 279238673 1006576590 611275932 627818507 740162071 799414287 216647091 475231314 443520950 1065880345 1064167549 271083291 289032643 61346919 154613795 453752708 756482267 1020457689 675332050 584105551 980990428 977212724 708679483 835001954 543179368 318059168 1047818004 221930823 789843305 226718504 768617876 175324077 692983687 515713085 79141627 349578725 982637492 1049171252 444472840 310891621 832329633 805324739 176130177 382665801 35659846 6258824 590934959 467922893 88049246 781003650 133213407 269307604 745982696 590735510 29307362 472704868 518546343 532784139 84622733 740142632 87904163 279133966 13296698 730167021 478903207 1036306479 622575686 469513509 83113664 705840098 788803217 598396007 619493060 291833088 795843329 902000876 644000969 441554243 867687679 7706644 120514985 1067068877 776840184 507476191 847778437 726122401 1045558237 582950005 493315391 1001098281
100
1030028959 739347710 818630063 161234884 380255819 993363630 251260899 525478589 1051483659 55809405 429840475 734061966 1045468310 828262240 661503758 928683581 508603718 1002932620 932255449 739308115 30636185 795593981 495519226 964569949 74632369 739064562 264302232 395242348 634459604 206633326 589137720 817848725 790656748 24149945 67470153 222125682 691894791 1058077406 195480474 813793440 742346968 804438571 645547742 993095999 195011892 275438515 524825135 190656629 610007447 936939727 137300360 90796523 481466781 243864216 695140426 674826574 928848521 700132975 335284664 258434767 912944065 196416118 874017147 245769124 739931983 303964693 108659742 563060357 39670370 823057013 549177234 58763311 869793227 898156296 337527724 592134117 730904193 776504831 265837218 248799210 44357149 103013586 242921874 586078728 497697630 258333884 136816892 67453964 1033794215 1004214077 430040386 610595911 847574652 25158294 242444079 624692751 1548297 939699792 45036653 798793276
100
260859830 521113613 991348651 950244644 494988886 141738756 398196670 825147579 539596931 972584104 966613722 520422170 108775382 658608951 873916648 762576414 1030589865 848612432 192553430 67183947 9068442 954832247 65626643 558681670 800709647 874235029 477525781 1008128344 946511532 969521271 903232471 386316786 882058462 731844938 1010517331 639207203 1044038227 68024613 204054284 517405732 444376448 146340992 844470152 246448333 188148762 303002293 383753422 489394717 181913501 98465414 478095596 834257589 838513096 416837270 1013890675 257968989 180859167 693446126 808121593 445721471 575057256 197948538 173446550 668457383 1008260143 801994634 945145703 607880201 692718914 443832914 108153871 578347259 657227572 295743082 681233457 443912054 393225182 963531854 974074871 848234393 384330970 330494942 512499598 1017584422 884078599 125961440 801593255 722470403 262820872 351889273 709844472 599396027 745264324 534285496 488638905 38057723 708802535 161754892 931017768 198540309
100
710449864 820802821 299247488 467679201 351045286 793440022 50114389 491161955 992377921 1064578213 876521172 875536287 847696025 753470461 1032994525 634018965 306719891 90029040 547280504 440334089 548971895 490326100 297737038 332615425 208495984 979187329 636926509 294998600 1007870991 582791637 448634759 574451951 366718665 749127728 650299379 272310727 1037025652 381957752 84451499 1008563943 813592270 505758998 905771021 784974380 232052982 15611000 74350107 691161524 505084401 477411725 914478330 998181986 425278502 501254732 889729398 970626654 1068016355 211876397 500796285 961865106 523207382 239707822 672423584 462315054 986499732 598225871 996473493 337432356 582212373 119871638 498492343 1054639788 914026550 79788941 619627396 312440514 912136502 474226495 748251422 938240419 1069072697 1046961854 698374603 264259156 251119560 1041906208 410481014 42165531 663103823 522613501 744166187 61142019 276182942 63813875 411330974 311323485 719938153 456123938 108345253 635507258
100
445402033 247281849 439325426 908002487 1001393735 333123962 832937887 845798807 857969298 823840808 776971938 334370475 283703748 160693546 351573790 893854876 115191312 631847819 850638200 438312182 537984818 933984632 332955613 587820713 211930852 310554819 915841724 605891208 99962218 394147683 681573704 330554317 928564743 581869554 717665783 749465747 123763589 124463661 706567941 235254363 378901682 14992248 440871666 399888008 138746077 350787416 15347968 63991523 847379549 154415094 242598326 1039065623 581713162 905782947 883870559 267506742 1007619778 848192590 129257100 146937650 375920614 320664080 443409038 653392741 711572954 825645473 865487357 870397962 176849288 40539615 752097076 725967809 515075038 320049998 160587986 18414863 429886027 358367379 395019834 372441819 654211910 384380664 926417940 839458035 564923079 432325356 1049843914 643716229 965664460 1064367232 82376972 400579750 284177366 792764394 177951820 83192526 22980969 593126918 471263555 171745114
100
302456016 56846954 310574601 350658134 992858091 402977410 372176512 758406221 1008685341 18827533 207912134 808108299 773019856 168638162 912503240 23889577 1039742611 1037953628 1004805078 185263426 511578519 443182204 627994404 506318714 795523379 267723971 536274506 618086132 935003489 780496393 456796869 655593691 437307198 376519401 43961716 505999962 1029982606 1036438082 110972699 278388004 1041522997 545811383 720419043 972989421 498601407 1038898224 336708824 305270510 307472857 420643415 482252394 521996389 131312597 266515228 311493357 490297619 552531499 1057252914 384133657 850621628 114472946 371389071 127147658 294344362 557440363 871344880 20930112 625241643 584192119 496243282 53992225 687250190 806373659 696655994 993645427 181549610 148303363 32544367 92584546 308888024 126846205 924934906 1007644800 391081588 983167866 917509933 98241599 904101599 389238544 542010073 900084345 408125696 120995322 494194966 763559657 439234110 492234646 358423743 722566319 85153800
100
318584051 375434960 626353229 588914960 921950614 733489332 1033755140 178903518 463042509 516699815 820444582 1001025599 631705222 605984344 308051375 826497220 405086958 596492124 720711456 670039076 647283960 894745516 752343552 299145144 746890205 821923875 1021122006 1067363839 637809303 67646721 851457585 231933724 10935396 1011359339 819021601 11223379 554256713 809129192 1010440635 451211663 84587149 903224805 254304408 639914975 1059866425 647640114 913235030 365726709 600350879 98078851 745510934 661616038 622151376 1015202289 190920188 641140076 119555364 66639478 557927347 15349991 154914486 127718260 671469286 879728471 512357094 992788015 618631624 653214244 328884693 572863566 966774669 838243671 189546732 179213406 59951342 71260190 291901269 215397967 996241577 905739596 496343680 890844149 701245439 617509846 97125024 527974792 760253237 784402263 186240812 782767652 1024216595 771018893 547820382 957277258 225388648 685127129 137601719 1000039005 999150212 84147139
100
548660006 740823484 759653748 747265324 801111633 464770281 88073531 58042649 135186670 889151721 933518601 205216466 538680817 607948061 641462004 1068059304 544437937 75960298 82861496 780639283 398250861 909630264 865860913 309682895 866399170 613910774 1014313698 184899097 548347702 29480852 926516849 688690805 825736625 130823815 863650344 911573387 840105983 511795912 917283702 1009292998 564353103 491000661 215980908 660433876 341443254 15381935 624500545 216379689 803790253 363215451 899483855 1040467579 212259471 88469857 723486483 262299463 988335644 845838032 1059397296 880064331 542198009 158969656 592591469 232969994 525885486 946197550 413944754 602040395 26115494 244945099 814643983 137927322 727421106 513486382 676587702 97753030 909956743 456708085 182025468 556664929 750990011 307216584 87640284 451848260 164894668 394317519 643921523 439741192 183435161 694401078 325634437 541831309 460944359 470525872 348303351 731842935 492021469 468631793 45408851 1011485612
100
746765619 28349511 9156311 799333976 505452466 829502758 199878888 962252193 385960496 738377829 535650962 614691355 862296434 873569823 967433164 49342307 825946560 1009128338 193210449 680481912 332354409 44909472 115895328 913142846 744902461 418496335 501374972 608022014 1019286289 224765513 818521580 661765604 954959423 467687261 812920252 567471488 98596387 951169276 429959547 414768198 852939423 95216061 311103995 337696782 323615383 42780889 534592341 724026772 269424758 341042863 443382114 833132793 1040813736 294247745 192762946 822173248 156267550 460882102 426396889 339792338 198648013 785020886 990032205 910067963 921356847 2976913 1005617546 241150570 253177792 735693944 955016126 252327605 440686466 958536002 514500829 654893267 136272505 896256329 582246686 1029797536 220217648 875804682 564035708 761256284 549384243 335554217 173085493 1054311980 262743187 39996522 38830671 350072472 453738597 459896633 993716238 327016715 775923523 724155427 99316863 187384151
