30
100
1050343686 226722741 999420300 555627521 721497643 907707860 659186190 639508665 325729239 99252390 255352275 919315275 28452206 646885038 1004926441 644762871 507247177 419293576 338989714 654867281 662954037 618244193 234169798 431820479 351792625 199804538 90451374 952463614 421647795 1037527464 640911146 1051847581 778788772 831930583 1007423564 737037952 956806239 452137603 330373851 818210398 264992630 742693693 288337617 257540932 754823661 893631532 46374110 1045974801 527142077 963377545 56385762 843920376 323541842 159205666 854316150 954635009 833058318 83439832 636006756 1049922183 613377220 699741473 816768043 742657211 84007229 14456710 514305660 137233952 393279927 167470374 946051519 703910925 41319264 1038931249 923810191 529140526 450039007 617019247 653508154 362188291 922783948 52277943 98064194 861860704 1004611635 339153784 496068062 526269675 995429654 537586227 906264441 252763554 213990632 1026013694 1029718066 430575698 1053881106 936834819 812313947 44924449
100
689607935 538109947 380056836 714843350 22930883 749399884 24899145 882441093 737396663 847000381 990618895 301806519 968631378 781727472 69237961 317676568 847953571 370443069 853800896 619229257 103371211 890906926 995392910 304726879 386858880 779293825 896872867 431651426 36114060 528428585 540154307 947836623 406911308 1069240014 87200901 53121303 922995762 239337800 789848022 538805022 276747332 50205991 415723380 124969660 967941530 72286510 436851572 785206335 161825251 361698772 439676605 766090471 737216225 228556738 1071562123 910335337 180636904 676207191 688122860 911178861 500157795 812716583 884374598 304552208 1017653584 333731703 210419151 873602403 209438655 768794819 691835668 416671978 37094486 922074425 54986867 432163613 996781520 380827452 1030240928 869010922 563926137 54937313 474713380 847138865 617605300 979211381 198455513 885829703 458893685 517163765 130153071 957367924 1047880392 863009428 984254699 1018785653 202570824 1038142265 192986147 58746618
100
406994686 522484547 153006633 910196526 452641970 146066250 937122329 378610739 331192920 10368398 1031009880 280030628 837451686 1067417140 1059882854 910497412 733001863 138324665 1024467256 920411240 580902809 1047025772 732718517 815611385 965773488 708010737 718393148 403540342 554611537 671275711 119720733 583875375 447745336 360729507 595305499 39758859 385877202 2642747 1048394992 89526275 485206980 929269628 130325193 646595748 483879266 694529325 530137030 723578769 751336760 525155946 723277180 831515903 776753541 37568801 507684722 1022234168 168271291 275475864 1008954791 422389784 1530113 240952549 358999818 773288339 128810161 231323508 1003996161 942289453 462657242 417758086 964059363 665305216 477965503 772092844 410308734 393924794 626257237 1020282192 822654609 650449692 149402569 60047148 17298003 20128380 866933240 5517264 144775403 191873732 393173750 648170528 112771061 978349937 439305608 813098452 917870595 345324052 1014955689 763343351 549803802 5634260
100
698441577 618951473 108446955 448093833 547716445 674409654 666749221 265434304 978235867 861825288 946102372 816082297 927809599 540073213 943555614 688845363 214818744 730138462 114002653 889495968 698147274 540244839 601831102 139870758 85436621 381483848 647631859 643581025 627469931 884859558 904800065 992368031 1069046310 779378970 385150083 320520802 846981071 199460017 381134117 19900642 516791824 442307690 776140457 522713992 328668388 41695931 18864421 377377652 303582233 836435981 1066128835 199725817 819286485 655136059 118134081 446126107 119683342 900099607 355122799 128991000 415719440 123874277 26748083 965342428 779618043 916608990 1037387400 162994571 622147139 501476783 171318266 1005908731 49739054 518436343 687224108 1064234807 263573594 865497292 428091602 587200253 3059764 301912119 257708727 274436161 96141185 198460083 688710201 893964456 886514137 425430450 624769224 1029251086 78723623 783955992 886216810 566545152 509231403 301581502 311173690 542598467
100
659012848 967845092 496368715 980542070 272403184 782547755 294197701 139642337 171123825 227392100 567580173 1004111688 788235548 1011478776 923220664 988974607 443676942 778679526 776746252 252980845 1053112152 586727998 65558659 657977327 544558206 624257447 908931404 474358771 173364473 579800794 734783178 367905838 152700853 428209956 464645651 857919783 624890003 1044801512 265915506 113019065 558709480 857281819 532163045 233737365 969632764 469950406 708080543 60154045 56913293 640541832 709774983 412379658 185305161 351656466 1021483448 649376936 187297367 129089448 288669951 684722837 538899919 882170790 153624416 540072485 631055165 104925689 22229394 342584449 229508130 585390754 341219454 136768547 291953011 620494903 807529412 311475035 311955992 924225122 1058036789 175381197 620860782 355436640 973547098 355475441 1020648902 796802946 872404204 956693394 798352100 198312367 313021274 125407312 193975424 198547425 855822406 297687326 160081096 802428067 741306376 510304196
100
114881178 1036635945 82510686 701064529 1044742905 981751017 678448859 704267439 741714955 720065979 156344190 347514355 21886893 930743748 152886113 495637774 130871760 611007327 181368813 970862435 922343164 217055643 233934948 1039162957 726307528 381024955 9260119 357786007 81464931 166171317 154965552 464284162 118476558 353370548 935797162 700810178 360572064 126688919 537576019 574230785 326248449 947454319 539496977 675812443 1018284463 590706180 942499738 848317281 122564668 1040399953 649731322 449779990 1067853517 844047620 861152785 584597621 418274205 698277887 745142035 643788521 500903544 357024474 607828742 408393426 105238336 844710238 622778951 972233223 937864300 241517067 720032005 814662735 561983876 1024475283 744904133 1058117095 822924710 26427485 621924316 780885503 517962244 714706691 481566200 555492669 682432612 35935956 527084696 560883768 553435550 1046348115 909499535 5120510 679668770 327641526 893106565 958834318 4788847 577298279 574292086 628182367
100
32569479 183006769 1046408152 183580628 233518182 540052953 189145045 718942931 939027980 278355816 580938281 974098026 322117300 691072551 312482070 478024448 908685387 971751224 497615574 422761486 437723125 388481036 909512726 317324961 294203529 399736045 217421430 490272732 198536464 478783350 321291018 141413236 504347465 23653653 176182492 662563378 895958568 429923728 456124263 614348917 706037843 954769789 800263453 845049005 625483428 476659912 94173667 140623329 800295594 968571185 965574032 604955178 162610471 403416267 333778545 919690550 555417747 479408255 50308040 80092870 340310936 551428743 1056989256 938307887 886850452 1050587379 175639707 356267997 675610394 973318183 577790428 304512460 388323441 416112987 933635101 41767949 402915347 26937626 972819683 934936647 619904815 875181507 376472997 873495347 924228136 142790155 119550544 82001695 372638485 675889017 1008683974 829580908 96459839 582026473 859032154 736107025 1005357733 281640202 196763733 467947541
100
1025446112 54543477 734648856 925853606 652913218 245091433 965657547 830829634 105478749 848156502 792854899 238249756 741806127 372639829 251162218 1047836729 910409485 149147890 804461470 71213389 323048733 470698926 64024081 868950085 56631773 24962687 1004899671 428984766 326519962 350936395 269459995 379087755 275479290 397378672 967337114 407207730 352503667 741696319 778468134 203320432 561842129 239738492 139339940 320576433 567108532 479277792 285788942 58480792 609893135 111378327 406694387 994346109 142892203 447062211 365303026 550377706 426675361 1012865527 433508930 840464926 515857124 119296188 913890605 784308618 710363573 988108559 518747281 1002760278 255149101 483624417 852064606 462690781 990078134 563079062 202120474 938325548 554044306 272921223 809820256 111246471 40322387 193598336 917037404 88249829 622362977 354256962 231176785 591370095 935630968 811928066 218509331 889738501 915153703 1058064360 658239629 908821433 562438225 308294033 621125949 865479761
100
852889998 112065971 845082057 313492557 258308067 247645718 180817871 291971849 476148873 1068580254 979068230 601956632 700031468 134478107 593428163 390147713 525172589 840695149 183086355 888133791 492870625 763309577 711218099 970023075 913936400 823528315 340593494 68215311 389400887 116572638 1064113251 934922556 937173894 192644966 116038005 664377813 582505635 185748182 283132377 86246746 831071782 848540170 409244691 928207262 596344859 944203887 187377753 1035931466 351028099 1008450950 103394070 845357144 799732946 524718949 1072344937 298913432 624375410 1017486645 444092835 784708142 525538111 1014492597 705210829 459089938 503585034 927651253 953552416 526325902 664617750 1026822812 869082506 140332484 120304798 531844323 922405424 1033804326 349193037 232056472 602127334 118492924 718262724 728766940 120595129 599163617 962886167 228222821 374661478 559573062 580487248 799692029 958707680 610792430 649872619 90405889 645084622 876450672 824938329 136701922 372473098 761443257
100
1044038824 784127011 811652999 482905394 77094250 505350364 20512239 470794434 347564759 61907627 279926999 2975600 424915376 692118842 367481725 733270256 640807243 244818666 873064686 111121130 272966162 892133195 619727504 416076666 885851138 759316901 118281881 137323443 927464749 550000499 973889173 330607127 525486136 1002022627 719961572 992894240 147616477 483758423 225296441 63507899 165882986 753206758 106256412 802783688 198337601 368247771 915940713 269147803 343783510 388164917 763972559 188195710 674771892 487500070 80517458 427258925 1012227320 433493653 240778442 908833624 744330452 323833500 168381538 1008004388 83870862 15283978 224418841 901452203 18504830 509994209 631071812 733118327 108372627 188698329 20428810 562552331 151605455 712036316 458279911 22857818 1021805510 958527880 953125929 763316046 673642788 1043019440 69206902 243670082 929472036 127679963 970019140 1002167176 818179609 648958916 629928032 182638309 39952617 1036803544 605703528 731633680
100
1067107515 1014869329 838445878 720733330 824780483 659121121 453736825 711382682 481811067 146692661 627569516 940727004 633028898 929097021 251874201 181805472 436660521 637725755 685375739 913579717 793411769 763125576 943356292 583764027 390764587 1066139087 213347480 879723657 947860621 26897680 151854480 385165640 604123684 727293598 478373433 177392037 351762148 175802082 295080274 803902691 551089402 972235670 636552466 236618967 55606595 814666314 385858975 946576490 461988306 130217698 766220183 171603483 69462126 16904725 453077643 687022714 708087057 486959088 651359103 490362542 720966762 231790162 144346988 496888560 187526748 693205870 36423103 375826702 237660285 133729355 989504215 325413609 238563480 665238343 704897674 836077815 985573163 12062352 329247392 699308226 205357546 941819562 1070241111 251624294 288767546 1055266028 346672094 623688727 846324663 1010655746 811397338 1059864217 810325678 358278252 878648035 823672262 636549795 43697918 872816392 145988108
100
661528414 518548295 465139692 80535189 259388554 255045910 1007824508 77461531 143168847 457072605 189236710 160524977 245055186 685633401 936527335 379226973 600445707 139197115 672863313 373001563 1006133061 195308007 944284553 837260441 415445664 658828598 959787273 732207162 264258703 647825236 270881759 873927956 977480539 674228194 807017261 308383794 992141981 584766965 651721895 914483538 473539016 765782677 553653016 974552423 43582109 581163839 432745693 649402648 497842100 1019188324 609364584 339589952 46404346 1063166952 493628606 349382508 465673261 239432611 512168954 795035744 753006434 456283107 990957000 485057170 987552640 905991657 726397930 399775405 131389635 458946151 145341111 272184336 852602681 357341192 688074647 46226253 46069064 540134888 927713160 58028202 187239974 232486424 563559836 148364963 640839776 266970140 361546105 653502566 880491604 698964844 228685271 894127189 821371574 150936054 582237958 231831176 735943439 757609114 786751845 777356104
100
291305389 264269804 151900565 358906084 144553335 1058867875 1009378721 203749909 389315765 188673320 999709523 985194914 498449687 807456046 861710534 303737527 411676611 888768760 206090439 448949843 239636944 978920930 129901914 621038028 108244684 376905433 451394101 929371463 156580663 915145437 212477763 90139201 957415174 1028678534 486865698 240318985 187682849 1073419132 667631014 26752067 154131684 341357822 131981908 703741286 98813602 467048540 995232487 802764095 615156765 412805757 741153231 928435564 650789904 587477850 211850413 997142498 846702501 120202369 686806745 240137576 777284863 725202835 745116636 314633241 460222898 549887174 438249974 411790822 252294470 745273699 625198233 47908626 213853111 542537289 677203692 80260276 146419704 529636968 900806217 227525432 153042539 20090183 513211583 858076382 887414634 330952064 446339984 120248378 497670594 843532094 714651060 125380274 961676595 913809093 792631893 146359044 259257585 319382250 764942161 248074173
100
211790743 664083387 65344962 383043181 389990473 28387930 617413323 42784345 408690322 707173417 90523619 1029835756 781932695 425177813 109559786 312348960 697492370 240614210 855737875 866146914 221363793 498892807 1056396390 303661329 362846133 69684205 304742975 862416388 834157877 824622195 450190029 308040705 325540184 711205965 606290836 66746951 111247934 977354209 275591915 451860229 951162904 408022473 616953471 886340064 990475180 492557651 142985678 864732785 367584466 533050628 953334957 606633669 813039865 144744208 895445443 1012243931 757121442 213187044 416939276 638976553 443282148 943542941 616925782 156166168 24474087 658046862 95925191 563164291 752335721 394302142 976527445 905088828 1002359356 1023810663 329466444 939478408 910837190 602619257 1041493452 638528670 563544191 928451092 416497481 210164779 50972278 926268434 788746761 684742864 464878541 38548859 213206697 1316515 636914488 491344654 37558681 855440298 144548995 180293311 616155547 923871843
100
455963187 773704 627678271 413250621 394877254 1001643659 1037208610 17069605 199820421 693372708 345944293 809076185 54557620 281874726 548882388 629933577 945274954 322058361 112389937 229467509 459591664 722285145 217927855 597904754 250836742 632062933 475634679 789897324 704967454 779495505 256495910 244402270 546399615 712542212 438623053 900306267 785716643 800308859 82148080 670559241 118719417 416624916 117178504 57541665 213535524 325023108 346871553 495253233 453891321 192448594 348511804 271080922 818535045 98063193 78943630 343326929 492812230 227640394 138876480 850482402 935103981 414102311 27385357 536152744 968963554 735959241 355756455 462875863 383124159 312743260 750165809 1061015219 121918548 919848670 595134662 1041451670 222296482 1061089187 93445873 10883182 734684000 585100499 850453299 609715260 584689274 183663851 77859457 644787350 124604044 867636792 282523587 740978981 964362347 953847135 995575382 711797032 215805084 532417496 422028427 685472240
100
1057707630 250330662 1032357218 732974998 410608577 808908511 663316600 63981680 376783556 587724004 537528768 833295550 623857983 842726230 314390491 1053148429 190628429 150803655 801249279 133608602 1014330591 143265218 844686454 1022929880 459676216 146751299 151059229 827314926 166767728 458041659 81411046 149582902 775238897 412212494 392410966 774344384 219996925 342243348 787590407 170735821 899772965 409464347 863296039 733532756 1042997459 680158179 1047336952 601032576 41776834 637032865 706824782 588358447 636623744 462447997 1031183892 223424885 452132083 512114195 184620999 219181591 368477649 888329462 321352185 718773009 527606822 593314088 443829199 274033425 763518930 428243364 779003780 706481145 188203272 906092501 76789988 237487456 416548561 1063557660 944505810 681148178 492842375 18202189 771082946 860820364 929023322 822692914 173985087 675508865 932714702 586151943 1061639783 836801367 371565371 346408188 650681194 397227946 1062852428 250179511 146303502 151027145
100
749119695 778315566 849691444 247575213 442310482 440212790 1066882852 1051291256 107895616 307239593 4488451 32881118 173828109 765616283 922435311 809397678 205737763 1036902712 863080508 773951755 924279389 1064750651 982335471 49500143 796022414 896825207 853031747 252068259 435760632 868710738 826974248 524681033 530903765 683096901 223649727 941492818 460866002 598785629 374485215 921109256 74163343 851491773 533893779 374615813 899333152 818090778 492674714 932925370 771505039 128026941 832629734 256952554 3060311 993777285 674152734 976361260 841230058 181601634 205051675 190355052 1001816365 403841243 837872494 445552746 711902455 202257161 326705881 918604601 805903509 601330586 361642962 633728962 142586697 662079055 592810243 133619775 866541510 258812286 335080396 189851328 899751606 102282384 939140800 387736489 817847604 59508356 1063821347 1045546034 847647571 1002275947 627211379 339134694 1022537365 941770730 814463196 871242788 742444148 1058053563 593825218 687028385
100
478401580 715956539 733781988 997000367 958093726 858950034 318660809 731658304 762260231 332079046 793177599 42878424 689148529 591995400 66077834 300554293 367408505 631875137 899637825 547502342 427717584 920378505 332139601 291912560 937104829 1020174769 403367352 753333900 598166170 900587962 320067019 158830566 967898963 712624732 79609520 819287552 1047155946 694275456 158368741 874539725 898686709 781022150 481452215 357514806 357798430 222101248 770543308 212261016 663911074 1047256245 696597658 939652420 621908691 895412383 633918445 821095678 934867350 1036549933 410554469 503083135 440158438 845963266 383149557 311759603 1019458639 242049140 662517605 947496060 795858803 917433870 444095697 211705005 349392009 469000462 827685417 819909903 129721049 27795176 506111407 855954335 820129089 141855937 97181307 820897102 40100019 387502580 1050858234 819579008 806453941 522414737 989329259 472622990 83552223 108825049 713288801 170402628 667550304 837438659 614872388 796536163
100
133741691 430325456 378057504 900774658 116367581 515880339 1005000611 948892641 868229886 636693619 157974153 946857109 991182756 399840039 833480291 731094192 417991113 315948217 487527221 206811224 1046789404 146224650 812534008 185579206 951951487 272280654 893048344 683350215 259963018 103097228 295071222 249966398 728844807 103791903 244929383 995930528 451554420 428723767 570512179 1051948150 861793412 906495577 265653911 509573087 593936030 233170395 1070142915 607143435 61227356 1042252905 291918429 105357761 405606414 496084867 290275837 468223194 1062348085 221128956 823034031 79130307 1042550024 778218877 174924660 21365503 903735282 305113856 101802689 1023670179 285883665 145342293 888542462 854545369 574463161 903829152 186317063 664665693 26415855 912040409 826658991 746232835 827615727 717741386 316427065 21937711 897072295 927983381 606126045 846487899 350214457 552019372 475773001 55098261 780071805 931446359 113003293 230316798 668411772 702946225 469321326 17601612
100
881509419 234695236 321536328 691967197 451182728 237433627 153210705 638289368 1056297567 501855334 883203544 309245121 953727645 685048583 631483618 417160231 82300928 1045442521 409181065 231718349 1015260573 9589287 430044795 673142057 313426266 94446129 866506361 319347174 989356661 912303022 945147609 477893218 913659899 788373573 632105989 765687345 1069033297 54325778 858423802 248357016 873153199 276405800 269585098 857903891 627183521 911982345 999970074 734971855 901545348 647118640 694665893 764286000 972483599 991519623 366958263 113269581 658530759 702031345 121394354 1064439919 1001460361 1000234945 964177549 537037206 666580484 600687681 476201808 106045940 997207612 892840749 478211481 77737071 1070857737 939109173 680911386 9483811 834211734 325256318 115334680 735713502 148785890 372038434 376677870 1003117987 323583042 646922667 172381064 931688232 840436445 184357788 79885544 279256151 843054895 194027496 1006992037 1016589008 284907910 594748281 940897895 823376230
100
415830954 230107500 945631902 698634155 418199758 834102022 235736883 179842492 637835431 565882651 401090709 474665817 976564463 687559844 431446885 433658231 67731923 948282414 910768634 617637852 113961074 600839772 721915615 1006255013 953993570 331922018 919252818 425852354 828541740 733082764 131374535 229583221 364536011 745049269 538836068 355320535 1050076209 468520144 442421122 805248339 1002537155 407531363 494735410 1009578537 886025688 104078855 390794933 764987116 609548605 1022705642 180331779 83993605 308011444 713775180 420624710 345643822 36667760 738604293 811896924 904437239 1052772506 1065823486 904163416 300688452 271321040 108637875 344920832 29303500 741903008 132062904 352348241 456315292 583139858 63440433 100149495 840745619 510656283 844403032 142522582 877709283 288734507 970350074 97769860 193014422 191462560 15571450 814820556 494874887 192720208 45838797 900368172 412480869 194963716 881053437 758518359 922324019 836091383 492332711 774258613 159677131
100
967251964 593464030 658341334 51749332 633707203 601099299 341811157 119083515 332692950 445569797 283025308 916923100 43218336 1054425275 60925649 160200312 67173030 937671345 619597937 390033988 601831419 178048260 532545356 138525096 662194633 463447302 519537796 860256386 826002383 577014720 549918226 736591264 202356702 639445099 932091201 938681673 57578587 1072075510 354952497 933041077 917304001 691746436 443879765 203145104 117456412 281969643 712180726 796707963 421583246 188511285 760319149 1069168011 614567629 943119138 88209133 911886280 878070947 538610085 872116343 623144111 207893869 555106403 355303395 397722801 601161117 1045262903 526043934 687378866 13081145 111204017 299249126 853373323 261635929 335989906 333193296 1035823240 1050259116 396201041 235040067 1011989482 20567540 31533721 880294138 808885349 514571653 430926537 231757702 172597412 426821322 221554 1062204234 963448769 240859840 831710941 217809789 561642445 585377913 314038659 148640428 594226254
100
894382226 574018869 923457723 1062335199 326622831 582029260 363672322 331742866 760972078 748310010 482460163 738840343 325775132 987162777 507874323 727731042 699954486 941939801 207622522 448522110 475663791 11857983 213194485 926135049 268257390 106048545 120930356 463189939 353832845 479305515 863468125 677029827 123288027 667186780 1055209095 366402705 240643419 111567625 625177664 253011213 663278019 335696218 1013095432 190833719 1023808254 180842184 50276820 521863076 264188843 742949030 974989196 621616640 654421915 94341781 795375501 852080006 176385622 376423693 644083495 67857034 123274647 679470043 1030832415 706493936 595708876 484879517 50051119 363137970 787724951 281271624 776978818 41834845 340861263 12542627 384386872 643593364 649209728 1070128841 339925736 74506636 757866343 718372779 661631001 828053903 402696310 8005004 789210823 604150137 513712598 686807427 759342565 691290174 14609632 124818428 387155413 823983458 153550755 607277879 988596977 922472319
100
447119816 207155206 883233475 936074003 1028893973 157941972 749805423 142736864 230656987 1039615119 393230425 715321770 1008948394 536197217 670943595 583047553 535061604 527784422 806155809 374565933 1057699010 202195374 575174671 868038313 137536207 549490110 341822809 1031941794 396985707 514202639 723236666 463590652 1036030921 501028110 202639485 154773581 25074673 597181978 165725191 266053472 137693503 457853962 14715723 88253364 531544802 138186148 65952980 726557691 636693086 605750823 161522367 628201115 785900042 641654722 65769790 838571056 349848467 516021786 759223574 954724872 402366071 665098440 528912929 220062885 177837707 764511705 981447117 810119743 293395062 956748876 947880348 79197504 697838131 804329112 293773730 468020934 993111443 1057013027 906445578 999958820 1064344249 960782540 1010742929 114567777 579415196 64085346 326257417 852817591 436267400 310918186 850754520 336077589 465910173 305426013 20934518 430520222 937295 463656871 671466995 39019048
100
845654186 359839598 786757822 444400121 560466297 1028686495 1012976671 167208958 1047401501 138685262 951536188 454826165 1028759315 930187481 430010557 397385655 41932748 975348915 402100093 772098031 334212396 344746207 892197642 1053831708 514918924 695929 1004588838 43039572 116711353 510475309 1067147593 534262652 516685938 858850494 994116380 954000336 808634861 381515137 818246911 202925410 1029677010 16909535 404514948 15353746 972699199 437039318 1049293553 511248027 117550146 947117433 851759043 944460294 711685730 380470124 1031762726 290693941 314906903 296595048 828697725 325592026 912438093 879119293 277911776 1046537340 82073830 755124427 553624985 525755129 823934261 167117192 211772070 901406975 278900099 104791805 350446907 692390545 764205965 1030555081 890075709 418409608 776960004 424572060 160524487 410794767 644750604 744092349 910066857 657713191 984254653 892300933 270078180 133237281 33466277 952789986 51212847 664015398 876638021 977248981 115814773 745362098
100
404745716 976604757 508581397 203934319 14321897 621371809 340493553 338658367 12099312 951128031 977149119 1054906448 625748317 484789195 231110218 981558888 325852692 1040705747 658676785 711624255 907537935 459537817 14496105 1012027905 500978652 127374965 853583802 378486991 26440220 680605681 164283965 425398589 312099334 130756939 802848740 610321365 1070944737 783204086 554834418 824141203 337564557 508099865 99066495 434874984 368573179 750496270 505263861 345659320 798469296 907262180 444504726 1058897627 800095303 426750942 561224947 463374239 612891372 782233330 1068683382 14617284 741955041 1001032267 863834329 317357183 373114108 886916296 371612077 258123512 462506279 1029119610 618818773 401667276 68696800 825477930 252692744 749112203 151922870 1036186832 1031467090 928331323 631866834 796216861 995360403 539697107 272869483 677999858 114331646 588996033 128096337 633513191 347338652 81611365 960376163 355678661 1060619719 361541523 110788121 1063584268 772710063 640991509
100
925458798 41640152 902817575 78031911 278610770 934714266 562452729 867971535 513596754 891049376 322275121 919064761 408633789 81535850 9066086 475873725 331465238 1059425739 205007270 657105739 889659795 1057671275 35044593 281024482 247371679 596883525 909168571 154973338 823566936 884689450 101556078 221953947 305113361 22092093 448737766 1016413860 213151441 804873590 293564403 367056261 756962515 180705823 535171034 464647333 693071108 35497050 536956884 839538556 694967433 16341400 802914446 864539418 1008733750 832253475 926375848 388920479 733164823 1062140821 898449974 15200192 748789483 920754015 831721282 1203529 160913060 617412931 47778375 280512917 67081960 894611931 893742520 759960344 462392467 671002896 897111415 536910038 309782835 491543715 207976798 202979561 253773194 577238695 799225786 415964926 799757328 608588804 323645386 9036504 1049289583 546104054 962571333 148469452 988852485 262541 840572369 268396100 317786981 59614251 529458573 791503933
100
299518985 378220424 687811016 904656338 22433201 631708999 1030071436 684855177 789145477 584810563 89748802 395820636 274901047 522478696 703512120 376577122 858432847 117074584 597967311 236106726 202768809 95220518 805818621 409588198 162677748 954669148 352979404 326150294 514260276 552171765 446391769 354763227 461717312 21156515 476879062 656556497 1033855812 353463434 921452296 326924614 228794433 286740931 467393481 399525948 99611016 757816282 202778631 111726699 1038339395 366021969 224440515 984283068 77081324 906050587 878888340 36584143 717838804 7179297 68925218 355290998 954345374 1053342145 896689579 985175864 862312129 886944841 850927488 1045717455 489841929 343902337 876138377 955056042 475341334 379329310 875723709 1011524716 57382363 217822032 567153579 590289259 113948448 662132021 334728949 596066354 300315137 917498979 1041456079 56255743 112426606 764429922 306126212 1013014853 771589801 35904815 220969713 762285611 82550218 361525691 569818377 873957132
100
975205994 482934095 741719030 445139012 100419989 481338463 508220459 96901231 529547272 910981221 416276642 305499687 418742148 706902948 200171142 137964071 1041475902 448518896 38144438 1017654528 820073566 400567348 1017806660 166509973 239687810 629800174 167948278 86204317 494856248 510570670 800334536 850541093 986348423 859025306 440665960 856862219 102337127 279635181 421009593 1036467332 484120388 682659188 461459281 95927703 234031487 847533583 8020986 258860703 97409005 951568950 230957620 384573644 669123414 873206385 239700658 538488739 706666743 64553695 720750041 838281082 237253889 232225200 208004676 170537981 54205719 812191147 924875586 192392876 325372628 1001852073 524088150 122226010 1023774275 390253080 598003382 123859119 32944229 314654073 1012441550 709327527 67706287 576450785 711124922 974214418 1044570249 800145276 593667279 580878354 157379536 976086022 98031890 292438175 560641364 983160656 513524415 377644806 290922587 519208641 724496580 321381734
100
1022110418 264709443 545044018 565197381 179627409 726075412 486675122 430338422 114463007 243902784 1034811777 615800772 959862322 531354503 339150096 253999415 551510676 490548955 966038050 367341132 849803170 142815971 820852302 989857395 118474957 959965561 611157633 225086097 909290012 7242028 314649977 982859648 706907817 193441727 556290635 1060302987 560060191 727704744 191057629 872909299 876802115 1059146642 401520236 46646124 827212136 90414811 206154760 106142368 235367161 25414167 440437011 953523627 984339699 912088203 611701702 428934557 549752167 852478898 94602668 594059515 900036349 263816636 995009061 73961023 322160492 173200394 837229797 98354771 982373891 420646323 898502770 1002338074 1030634020 881236483 939279529 562179560 207894979 281690871 826475833 26268164 289114091 797202369 509691942 603287341 237851449 93790026 99034184 134860818 867476575 720116395 941725641 472639705 2100386 772118451 898145963 1036390809 87729245 809505637 57252160 187961567
