30
100
847208249 158982492 757276015 720802417 201996420 789357806 847623516 856265246 1033290547 1002142300 786539673 28106675 334996670 999220932 401906927 546062828 842059360 993864357 160437291 244780332 620999064 918080100 526663839 840872954 320701610 450340553 427697566 755427198 370775836 244622719 684371971 229197832 482981433 112060823 422634155 156149130 326541713 1017224197 789910262 660590617 856330103 4932642 911684938 112195696 72860034 27504680 824064400 813867116 418195724 509963705 218265525 1060051857 925572022 899142233 90778667 948150147 998905826 21140463 572720229 508159118 1027971384 1019998536 295680862 563041823 417135906 751004308 910738963 395498313 521959247 857410023 517279748 158990145 195040820 957430713 161990583 976232930 302176134 508376935 59521845 135305258 86756545 183498672 710984843 574543035 409685924 949732152 478332491 600698971 1046103731 78923016 638433288 152685172 900561332 609826060 222249693 502512021 678360626 551391380 932343271 897895407
100
431842003 23321286 923244504 654453160 659823971 170988065 213621836 231981322 534085824 667213855 213135719 468753342 776672456 719503598 90507500 722089891 563622209 541285695 839794369 240059228 398890579 15996616 1030355313 602288848 807245066 359376065 591239848 895591339 1019594709 652591208 867205051 702009820 50027274 987226493 898257438 815258645 923854176 1016138438 649783275 933861454 130338931 693544588 617460834 898349123 984305987 194016028 422234211 165805553 296677557 299204424 524772086 1023770653 803841040 384579300 1026036163 849936077 978875778 1015625 819356058 939739084 1059830937 789242836 128720621 842115882 79029963 637522536 781592145 365199290 1060818926 585492456 749782273 1017624467 320973504 689458366 64989531 601457808 927693152 662839639 88302432 379653328 26219987 708573861 28210488 288829238 631491200 246181532 544994220 823351274 887585460 25014453 292140715 491676886 1004886815 637156973 5773765 768449065 813447765 648190919 739331251 1009231576
100
386801606 58340301 896907544 45143015 1063833844 919525522 948085477 279746911 572543454 1020029476 134876799 431617243 210886038 636145097 486130408 349283810 197874736 973586283 820443239 294029537 783374149 119898649 757710087 204394408 387741299 975118468 122710296 197904875 1002400730 343162243 937239469 754073026 619210912 344880271 612333341 590696489 510620015 807553607 188478851 685112705 291752690 311274734 942927166 179905037 944404059 727057640 335490417 1021710966 687848928 992466241 617208452 705676360 1066258745 939125798 816337569 1055557234 227176996 322315113 198386232 139479498 298692834 654946561 29165691 427129223 613660855 306120584 875891683 363881413 878423149 339953339 433833 664089093 672502482 221854718 852087630 627601834 997282613 540799701 567648531 556412028 845201901 405984620 1048983682 683381033 287227090 433675536 407463907 148974527 508385218 534532788 421728199 1008971316 352131357 942579565 765175682 215042270 347031114 1006087414 894095784 396464891
100
96294445 225443991 180224811 537849789 1001088916 55257837 858847216 619332195 505065425 2592782 687689781 530953878 750362670 222989471 811635652 668465231 519601434 574127886 889301966 849251724 513482406 201440263 437136232 58036941 764559624 545886976 948447240 882542489 578708763 486105774 189178380 927738615 830357726 47299982 912948531 611936246 153796593 55287389 239733026 917590565 635606043 217820320 1382880 241578523 533157318 468291869 78884954 836084208 571356289 9263712 346108640 304593346 746993533 778367288 700855718 1066880050 980815377 118725943 982700868 515191524 741568567 54368565 1071355191 555264771 454430476 244430797 87747677 1007600058 296228179 682825694 972634493 404410556 1010186227 552921355 918382013 1012533948 136402549 253378620 847776554 152836086 311667591 1066138651 800795956 759349925 964398459 632732056 3178798 574272394 468565704 193124454 497043154 580861548 424758920 555257723 970633404 1071333010 687278329 73535892 412474602 861471563
100
335397294 986864962 135482470 95056793 630355854 572018700 26826426 277299833 62379066 940509300 903346336 553929323 736405118 892421897 658099827 1013141727 555048809 933233217 217085719 354372462 203200205 425049843 528015472 137150544 248487874 993818843 799843302 817215204 595668259 686299929 116552423 808663084 511444495 787974322 257921893 587620174 728746601 1012806926 182217812 468908564 755091289 756567160 815669805 723368301 955505610 722168994 545735534 661647850 127102185 672525598 1010926872 730000449 291662508 311343077 505581360 963954126 36463689 196587988 372103486 55107853 486124730 367309611 231053009 666232353 680693568 643371020 853324792 226710353 8688605 85831938 331080138 702061957 853267416 726776695 615232224 673177805 654466621 515361340 18204630 475930842 645377115 528594437 435096525 589502851 72492612 463269354 729612524 343056194 213694288 16867304 80223450 961122229 434270874 918876510 592262470 94392861 670713729 989169553 633338976 856483810
100
561750056 552635741 979799309 269349880 914848176 841353462 353167564 696594457 357223449 41959913 548720113 528295932 436277559 254966135 987532148 614849492 881352002 849947621 726256877 437433111 118277974 451734779 1060309786 27173122 713581044 299127944 150375519 905992467 689554303 1003944667 310441281 142644109 1014177472 982746443 851798250 813982199 618916707 811254449 552155561 224236445 1002380920 978442217 302328175 387131918 975172338 385711189 681458258 1058266524 189743659 390612569 1060638477 772059615 676031582 676726752 564321150 1940018 674550060 1018575573 451339559 499527221 664852504 466058667 401576879 308571721 655722763 643702742 22548830 261068823 120566992 805289552 419134372 521734922 389393817 608563221 439002002 580730064 18386808 272237223 363421279 596557276 1009129703 263964298 81094116 585977319 367858497 256207817 429443361 203096171 253119302 178155120 587852982 713126183 3414427 827298575 953883498 100206750 952793928 568980286 33269416 371478679
100
1030953491 353146621 288446622 892708284 747122861 596307100 917711490 118709000 269105837 449933274 461721301 297246133 1063609016 676598193 669737327 807387198 650467062 414637121 761181676 922688643 264811926 463631179 901516329 663428168 528845128 276309173 834884811 797954487 485545409 575113480 958105016 21962714 586888251 598193141 575438491 468480802 972324850 223737036 358677860 862390755 872977064 1018963715 539140806 90492117 283578657 297833141 1059194552 240105365 484984744 360799520 50126069 8900897 943789705 635275558 898902395 363574368 857206421 1005422541 656704784 272214168 864869793 97343679 393376184 168511990 721857286 911882955 58507072 980271626 945226787 533064802 1013383095 886607944 881309910 673283098 277744623 1065673352 274925575 692169007 1006147584 124222854 420019230 396284925 160815046 625948002 841209736 504528519 184300382 506066466 344822069 915692787 278530989 112352300 678977821 710473228 411733721 956816588 577526966 234083263 1048616142 418610868
100
6243230 326745018 970662518 919772025 772515680 673914001 396712716 96189865 458773855 22720393 974116433 504001176 68684056 563497119 138040710 400391891 805495727 268096529 141047246 981827435 909638760 134060770 104499377 525203061 204505391 174692186 535084189 447440779 650536721 469948803 152950112 224429129 640723649 444726189 684733616 527198417 1515796 886679274 348779171 248768584 488626053 1073227667 351258167 748153174 697828530 360124865 95714763 443208362 723159260 636155349 668403620 469174132 123076203 751117552 698944106 382235625 173300328 1073317243 1012927912 741026243 619060482 165312417 372453967 814812350 236130826 400345552 407337779 609259292 749904246 221625660 766289292 969834018 814591969 881138268 518820215 627367577 212602633 536696171 66009715 731437390 380599889 62636776 875904997 577877906 694041405 977460246 329973140 587395002 180298232 793285501 546714669 947601824 6905297 21674343 895500736 843768608 787065273 110850148 121563713 523418780
100
114799046 150843400 525251961 682729140 637133350 1063894097 728567968 872656992 846886365 52582333 675600638 104993867 70296972 567276239 475880964 720554780 501559957 251903600 666419239 514177054 264846239 457299052 747867489 833147326 759374101 905441267 818638254 769778190 79919528 358790681 532602768 149935941 747902665 1034128982 1018692748 771073085 601037104 109644550 104103339 883994868 990647640 768336361 43800570 767351563 874596352 969045157 792332554 103286346 225893035 785180991 310737776 649542938 949106721 536597158 51653446 494887177 278884588 833841448 213930664 313748298 26128348 994923259 1037641272 63585586 884719236 318438582 242098587 39715004 72456634 896172501 67593210 1046944006 719066650 686826808 744299650 901030610 549033092 842422692 165676772 1019512070 492750490 783702592 354744278 928846124 1050575683 796611354 109410703 25834483 744991531 1022499232 864516175 1004549548 732634432 46626087 735968981 673581774 928758582 18282344 706020071 97072242
100
107767038 473579982 666710231 1012963941 609857001 18164951 262699999 632927577 111375885 381674963 880877456 383789217 323366324 531843991 1023071381 319641414 1070971400 328734333 543732411 638587410 385461658 695141602 318009716 528157717 1057493214 149034918 474822743 612196130 822131372 416341679 976224158 496443471 896219329 292148582 980123814 966526073 718882876 811781944 172078707 1001788605 269475361 774009878 323546665 240808704 169394137 451726581 539912084 560082537 616475568 459595855 771524001 767109089 439750998 334847649 13012707 357893786 83122783 854744811 215744015 979778693 1022870211 830876467 132473472 351607514 134332766 331029762 1066193075 39646868 847642737 674531813 630448844 106388722 491775519 141082605 460933392 965302264 169913585 577638959 705686121 767869676 935857235 632091973 1000969445 611299033 746156309 67709900 565657143 264492815 593479146 424936164 687920181 1004021153 816958444 857317043 30842200 681986021 365495062 588994274 199108927 310268664
100
1057563422 660394284 580548664 189145672 810293144 136431749 96782792 870764859 1056174470 678542676 859901711 10616880 320451488 613812424 40675641 792475925 4805283 972124082 164005812 457967552 247755218 515666697 642854069 161141351 514862960 701182054 914407857 278413864 830472519 201249417 136788964 396508034 506437924 793022930 890278093 488859354 891160920 692339912 776010416 835340536 547062073 304119958 34032915 492497799 528267679 971655561 1029003585 803018136 256178535 699028371 621830858 405345311 465132019 388092619 676045825 924127861 300880808 883219435 413065853 214237908 86432368 279991505 705368984 199169758 738675254 186479870 941560051 346474519 487089004 1365530 307125488 406876262 421664647 723719278 497809206 715092632 605021570 789643112 779829553 400618205 29066839 560028187 407433872 672472905 278964617 848702396 394141125 448333908 557564318 245342246 597640328 157485403 450224285 454457431 766082133 258195741 910140564 186911473 171942633 173906494
100
456774842 194618057 102032327 371542707 687511836 459786171 737835428 431314313 100078245 958145354 489880869 1021091763 371209096 491520326 874290557 404786900 84997659 656108610 144011334 838594447 529644887 618971669 948197884 136008206 687293787 1032738905 610698877 471365246 373236714 1010839791 98791823 780585360 856414440 74169977 78217050 459469050 383938272 5748959 873800938 456615924 994814849 815923659 845455534 76032956 901435420 527014189 947536636 156727314 308013608 504537527 124733067 349541308 254522303 550925665 125384951 495824132 16450590 1066519014 434369344 950126133 1044369449 528672070 371335755 988262945 97893092 233431618 674652000 1022959774 974140923 532481251 217503914 663272196 851456571 1055071988 921536954 93212849 453992470 698745987 1020724229 974918533 173211684 223285348 285329249 535749734 154682268 287291566 655370892 151760829 1055669471 454570812 467588005 217831928 337731566 339618349 697417905 343587846 873763567 911573092 805953559 430321630
100
960308744 541407524 604253432 591941395 174193925 661365896 535786706 38163383 351915402 210375895 289230700 86274125 100158090 306081546 154032076 31223088 586163771 332788475 939284604 536328158 1062352537 60830700 714553351 1011442553 398240228 645439745 90371455 481802568 525093661 650681793 352892154 813127987 388093581 528755353 514645008 56224329 479026751 232987993 823934559 1024613182 915521153 785967541 415390215 1066447589 263332455 730659269 8037423 970420411 893098056 508925573 965666174 250379612 696038975 670523478 494184098 46639883 312299179 53172091 1008446669 962643503 336082095 44922013 299861554 910112208 748228787 743821640 275654285 892152862 134235361 838754411 506827672 653289194 235856297 523712220 271229335 388661291 517777981 822830034 167428045 46321275 385493270 861428073 553309444 813421976 723571821 762963234 375729162 798377699 655573698 508344416 1035497518 983798244 530542425 97091819 743029191 518653124 871698104 12226929 526101165 855407825
100
156113408 508336830 426223358 868647232 92729486 1051579483 110547040 181679179 718137713 408281320 55723698 90714851 606453735 666887503 796477650 810808163 381914768 357174910 450463554 1059450986 386783214 405081572 608580776 591687004 507780844 872850936 827369038 216812254 391188308 552683186 994346146 142994269 663303768 77773328 541690807 117581704 777538314 92004499 567073731 70341330 354354915 653491647 999545247 709251057 784567872 266736798 152739658 100119906 347498720 324326462 18873446 452002274 627968616 342201390 696321721 746971382 110815967 649453829 130431662 450461540 328609586 475207900 1023683538 149680056 785179057 183080910 770819415 473931456 53066384 838661247 307632788 185128976 549419111 339430546 154126210 437869183 104188083 104702258 423092545 536476840 381337682 759645066 396523153 518283626 846914571 685134157 155099225 193903721 635552004 706167087 878191140 586917515 707073354 210599785 66886303 96469627 1071417421 461576761 260457501 728822057
100
269581920 328090899 623629895 858143293 1003832226 732467356 308964558 448705408 77531465 646665973 529853303 452927783 229860003 545523202 570702147 814758168 728486783 710662600 694563316 805485979 105569460 621673713 716569233 150414812 584390811 619788619 1027237350 711054954 465659792 557267017 1044146433 955115963 1012018292 786649984 342335415 650152102 283744558 144373035 939974941 572445415 875236133 787581096 428794895 1052268446 389773256 1058142969 1009316780 865607120 66251014 937937732 506442711 100547813 537987542 136948564 365950392 1067713832 147243697 703049749 473930809 489470027 908518931 41882139 507285642 935645664 911207677 940932636 214288030 187817953 945865590 805172593 356536748 534047528 260744453 866729626 477792430 241266680 248645945 201582007 339688165 155903602 508600354 1029950735 124449875 371907361 856317653 812076429 78991935 664901487 581409771 1046996798 614492085 376658477 614874114 174227924 54538755 249831439 852749883 158809382 718019902 630455341
100
543347118 405575867 761135236 86971690 93552905 922139542 368817779 100261174 700159611 780663086 292497215 482494225 50558824 506717607 1014330511 200782319 960316380 850791014 209977584 296026761 465307396 324651673 336734290 987910046 1001420723 25843629 70355081 773824108 2967774 700233174 817289677 677031739 188025376 283496586 41244474 428988882 292788279 1039048454 827242321 84277760 411377029 987257032 370783349 169700373 703373968 226671123 580986223 49944934 723267202 340154478 339584491 907318476 892368809 114624293 63688441 812533541 960635896 940723142 201392012 1043114962 946772357 433447590 492877054 531602744 419061513 801788762 1028944778 158642495 741280867 316249406 472399569 895067606 181848853 584696817 602776150 202366317 142042821 141288407 545737218 903015289 531557822 893302422 660548256 833892595 609476972 623353753 864631394 722307289 976942819 1053005968 22329690 619513004 163866457 378680814 311298562 999012593 764596392 62700394 720574901 740399536
100
704331903 43800883 195585784 965816172 407495915 576472353 358590809 107879497 543167796 475496071 35896936 639279568 387702558 425161552 703198526 355937422 39015990 26842829 150190842 1044947125 347998283 505227826 579524410 55192220 1021870575 766612760 593016998 746102589 946070266 256331258 363516262 871984310 279151367 289755832 842400678 943659720 591046134 736440598 405478937 961370971 460079208 718774078 1068394611 658418424 255773766 280208442 168050670 850231629 109456699 217206907 721732550 31658413 244688181 863569493 128487869 669883277 562813160 49566336 230724248 1023429385 342549579 763712665 959108767 29272412 862879512 92518302 857113121 156605803 810692944 643185270 942197230 8649787 175740853 799262823 982843355 167029111 623687759 794763678 91860802 311183339 341468904 628036523 1058326911 848067083 76724624 569721346 127984244 716092013 120294681 494239355 451771653 244880458 935401883 274706898 184838045 944497665 612669170 1035883560 577644712 846464917
100
453735808 1021803287 565385002 529370459 1030641219 765057759 391150987 818879864 987991996 438903162 569059495 790005117 1007799453 170406500 588335632 15847322 298652025 180795295 719300475 347287746 1066046791 784985647 487226178 433724716 306653669 589464223 754050277 567962835 161625235 145849723 279177604 267620342 254752372 68042708 619578471 67752856 910157072 1012895679 518014839 951301633 78172885 312063190 291769282 552422203 323135377 850633909 1070084602 774091158 724166906 10829694 811922167 193631780 587158310 188783702 884555824 133024061 631947539 523789798 648262726 460382973 979543328 216352474 748229498 854521793 469373330 865887845 821713970 787242158 733434129 766047420 451700600 273447978 305467176 138069910 22223226 557693537 789582024 182191795 47325707 84765121 241401029 843049042 670387489 1037422462 961918039 712801720 920806229 590886927 490191771 83988400 708221542 966073263 855192080 517901062 250713526 359944925 116579099 740916491 663746251 990862044
100
630792212 347569616 909093428 91007221 631502843 773241361 986912047 91141249 448167580 677005954 994591325 205504795 340942937 525971001 78982928 738587931 422103191 501064944 523879393 874094013 612482623 111288196 589330729 946186146 562204734 343261304 818875273 439265102 992301573 26799219 1030307938 42103208 536045577 146696893 844610142 80888956 685057092 474977734 841276901 779714300 713585330 584457120 828491177 506653243 428905941 28135040 914704155 482251185 280032050 22873409 1073153779 372911034 977596370 557845472 62430636 32379414 352771266 39330817 945736709 1016121963 219673491 728864105 458014593 390274750 710632154 184045186 878929640 600229374 628517553 86021338 731305668 347184249 218597685 256198052 555466213 513764453 82228998 329098805 488565213 631522905 293647306 447530120 406379397 679569873 295658153 34367419 303000438 157203885 20002514 443912336 668434065 168482994 534884341 556304877 547932792 268671495 513074888 722897244 836086290 180965818
100
40820619 297337355 624851257 697935971 695318733 195835217 18217945 1001992746 799698328 739715480 429002579 1027866781 150168325 130833367 286628930 653104389 535133012 371393737 457848486 530031791 798299749 293686637 735880803 888870252 180265535 373855111 269615043 482609682 415546252 72728093 532106224 326303480 992075291 998744570 2998651 110425726 3122526 670922286 177573080 405058947 40213738 922704011 72952031 824643565 359768313 969073194 1067140941 164906277 751554283 796773349 659114305 98593944 967312832 746103514 819218367 62190135 409400992 403934446 735226928 95232759 132695379 133111111 772561120 749193554 258160841 313211089 682844543 327145925 698186644 284035771 164320161 993931088 112421993 665127159 721489726 538335225 935493283 582092989 896872242 1065382217 572664512 460743432 272302526 268571853 705294050 586033431 630067461 729306262 516349774 726493422 151010192 888457146 350406384 961642963 253910219 327132881 81713110 968394961 896107910 860944504
100
865123640 257082484 525520337 34231383 877792539 201817775 754880257 437992515 1056156112 235165746 619141041 216897299 997174388 1015327838 176382862 1069589001 543607396 750032502 637962954 859174027 349575621 1055623714 996134552 684531876 336651774 309427184 699135411 855827328 846238777 9476558 112146648 720758260 1030526949 636851090 707264327 11734259 369915702 530609010 84716358 495671834 283500452 115869324 285636254 437607461 454609512 642897247 482041628 465317751 536588546 390114384 968434449 134090391 795464118 918271015 420695507 498889389 820347913 634395279 872830010 792708105 67149129 407849625 909230371 701536925 180151555 183219513 1060860401 302550654 1054251403 402008520 971891463 507287655 522912887 138264192 925076559 581108277 917315364 735332611 856772022 353822572 983189296 1018783445 734129069 144393648 31523582 195958237 936680362 587177293 602658357 1035132136 483434661 961028529 557983297 787645478 1017116571 834370028 347156177 639327659 302191631 79171895
100
560537071 470789252 934475626 854176395 752960591 151820036 939676035 20204776 528749450 691844508 223697446 893663022 326376004 845869789 905703960 359686110 727075718 625561181 559923395 451188417 1030530876 905247028 659612854 251326818 187527862 825328256 218641442 531447695 39387431 942478305 587271517 269520860 584059945 350207485 151828323 369935391 179084344 425186557 809587280 717370869 408912178 881155342 78010343 256863036 148134621 659982050 46181390 199809687 903754081 221723692 526400848 997507054 527343050 994425896 307311962 169672939 945390215 298731536 114473342 696852861 94852078 1004527528 787823411 565332057 1035464886 17567155 960649362 293819252 985139835 1034142843 844123355 649526410 36380221 235096653 774041838 279317915 428604641 968832506 796675027 905422184 507896751 868514648 629060402 23432186 495461586 347965375 37911515 772183836 917921755 223243917 524368448 399580892 695683647 771368354 515412726 960987662 245630932 180539877 996580152 729856713
100
819405757 37865828 838796007 766621418 484361112 68056443 403081353 702223503 548916839 653519269 694563474 178503342 800547360 577962667 484734247 421978260 415185467 442523772 448935477 732559089 230317110 1069819560 637911531 854071386 944952337 415321320 327143227 760073669 66224339 317095828 633115742 933722895 895545603 227184683 424864589 553932665 546328367 471233999 692291144 500168231 225140329 442424774 391787603 878993056 615941828 258952186 281228724 60208465 240513499 90753914 457613431 302019594 42645323 794177271 333173994 721891967 804854069 806871368 730268193 753204936 9031869 399066598 1001568883 288572897 930638477 927050097 1064802299 666520619 455127890 999473705 998502680 830944745 492647486 497467509 580230381 143302596 1032372101 341831520 280479714 104974152 796200160 568059159 196532257 707543908 719873549 113001324 326918681 386944238 661939020 546768982 826617087 474978077 817346532 988835439 551765832 651081741 794627740 610295156 595471153 590422335
100
734358217 126022455 292268054 212393512 61303282 901160607 133144154 643113633 741051675 530343407 720403129 725100937 775689618 1067589491 713429313 535596730 616928327 935637945 816667624 17064088 187415122 1067360789 107598596 992701574 173521261 1058182430 495539667 60201839 134362230 654575407 449618677 122838590 236634095 365950695 846618861 675424869 980349566 427273129 662877859 115541594 150144365 766478877 67728356 673392150 894305579 675543213 797755873 518035348 579572169 579228681 506893228 14745432 840249213 313783204 843460286 391406821 894773026 881409588 254862196 724897606 799340215 343068213 204922253 102134150 812208604 219063911 711898286 3483448 662549080 183465548 814318814 1020920048 944863381 919858859 349280010 107094215 978885666 985933328 740661634 327034587 129100848 851905865 720529530 528117196 891609110 1042412522 594372234 664950593 282654670 307502282 311518511 269527137 258518133 624976516 1000348999 712963674 556921038 3599351 136984473 434512606
100
298905799 551544139 369223841 127682260 550538713 967575658 571045852 627376824 376875483 433843302 573514445 1051104190 855697850 1062571666 465115701 234783837 591508777 438204072 331692504 464366511 444877601 62201668 822732033 240098802 137291355 67038820 1025897211 64990472 1020588504 734838254 575777689 959281398 380325210 188216362 176346031 673386600 428909032 274345028 357943702 796827948 723240526 690056908 843952556 149010610 123876250 423819829 222147282 207099027 661162400 328112985 585974508 45613831 1047470967 203724275 71926629 310268781 663534586 659561763 112569768 621270727 424223305 520641518 541888424 1011511355 959053381 928648636 925177945 326088083 895722775 540780248 988542004 250814398 522190249 831393012 946092471 858114893 470644011 72081314 916530659 305776886 707265424 170479836 369813692 624360981 485376014 723946876 427852237 226202918 796165538 517387717 975744161 246021708 50866058 761095640 650370379 723943374 643085769 40160832 395398367 797333140
100
42884199 806950390 596797102 903615021 572519198 7168302 163544013 324630700 300921625 397713832 272505288 999159095 902845297 34529673 419683609 10451750 1040189984 1009262201 141585246 336405906 727450760 520730151 477098968 215673819 1012559853 117236418 675102703 785344036 1057821174 9455489 858084268 485859797 179204400 387091741 586063421 903153177 830180747 940838482 214284916 873547870 299641051 1069651042 30523209 308572375 203136856 707404689 785522772 505736957 137646110 365025194 812129875 399097354 628069806 1001640056 267241386 1025415548 601640555 47525454 922519774 488259992 366867742 441130624 168119577 562614245 777406835 422967271 77344426 251403181 237734010 955475810 609859458 397684351 170734886 533310543 695447991 41011376 10055889 437118230 913278980 308606421 1002759094 269970334 579876423 296333642 229062006 1066549718 618777091 470063790 105780628 1057132078 402944732 198294117 628675577 445327387 957948701 928470549 769558896 692663446 779206709 15652137
100
316068510 350675765 414561617 799870012 482793393 217393492 850956032 84821021 2858071 50599019 550119917 24217897 930797720 947420026 863543698 484372512 761303168 628394785 30579120 686365095 894636194 627529255 1005486793 584403654 1056570002 47052279 946204325 1014895976 96100714 549993246 20378830 582127838 368703046 862121423 12429075 504635996 569066696 834248287 330798601 162846075 133496724 793904585 830694789 16270518 486956245 340981290 269381923 343478765 90866359 1048107846 623018178 200601316 653067242 787073794 721784070 964769221 123825190 189474280 446534613 680137114 987749537 582666150 562724059 22951636 491305114 428722063 921177606 273230791 853631442 418826520 363458570 1031676203 874251534 569760860 264487645 693459613 953972374 758378137 563036732 245245724 801906361 330025649 690125349 50817420 244250183 373467562 696781659 736145718 803967765 1018319662 235634662 62251590 624444541 778489356 906735504 461860428 413089755 439460021 772093032 413211836
100
1005887935 516353859 240214894 953344772 296114278 671259702 956518174 208135196 458353926 262895389 243071981 649177800 334801314 735375384 222600670 315602424 727386720 822308872 862853466 727893409 727670283 455159063 190000044 866809661 489420432 998838061 184034182 386527816 895674753 316253307 421472635 784704708 139288725 25306612 692852866 369889206 158628390 104565711 104523385 77308838 608549297 903852551 277519520 546811171 228919386 340823259 765386778 945705277 143541605 979463502 553257584 493984265 975726270 16012712 277991949 700814113 334244210 1035820531 48267970 285570593 213930548 979249278 1001702980 1067575083 472743385 852190814 989985961 834290020 755728860 338586600 120792303 473101173 122313947 699716921 448943477 982182923 45659928 553663150 51823744 339875415 787084024 338163052 1022058680 350414478 1050529159 327087065 549452200 570488426 793480947 1032822305 1505345 851358119 397593357 268421810 713140055 212603527 43233739 5161664 800918563 839937615
100
396318402 442584767 1039225287 159194819 16777971 216380077 577269182 1024837148 904078290 553328465 1041929092 577629018 951663266 662648946 98681199 625619623 434061803 764020413 268189526 804294482 391320055 962080834 642960153 397247564 65000789 135512309 631756055 798028972 112495962 868057902 398576821 449086507 815179419 246999081 652377310 35489705 404921717 817660039 18708606 583828902 718058117 656999628 39819014 105662153 613658416 956886495 70877419 368211549 748141084 893033868 46091303 650367695 688339893 260511493 504309943 208530993 957600425 665274205 542186779 1015578298 669079660 863624716 406967001 226508612 396424629 736867694 144339705 650993613 407521023 173329219 619156106 173508086 430215433 441174321 346107676 959012231 747767127 573709629 1033222981 399882473 332338862 721068630 653933341 556810666 949476764 1038932170 514945217 675002621 870681838 90615503 714873043 611305527 20313655 467589372 939800312 95969619 470752848 984201933 729117273 399552367
100
675471138 731152931 249272141 749119902 1008533696 29862407 828098515 338374486 205169358 868370106 904747659 630215137 521222490 155544182 358810660 438106603 175694290 161974647 69784815 135466594 1051372427 485832320 952675 567245050 445607998 616361811 568027801 573979306 216087686 282589500 743292624 500994093 870402147 750931335 610781674 748889730 597983161 575903237 422338030 598892397 960010962 921385356 590150532 604677619 656656088 409041012 244023932 370856674 906026588 659527962 340881991 118399303 171586002 209790048 37665404 13054709 505733138 262156843 846338901 565159173 100581081 359581156 1049433647 769635408 26268486 606026488 741699086 255750647 360208989 211665240 722876438 1050085340 609771911 534571514 516062227 466717990 108392208 662127446 421225714 264366785 746633896 825755113 471597382 775868379 814380515 492622005 875336644 863155817 376349881 128087487 1046442951 597227424 590153222 326030992 943291852 144240764 553159691 464113845 149427191 87111228
