30
100
830894130 324713215 819630257 859689735 77424228 707810212 353157762 47367365 63261325 739086973 77696147 215680230 616534960 517886529 917291222 475475810 611314640 1024688714 757469315 603396885 73796726 97228566 434385045 680055360 941009713 845712071 623382091 270408454 43349522 464874915 296358825 539660272 232923180 989693588 106658804 991709290 354057754 498533288 441301050 1009848643 321106553 346241682 460448712 646591793 127691369 562460967 757221554 985716043 204089872 685336035 128447566 746377613 611559703 924184674 372136889 533741911 727334699 998363623 752291920 207191022 4481149 882417112 350192696 577614074 529214019 746021439 957013720 349049095 559742773 233560139 281141594 933856772 849818640 218703053 77257517 1005386694 1004063766 409217212 725331589 740571270 294667660 173629873 700966106 913130847 998667835 469654123 927781733 1027630801 373848048 765504333 1054724006 521053505 345154813 318016219 542274529 586737014 761177269 861204033 467202971 1059164446
100
951531980 147750946 995807047 798946708 976519534 344964355 154356966 682256120 155867454 708002962 144938323 151483525 188036598 274742373 383646411 513552932 302407027 1051916761 855838445 100703170 995583801 677492364 985443134 74060241 884821229 1041454305 1057065381 534373828 677186265 890909823 931359983 887158422 1044631659 914691794 696899916 562715972 291815605 884478857 758865104 1027549518 828261103 176135446 446130163 1035283770 208200433 852464945 228767250 423287569 655475130 480276821 529024491 787624160 430085612 446459714 682680869 1036825913 626605132 848222585 504576454 995787695 366008391 482827203 574523579 733899102 222200936 400779179 820105299 878252384 207852259 296724735 567386052 50151768 22502926 169052755 516844709 197076460 713730274 20498813 227375986 263237443 631672702 912333850 499537932 387775883 338233252 958129160 558292534 169139573 434172219 315487210 307221017 442389687 464238283 448619432 851183809 35208841 253132292 454259948 1018437789 850065449
100
159811493 871418371 801316183 431973083 983441032 80584617 982209753 34277386 583201674 78548781 559164664 556601089 747445351 360305039 5310466 561761443 671235871 606630834 3479750 224347127 448124531 951021278 667119387 333661862 83723884 331567425 631510105 339551614 78348501 624457321 269498333 623309041 436271548 1006751691 942107530 120736150 936029173 789593408 385871939 863289511 869887383 613709187 180621938 36685954 558421116 191200948 309237380 928396585 440789701 277722839 922236267 487673025 55046997 423652438 419965211 916940822 502087249 263849595 712624397 6693654 367922598 533511671 860436158 594681170 249006467 370926942 565778993 1050561152 494978266 860340649 230911593 665637627 74174948 713814706 136797680 312181825 1048897178 831679419 94777172 517853556 535925052 1031601128 927023524 614884314 417463502 124217024 680204535 1050819422 848709014 954469552 224230117 919035660 856284576 792011656 8821516 790175128 804716858 440696571 356472716 428072408
100
446425379 92046731 338853701 372112049 668994300 929910195 167725695 1010709760 932177125 213424303 149057990 878976196 302700322 776702897 444604801 293463328 35600988 264967407 221782203 954635900 295929887 905611297 106496417 156889858 333189978 598297349 676913669 801139489 347033827 821662172 305511390 416621070 569028593 957492202 1063208390 450363966 169476768 982343673 432825211 649978350 447968880 1060559063 572401246 210810779 496639174 535470547 737304055 586276490 339280746 27734852 247969903 770730817 884530440 958697218 370504468 900042764 1007827375 444755179 762878680 424219001 1040076629 450852703 1629395 263178972 973623888 300652485 78046909 845562572 591486430 432493316 966154101 618221476 911797406 63059466 661995388 624872451 807133461 415912521 428028282 422599500 882646571 614386229 518644408 875183655 1031974827 454520263 288971685 710948606 877560518 1058236157 252295250 1050312321 864136848 316733016 333740277 504154146 134171778 36716380 416768618 693720730
100
635643155 861073069 1043472482 337793967 978073227 976637281 290063419 844068942 548318035 321582156 747113895 646325982 219246594 749846488 833538413 809362505 297222832 327394196 367634969 393091808 298704763 69724850 653425785 796386007 86392068 333580422 247524385 626023110 520607983 240711949 922097640 711823401 443618407 798634339 561395305 1010300897 643211415 878321740 132270723 1040348850 749992754 345259692 400811994 432732611 931068651 518828047 779945811 574988065 114322430 360018722 147712924 1056206395 64208038 515449399 1023612321 21864551 474986916 405619654 844974360 540178780 987388607 426650342 998613239 1027125174 630590 31877080 715109368 92824950 422804080 1019463805 852216092 911257727 294572068 22800602 789257253 185905946 46629169 945968027 850932250 575882355 441944048 412234382 470105543 860563737 20391100 1068338980 1026724922 98425730 330701433 116663027 359608647 1003676805 1066400523 343128118 1049971717 553501662 244155354 886315595 691338063 638085293
100
461411892 1017047621 535050743 902559851 22088471 887168200 606318372 711678227 1007979198 619168769 549353599 615085254 329222680 389292762 469907385 993689088 188719542 601588355 531744871 162155970 280419919 918566639 815077503 147927059 69247292 758559572 435917023 258326650 375525628 646491823 49483206 457037446 235411890 520640574 959801177 68190790 481623458 832936964 470714911 13310161 293565879 674723656 398270342 952848576 518349312 384523542 806340188 848326319 489949743 462203580 792779606 297107903 747105817 1033251918 743625100 1044819991 465970744 406827300 40835835 1069781854 70341676 737783895 17408258 241214787 461120309 822672711 315280613 492420086 410736827 154438679 394403918 694654636 685339847 985089583 866344391 648706590 544072327 854060730 638599488 26991882 1025095886 726210342 187746447 114894001 340527761 804463526 312216555 769225048 26199915 847929267 315860593 853572295 935668762 154346119 349417120 616594637 686342911 892732320 662257372 188560313
100
289808195 151096814 320989410 525543468 328952567 992188290 1029476129 944075756 609425926 612783271 649064274 311025107 617091583 949322835 500098263 16395255 685076279 1022821341 636660244 314787092 255138115 706918273 876492020 314777862 443311999 316605152 780182371 226773328 670619018 883151229 841529297 502851992 665765832 287715137 846947765 592932904 24928223 932081911 224357896 750435951 738353466 840625361 240126918 426240382 313861513 590430945 927510641 651922060 242721087 991966625 263966861 671129459 534935571 370414188 702988325 724761392 245965183 1073719810 118792005 653215334 231677252 310106376 60970621 525504476 144652260 517972101 1003856741 415984890 144105255 487771751 718877971 379497040 951551639 635254268 493869222 371297296 653270019 364148857 842053055 835427983 143690752 323640695 157195011 427955912 855201379 459127664 917265050 398377688 771306184 563081286 1065367219 762612355 25871630 205580733 814243326 684949422 618947033 263437820 498235440 1028554467
100
855495697 802701955 226779088 224431196 394435690 1001602099 166639048 684523438 838719836 1038705410 24649792 915620281 39745439 4521908 56372051 837078643 1039398607 476676756 1005764671 532200857 229663213 144142318 139011558 43120425 947967965 458316947 380277070 942110694 268346342 989067864 209339937 891332056 1006298677 1049834646 335628078 660059337 262589529 497966252 655464166 592714440 693787080 747464312 631310304 636425386 1010548825 190395618 163421525 525613700 155797705 507573842 343767972 818947122 998755126 490639669 567044303 52370900 290961319 172761211 725146877 523103307 993177217 622624796 606249718 1065263552 508799251 61401486 65865898 614695454 940290572 254124113 85368746 327284627 885337599 87010915 442011053 139433747 737653734 88453324 489647373 360395989 411989404 584954900 57654599 435423444 327366754 749347016 1002955647 914416463 212852059 434092025 726776570 773419337 1008237071 378445756 680900001 695439626 204472556 945848235 983665796 708228764
100
1028500834 353665109 377970766 220711488 370895107 71510505 702323509 874385029 649406899 1054137019 72456102 519209354 380828186 477924713 98913726 1066792367 77522151 61826613 526004698 880926009 785084746 981123973 111671583 755950287 751644536 685497955 154234355 735449599 619271467 87751421 170939522 132026295 17525279 367798566 403267386 597287628 118752406 752325843 662319951 787532918 546477525 78341792 802389304 803385554 238831269 825832521 397481264 997822303 1001513939 652280113 501363638 1058311041 677829296 925617886 779335181 944440578 582698385 49790330 537817788 1072316556 580585552 215465044 706453008 449814576 691272905 143182429 6373013 430009314 731197278 1050592940 621326753 782772730 910764916 499831034 776028105 122324916 675108852 492648999 821084522 619565489 461923275 652543155 1042567969 658308212 316785258 386856262 624106067 941112550 182204486 136721192 952441254 263139539 506820441 47741129 691017094 361207659 80530335 606065723 584878241 963811778
100
24377267 61122667 1035117391 402940111 379918859 643791259 299092593 805448775 318924611 940176556 200853733 186116879 766378236 104872541 77497425 428095160 54562555 989386802 387458749 160669143 555638700 95689968 256231189 438354054 220207261 110198053 457679272 759921889 175175422 738002845 774889644 624503690 381984808 401009134 519369911 1022356518 491160083 230098158 891714887 1067385310 652526558 510562615 52871484 954613727 567854666 78238634 602584921 955155930 881800255 645128681 813866694 258296965 844211015 1058961115 132982673 816661015 844350478 126867243 301411112 282457808 1007035112 263767498 1009382624 539793775 902854731 539265129 235543154 1031259066 93686096 651492352 405333112 573593338 480417846 651999562 801785589 88696956 988570847 510216518 522283466 827932177 263961938 456092088 811974978 322263694 2858551 23814565 4372103 374577741 102425438 501704155 308535338 1015177131 208898104 934940007 958384799 1053413256 669612124 984536604 1065570494 763895242
100
1066055955 725582916 907733466 855403661 731828005 440149584 749185829 362425595 492504435 902868966 953494940 28918386 533914079 870705775 210247220 324153534 728127376 612505655 469018471 358555340 234924914 411151598 647437746 379033391 832530611 75404840 15055893 78895260 471033160 556274653 919433366 563721838 791533158 814555369 256620734 806684963 617313545 1041984397 834113050 134065884 1047507568 626318828 764109499 468524001 610401438 696104591 767700406 484801307 1014960859 784675042 823756709 311189145 355494450 866827700 952817445 819658763 490447345 1067568059 1066241366 778441034 89917483 439754766 854880862 547298510 349711929 70434473 427295206 766604854 780504373 445473516 130013083 903658180 1072446077 18384924 134032302 812573150 410823734 826147297 510156629 448781711 856264135 256124103 640915784 30460675 267887705 920616637 444887620 561033998 450216798 101916568 1061597580 235461286 978243847 195129745 99228003 544383845 363322060 613392835 979190675 628685832
100
41785518 1020759529 619143410 799655899 181699255 222566070 776498346 27206374 1024321701 895469904 1001781336 712901266 345331750 786201231 626838604 541301802 688299080 991630672 311812216 963188540 634029568 38721269 263662833 934154779 273958054 941333476 838732401 452933216 981552759 872496132 1026892504 1038802277 752736530 606467907 284684710 961922249 181395964 22147602 1035326595 291623663 820692764 858636775 64400312 968420222 334327615 605424058 698550963 330159074 892142229 471213704 114423943 618997706 393098034 450620371 517881961 695754152 1030690190 280391713 629494324 281336628 564365574 116517241 319927014 676927977 82194520 2267625 5438753 884071303 673184299 422628354 476410283 1002008207 52967813 1010294618 816519150 289080010 291458643 109733129 295202425 163319235 449175012 460147756 221686653 342736712 915577710 1029447270 578653520 556303853 579379336 803753050 250002158 597926792 814765486 344295986 165459059 962253238 978643649 752172059 401036194 869529173
100
759362247 968350817 221702152 481303584 319027177 494312763 426328758 672930209 13363900 586424284 438324235 501914230 1036545149 899672473 949676022 972714741 313908460 963038181 200645929 166584788 689907407 165332189 1061857693 18872497 18521200 356937661 521152267 296653964 169206810 797836649 291913587 43705928 730002591 318762213 21459353 960662317 309862869 662100957 281863555 850605417 697645332 309298974 989384957 932897930 952085946 83092251 699984917 735489541 176674215 914224233 689108383 954340787 491337153 1043607619 212682673 950597199 374857329 102853894 287669288 880671225 634181669 642409142 1055334690 37200566 163815372 264420216 410287490 129360621 672838493 304329750 710108528 861029867 101264976 805719166 655367894 100444256 1025209891 694356035 369645028 570851552 761853654 486096667 1072701836 803125348 353693551 606076255 809703430 272634566 627854968 379745422 387150670 26486600 640851580 915012554 317277601 344779022 938476173 502767705 782482948 171360159
100
728712741 730758333 1006972776 200468656 322328637 69007320 1016861241 18115576 782764370 805171107 911695813 791178937 480322619 377025330 718505511 456198682 140864625 138933468 486036056 693054146 916491923 241102523 491284666 873463135 174366948 391354160 645352848 306932515 239612872 290923870 914881923 111519297 805696074 183772586 385226271 604358261 121623193 151150145 346787411 177436025 843568775 478331794 1053097717 17673105 235953161 659913936 560364348 378305536 279313849 721156209 404945220 687862161 399835991 819531953 28854925 620624655 266101316 396443664 354526332 330393548 810569221 367846864 373471449 335279134 797857990 236886648 783113808 740124125 929375188 605000788 1027852528 963754215 399613986 557063154 96031407 605576093 787734213 405409958 120837091 613841763 1067282808 618888455 663718858 432431395 974871321 450837360 252156163 631627211 220041258 790735488 105185811 131450570 786302801 803172762 655773154 886866583 820599256 671896934 911322171 964535594
100
557849678 195276367 297311361 1025431139 312705794 38571827 994077981 508224688 802636020 202247261 863927938 962709485 923213021 634113579 24278970 934370841 295375158 463495260 604056531 884914902 389578944 6863508 1032099420 741455851 117799677 990402781 498001900 376575424 392171700 300409889 454206108 580398053 276543601 728787633 98682504 781396363 43434754 277162177 498470481 413591049 213508091 473817321 477379485 128139608 355709491 711181477 412906390 293016728 155350085 74640598 966372199 973124233 899525904 52585024 954344643 507377683 231863351 414496266 855308894 37612734 77645474 1049832001 464567409 578155322 735472379 250964564 18292026 459049433 776463922 697815961 690072954 879467280 451608570 549604807 1038592245 502029818 607803209 304198522 753193717 992921301 727156444 1026935475 365519560 621709186 714955185 525716821 631963709 719822857 395579274 462258601 61394987 979140371 544846193 987030235 72650987 9417326 1037071919 526670202 829605593 162736013
100
472351740 333707478 504298502 176157489 1066438456 365493449 501341714 942696032 122560234 53761049 666696976 485010235 547735090 670734389 658344450 525856993 259330069 158594828 71682062 783761206 337319931 54574997 219655422 33180512 785166895 509804105 536023488 127294538 756360290 306129316 186217192 479280932 75853353 1062592167 341393705 97143777 466887034 466136409 461554144 313489847 166710067 972813633 359169929 80774051 12970899 166187502 793594439 335682786 264273599 904533872 81905760 721630585 675026239 69951196 892573375 81153711 343440510 904471243 221247857 658562957 533067597 909568987 815537192 321046885 82904672 168332589 614785723 664263752 372162767 462909669 560482724 555051918 940293271 729085102 437933696 301331026 924813079 702273075 1034393747 774162420 914795923 991080359 200751426 131851413 862279093 837911614 1043242134 665171358 536110599 467426482 714641856 1041564217 651902585 298120127 1058149263 165994454 1037566177 570782374 656316667 829601448
100
254164398 889583006 985945638 367343445 266391710 798870070 25958794 889332989 888253253 950043941 115154005 207909074 428559859 431223537 981565129 652342685 192693757 679567044 707050094 666555146 677005884 478233324 381945485 698328616 88369038 593267036 219598008 102126061 386809172 990207018 31534400 478107568 954616307 451511823 526554045 373145517 533284691 1071669994 626154379 331583877 22320995 11952189 958170183 612687035 885637267 729288110 139490901 705909048 492108376 232701320 729012061 216295367 1021888939 897627448 195784394 931404442 658550154 648474064 703339082 590753219 752671606 48915591 178639441 524814268 1040780276 452655926 890945173 580196832 910186252 825354460 701782675 620746991 947921101 80853532 803777033 887178638 89920967 404087226 486636922 984679620 1004877711 91478306 139970221 594020479 112589118 581947617 756350254 945801229 246770675 581366057 483168972 28313763 761494348 552675922 117405721 776811994 12597745 79467859 115060974 594102828
100
847537229 480901348 47794043 25169347 377840385 882603995 780222347 187210703 739379028 552175223 218688643 1035391970 136843730 964264606 442161521 14169910 401194537 662090747 481303235 491686151 903644073 1066680446 757765838 990677783 856647115 837365978 557833802 981322283 864736423 43549958 141989075 491485835 128720252 850876605 540567914 724591750 1045326636 1025710078 364551923 1068359916 98784957 255443852 742335669 900982162 350029785 832980334 607141597 915284434 1007412558 699585904 232308475 162016008 936498576 936603041 146459778 586856726 256708402 1012551380 247938380 372503264 316438897 931697951 284655125 82627281 362781865 242015326 420219643 377318229 265560797 977401009 443643909 138589021 842197043 205498105 445516184 761709278 346987382 1007651167 519691523 92182354 355856019 190309326 509845749 697219125 760960796 621716596 119791105 793310089 286408 59139141 213962529 177547859 578978801 342326136 333761072 632761627 783788564 101131784 42547311 547596400
100
634304564 811081473 676733282 136057848 1000661759 830879598 523895302 1060302057 445319344 1017616420 536393206 889831989 853582163 977333489 1010751182 1020770447 251572023 588726154 961177776 2215116 119358319 813715464 877930177 988296295 632623697 137723238 153477034 518999550 701437945 996883972 225436183 805708242 284445895 657401895 867137851 90993227 380594653 38701686 817396043 1052400754 601013666 726111359 255056894 619415670 1005850689 386338608 883256596 577759784 332437547 393520478 1003128524 929304958 529202833 252689473 811851371 290654995 334853098 220126198 683434172 941871269 173659251 1010018300 830414475 336873878 846322858 50685879 11421993 719575916 42036691 904142577 751648491 344951378 566551155 1028011604 898607019 306293141 497382103 607302641 60793157 609688615 375761294 394920892 625802267 916202782 876079083 1030705165 909608850 1008912438 569440900 844392992 273051283 508869195 1053343158 661275286 478061579 891478497 886755870 343405042 445276011 410281884
100
760893725 1040427304 1027036872 799273317 296624611 282326844 984927698 280251222 996591476 574282147 118144716 747859362 122916580 709736159 871186413 835228093 282429354 839030901 923888655 720650334 4713509 1574766 333697840 722040320 433920530 57407703 241990385 81188706 284302103 865323585 696413978 30537223 572177724 684150337 347136532 408331447 1013463917 1014032625 409984365 902585340 279737849 469023854 26378840 224636582 867941142 394323288 118282794 6147656 518987610 519620437 661862110 554704824 6907459 256731533 97854354 102096787 987790001 718594863 534111496 526505654 720205671 393402347 287607334 52567750 103104397 94635127 984976502 883422890 779855665 868145931 241172647 1002809099 582167489 419114980 834688778 1062500059 182140050 605222340 629320725 970239947 1042223965 562956912 544647396 190427859 90643644 235606833 403633075 540286126 210694322 286746964 36581477 537655899 707910432 493360810 912494848 492637597 609219665 998629897 922285615 159850876
100
339635144 343187391 98856642 722507019 678189639 275803426 110628991 339281817 65574501 518565359 537299078 96378865 565614600 660898399 69882862 862819280 666747545 832162770 691441553 1007241301 413258117 997109064 255437968 68508292 445404349 276470761 514995405 8861638 972635447 493420414 642228079 803358311 534280554 601842421 303641954 243310103 177643990 633943264 324339156 688541802 970896762 422254582 319351481 240992600 623306332 937411473 929013064 141004733 89814533 148927535 918280829 834047450 842179074 318434290 811833237 867977682 336633956 51839776 112019092 940418606 862628929 846055587 48310978 488309338 1058939441 592720521 524336425 220558117 993570001 1031495301 803610905 745704261 705331523 214458988 124627109 838906833 697543596 136686778 547055908 608048325 798911413 804254987 175038384 562302337 119054603 635485346 274113962 307838282 830359520 983064293 477508916 565976008 392627559 254390750 506445237 502800775 59294811 323565244 325322841 851935350
100
453106256 790260879 63138922 737765377 17909137 1015207049 207942556 1056038457 223198744 159633855 286811943 827269610 548902564 407290220 455431051 594728161 991440792 326369552 795674925 787929455 139495288 85013228 776058068 215703274 96033648 473141897 282593326 700055082 976672717 569923889 118846025 495969804 769775745 443888244 247261210 485562355 141080995 848478373 993803513 565621826 1065990125 134426971 194775843 964318947 155771196 214360561 441723959 544244675 398693652 66130949 688308666 259269459 1053005082 429830652 140758419 743771913 91465112 609297277 582441615 465284573 282574332 840905202 1038365918 204710092 99273049 544079114 533541524 841973593 1015281380 556007226 510594089 353870855 509975160 1015554615 187483386 1035340000 404200723 322888573 386966469 244397041 326073687 538413259 67353393 252195787 233299978 1033594021 893256260 977382404 1059696790 1066478289 930151659 859828660 778621321 82203866 661582965 397162489 125197590 45127312 877707288 187354227
100
758735494 408690027 1028285384 889693689 272989843 170694890 476083745 138007143 470460498 367068790 535079851 743618719 679823778 72321490 354244888 526778504 891305254 880946983 556731419 157736106 920691397 301863809 1004611568 887700149 461882411 546774351 1051300305 531137530 73206087 751977703 64056706 536210928 529661131 236481791 969206214 510679729 863133871 238799669 1054874855 765970810 584209071 940695689 306901298 462313262 778862792 86245854 649470328 853069524 992112063 548958332 738936207 78694933 827377050 1018561169 895610575 1029333439 497664548 52714411 952882326 951021124 407347053 88782143 113905860 93476923 451485768 665794342 1065184320 163215582 462037708 813228059 1004780401 24906379 885671124 200670782 431246021 695052612 567515263 290011028 414014253 973955886 397633712 259990148 6598303 1070029078 307694991 831417947 367862931 67104487 1067372806 369400777 14902919 771984437 255386436 224478562 531866747 1023274165 305553214 274855967 858415478 1046151362
100
633379802 966938623 775118298 921903361 489057237 174145188 27672351 534067974 995458868 32904311 893588951 910221370 835379582 413785483 467970541 403518692 39533344 206956411 346016365 681947919 1032587754 523300324 10980875 103653132 548104591 224745191 206119837 1055755244 921201706 58884008 543240861 540864518 116261556 270211281 468503464 744081783 79852943 52597519 127396097 14701213 904752382 769366932 258703118 1003800219 874940842 1047111828 821894362 963720665 17730847 39294408 918690962 422144641 733286988 866472174 191390728 345431299 518837767 338597446 710325555 389986449 229674887 58506519 884379309 845410212 421157096 727028776 1017748532 1012359285 967813034 395923015 713865001 653789573 738448690 239173318 980055828 492129814 519255880 76752376 838816286 77941423 670615704 517328313 435244437 285292955 274751793 2209252 924663403 983164779 609713929 269947098 991664568 72759152 186556022 76566529 626971956 822982722 366813878 765558851 411916222 953239611
100
980858507 972618199 200526333 421121041 769887308 190191143 902097128 916997785 28683257 286534135 1026551204 34116043 136080782 33162678 900768414 160752344 850887430 786926965 256919682 30120149 119452898 199166314 412916422 701306168 821341864 95946353 298509344 864822367 299293538 438158982 611918602 494073353 666653211 968573260 264191557 561948122 580244070 381072521 478300498 471028700 172019927 601801896 977000699 319474937 639603591 858467637 950495176 331334530 803757716 343081317 789039755 890738603 998092958 259685515 100054229 684503052 635539276 381313700 82857342 763060769 227926981 444788940 957141793 557017803 251389752 912022983 110776477 714077902 1065656148 214362745 998793621 748174161 717515472 129794670 81266417 1072340577 616275428 513141843 1031899995 972320621 484847310 875924090 696416195 557330379 1038381647 446278491 335910876 199519026 231663659 188246541 869731996 205332542 864491437 768024273 764836544 1016707312 1033337888 424632200 123284293 855216939
100
364089400 632185840 577837368 573607974 100991883 909619656 921791043 905259750 239971151 4673430 103584475 701700597 967792887 808884844 110646646 1069262900 536514072 375821851 466715371 984936327 203349229 1058832827 769778422 362493273 790026452 1017936935 791325879 151082773 1026660047 967063678 720736051 520242862 769375748 753386148 888031698 471176984 944384061 368202686 403100895 339286220 296227433 1001207482 831003147 469861960 598400281 76463301 995179755 627327117 749559044 586367442 646411125 4987807 1018477443 1021460762 238579335 659241737 218162965 716274070 934367840 956038742 34247645 607658631 210517797 1055063449 34655263 948187119 951478622 719590886 748163271 943957781 485540470 77366742 696060385 257164037 344797502 406067719 947701538 640264462 594172522 410479002 609521758 134311234 1064302866 239936180 1054557711 923674361 252561203 534275837 364270037 202659150 612300332 836384804 562833136 992334752 869545793 639890520 198595272 460299795 414748 36496080
100
474719757 26433351 421318725 879147512 638105273 392709299 752728947 977536849 18508167 689529395 436638108 1030021222 44247722 1068175362 179370756 927857874 696929689 7156025 478951286 55206227 193999246 598418522 515836605 55730250 772961802 926043080 208320812 765602367 712130383 988882508 820057111 862056027 172919524 741406610 853513816 453085933 470062101 573309097 476156107 455724518 472402033 889342087 349923025 1030047068 887540810 105837699 737204945 300064779 8720184 685781209 49834674 133340623 812413078 324249898 467516515 287543339 913798148 1067028729 339024468 253520581 309364195 396377135 462553082 781804519 838127580 363480983 74626638 1009526016 623713626 219238755 659750991 832670497 118411275 645349797 800577403 892270465 471262307 950543063 323369050 97071098 380700184 229542484 590806772 440848265 616346791 299667676 549049173 187713233 635598798 550198036 1025058320 962555033 782967824 580071939 917585081 97558089 143339316 834546583 336350826 424112241
100
280453918 381005887 749268803 146655893 196657613 529928666 1026387732 117065011 41506621 652921311 432794847 864357496 991838696 438973049 25231042 1000398848 238036913 711398868 475223166 875916200 831995481 369437344 859293691 520031253 652207115 13672597 758578626 658678573 390711249 1036696809 41325953 477592731 912499228 104695515 134736523 228147791 439713088 971539500 832463957 202637564 373001717 743998881 680482554 159136921 213097431 867992451 566064056 931468513 402586087 633965086 777111921 233208275 605753097 796898885 493114667 505770034 242380420 1021460940 653664912 695232005 680034437 905224205 48168047 16881432 138525340 781101668 9481529 364478842 650799164 114941107 785502085 1071868413 761135935 579445215 617754252 878047418 896605281 220246096 138065581 274838922 805295040 433419893 1041954282 574622861 503505251 233281342 248917098 401851047 38612399 746092192 661777653 181268990 995359219 188274197 216550779 839444094 27498718 796754201 140486541 590025301
100
328010158 225044706 723784311 143012700 473470169 497906644 928367387 135759812 923907874 932810721 972776507 405782908 298803480 805857834 832622104 281610663 464772043 821077495 1067169205 180927949 168154448 965246256 96010583 23337052 686718273 645689574 395324683 1061251362 441364794 991660488 674152224 1012391381 73218397 513484974 17681576 802151051 438310095 47474450 998477308 1063641666 403887673 874317714 706937653 605163353 126619720 605943408 465283252 301341717 464769581 466180626 636173210 802421533 52245533 584201090 829656656 814678015 424997842 357011182 382102785 796497833 1006051592 305480745 897159707 108105968 656267777 678184745 362064594 856487180 624629762 685017223 233532317 106524698 246385619 267019778 519419063 149965209 229673539 172600060 769115807 861990126 458164386 845684987 260867736 422838752 850504006 132231209 543413034 722015516 131323910 184029141 944171167 43045042 660338370 422053616 678745479 23446678 89823705 569785489 329842485 705019680
100
223713394 501069375 7189900 331060786 927544176 622648065 773471355 972166475 916707342 823169563 460230768 616910188 1057428211 189139183 784608852 458656523 277074791 1045711396 665123827 54200351 293510106 240722470 452067453 1066571944 565789278 427692963 720940294 915892005 799293736 863460367 884520197 230211868 458856210 992938017 299661017 479392661 1021523996 504240212 1025897535 257308575 900664807 949335399 491936477 829337290 257067064 138048733 951459003 561999788 201309563 783527294 437491909 172637 927865662 456186836 1030640458 35695866 943236785 170333871 836550272 848326693 527682861 816354210 999985917 311595907 796705962 343423875 668842047 1029300797 637828167 105598703 841989414 678606720 546839750 803936963 290316405 469465853 279517452 740867236 1070704980 96480617 358010534 718600056 455348177 445318398 1000060479 925767659 24982874 289151480 398468139 326494443 770878788 595206938 624204000 10598445 802575688 672023078 473276791 894855846 15187456 188538984
