30
100
356531356 377899066 847698119 601760654 168153805 552576469 667818949 25827239 826798259 484057092 1043285258 177904756 395170161 364402544 394316490 789594368 888440175 457575845 408979646 774594424 1043519191 319675794 21064868 365223342 126172697 851280909 366097084 516849049 678684263 411744333 1053766221 777829843 1000653370 489329774 43072030 215763482 170635211 689802736 686521597 928316367 772451739 223477304 522882620 148662906 1003757292 492780302 960917038 479857732 262217797 266026782 1033479855 855565947 768470001 931979895 11499418 387108369 70143617 1048355599 922424144 989411358 1017916230 707132732 176810807 84908634 1048711384 374035516 855837753 289889188 797171089 36596398 109415233 1016943741 52917267 36662039 976748994 718331789 692027326 638877791 295377455 415005213 983189818 712769105 200354948 938603676 368483060 440080926 927787708 41693979 1006679448 447427291 823729496 803765712 491345052 1009232382 69955550 922313111 963166902 238963685 78925144 296034412
100
626280527 43896017 188854770 915009115 901888736 724282844 989877231 489596456 648397730 988701965 790276814 856341137 83177343 828061821 928215579 236758558 226865352 261844042 799849739 826949025 454535089 207912724 645252849 573584555 597719762 250312322 991056842 44937748 374833063 860175291 488480946 60683383 440890129 314968046 634053741 41027251 593920468 187818186 530931679 664568939 309780759 131081478 856817300 671182471 439482087 531900634 406095673 534515633 847254195 885842564 555375648 432861401 952022481 529376965 692898753 956423602 978807800 457307489 976023859 699005234 220804036 392058275 1035674807 791142934 126252854 174080726 732691502 598992731 533304369 588196045 921492382 23088326 969012478 1026584668 603592113 414293854 779860169 251698140 447257653 758979052 690220065 486765483 944062621 218044802 168513916 570245802 556500094 458990065 520731057 19342013 322304531 888861265 650374268 149969231 78263482 99887485 43393277 81707979 763513205 670562964
100
492852260 859168618 577597818 701979544 211787086 291819619 850577236 934943077 1068330946 67459407 385107728 9513297 328304126 704109247 843792859 991342321 1041514755 287451498 85398440 900390971 441677013 527724201 549599152 888565261 24397055 377067771 845507820 541162662 268701964 22371459 1006299805 662776875 953839887 928105349 403940549 224244004 244204060 1063145197 809541803 95616252 1020248780 186820295 581065051 659420804 54116285 847698632 793785380 99107440 594268176 315830980 713688344 665099224 478126570 919179061 484811663 797818041 1043027699 928668091 787123876 81385074 371388634 383190422 969777590 888445511 982175182 851714094 457103593 210883042 1015887110 179106188 914040227 709527501 509932347 77245662 554980111 461815801 7276329 168898807 371260061 716554297 420830738 313743564 784763008 605481160 866426938 871422968 189747247 1016405183 576654700 392150841 205435108 880196256 140405107 195253488 924142112 98837710 538376354 1040371109 649543717 763812370
100
219240577 866553978 566435352 194158414 252302291 344159851 458109423 328499841 415239564 327475079 673389709 265984327 206148546 433778720 538444617 473671175 952112433 1043175374 949359199 429991592 515854773 933836268 590738800 149537049 1065392849 323702298 423813119 301776842 917890091 224480441 879109621 102800944 25584653 1030445938 989684765 1021748548 1062126566 383075760 350042281 54368261 721871047 490171681 864193451 880635889 107944935 252825145 385116061 1031678352 845626144 909317294 1054368218 973840618 974182767 20824061 91984674 357072395 681535351 100489188 416423962 366096774 469220351 276672742 61821385 112722159 679556207 789987530 1069039133 1050092384 214590807 1071350556 382926948 510520821 635656937 539520427 823427539 33034320 261056890 53605641 175034883 61202709 498109957 550936846 832704366 645970543 646864552 572272982 540139511 814638730 668633892 755847614 828471647 8756246 714403169 904486635 1014512081 837126859 741419496 131611331 483446871 851605471
100
194261233 7664994 114911889 991783985 784067429 742896454 331147426 971519163 851343058 50347707 976011991 188780064 378754863 41377629 820703609 1045703070 45132855 420046893 228557012 485955095 452027881 722386959 681414075 961302673 509446408 514652746 278614530 79684790 151421851 176324363 330252547 318020949 6918510 837731298 992228378 495404255 789196944 267981890 938911529 399078891 406234579 270002693 638387477 601226162 422089040 979031527 1014826054 77644435 15962848 112785414 963646251 988043408 619970211 25561193 410571956 353304016 464494973 693104501 711699670 479282459 341480852 883355257 906779915 892355681 359802580 1016223780 555921615 893211955 153077611 515102985 29899300 936731976 576066637 140202018 536944143 747230970 299493809 34420554 535949592 840233415 917079953 20814786 88384462 469492432 829670958 1010935469 9338689 490753373 118577803 985249171 1070150022 881027926 171059949 586547938 187755063 540851660 414233441 320331368 270108400 333860206
100
720467419 462213075 557873940 710186110 166079825 784581637 185557048 263142034 709724104 130872879 15974264 1067674763 840605599 821164286 373392662 102999754 113913627 699259811 536205176 391161456 819538147 71743059 137279400 667893222 558227589 593249992 264647124 357841239 970834671 452828350 687021519 169366321 257531638 420992631 269578127 707147944 982154706 558886200 166991789 95723059 874056608 412717513 962753512 1073636365 614043615 354228473 262360994 374000309 150369780 658405400 909603937 924301166 158557606 416764284 841337423 630720704 667610018 804655356 729483451 972552949 925413880 448010360 903804566 723098781 654461084 167050319 828455671 851137291 135298534 690016231 484425112 154824405 418072338 288064040 1034458966 711184471 369768641 226183681 305762996 285514801 1059819382 159392482 541015129 455933893 40093722 101603649 271942541 358024634 56084601 97396501 860613312 1055095420 56858563 944922718 40847364 916381881 95397644 195571611 530257294 574649829
100
879878738 617894456 269829815 318635615 752797067 376435202 105468842 100836997 588386901 545709709 796968317 312266723 264956480 565807006 414396851 970714241 912221154 665125793 8056596 1033722699 526165843 732676132 206207530 962568336 928914096 284410455 339339717 806628998 468557467 515667859 442397560 439467459 142531257 879629776 786300953 629749189 98015795 1057262637 909168709 111093100 913782838 163054444 54735065 831245179 449780851 503639666 996753274 245608218 811485087 158706380 106348302 90884183 520220660 164606245 546110529 110377120 863662 310793681 49332737 336630602 721008528 412424518 913989123 611104270 465809244 337873053 389133628 620966278 927104606 831827477 1038641256 214057397 705741282 1038356881 73664646 663246460 517294009 879905045 468343641 5844006 285153977 916658508 979480553 384660445 289840954 535766533 913785600 459213874 696631193 457913009 125678510 15976857 767109304 419885799 32868294 390647530 809277052 109406945 368164958 1063286242
100
863035388 147488339 5556128 206894491 575428924 533706434 900760872 368982612 478457797 904787856 263241699 97923951 73609059 41368548 602997277 790336356 159631107 729927848 457443206 69088944 380684600 445597963 532350386 806412373 172375223 778928897 203261081 765855320 209632475 293845953 72599319 583642690 558623266 805155910 210092909 34232736 631007917 92726736 720415678 847446659 36797124 1049085536 515180179 123217921 6688080 890707263 1008686936 538569394 394886240 638674807 221075164 597506355 1001376165 386419800 726776789 656280743 823750389 167518709 632853338 1002222897 697614027 135365028 764291431 212350587 997905605 11857026 805994844 814199858 338302501 920551405 1011048062 284487303 572539473 979876360 285662325 320458415 353768276 933580346 893425613 1019413348 1019113050 1001851311 195782261 695840099 17507383 675268566 684826690 58072044 689521121 897021665 278787949 477993285 673640690 231287880 654237969 855459639 842328103 40847686 224300462 670305167
100
348106586 485585321 712871071 636149421 337249480 740122057 638598586 769122733 480905494 326838204 281050043 971179315 393214351 892658320 253409663 294652209 943785411 532850490 57064550 552644028 447861765 55045395 107342038 498013070 186455532 387150421 937336504 835955847 1027091666 990098594 226928121 841530408 770170456 382859646 119450378 6121494 843520224 931522256 919653217 457857181 34719762 831761253 488911350 167373098 535148888 476493677 806863815 5630160 504074337 307954940 87415892 379382468 582601633 1046933642 1051925027 788604641 990107856 653762932 199899965 789768741 1072118119 331481721 96930223 81303346 220772134 579488317 804411403 162936526 234072209 488903625 802229732 931567715 795690350 690816777 447235157 243794560 497945416 943984972 343437947 1023308630 198390255 901721544 425830902 330133819 739913718 220315156 866313068 344681259 691556148 181760684 277240583 860924226 643846468 115852145 516750578 834915651 128459780 1070463014 560652767 468050708
100
158449908 698801028 174063936 875658090 990404327 1005523225 1003780467 562753953 343301230 989113308 133536002 1027601582 708957663 350262157 696514913 18486083 89477616 380844786 513171626 813273944 169159231 975273044 684536349 533960361 680100812 981501440 156462746 186666803 228513658 1033033416 785335592 53167035 197069457 625494655 765735794 100115527 927274815 801322625 86554181 715828898 26035474 590648872 649169428 632169180 866382207 593577816 764705652 234670024 131393631 920803060 965003168 952827773 127749229 846355814 652938486 889023446 29495241 953805595 857394039 740270834 579665016 1045234949 881292619 852292532 913460449 105623831 828051259 515717699 631297105 592941773 152068405 216515723 87996280 403740577 401782476 510543547 827634922 428520343 900018102 390193094 11140512 451849650 840147020 901000674 168992116 985136252 1047462413 241595147 552760232 572633730 35091483 877185409 620149600 664042198 899009468 949708869 1061692451 220702092 439514 455341985
100
75973693 1033462404 386463133 178708449 970020487 134467435 352660106 380736608 121374346 336498278 803548539 659836403 462878060 966404846 612432071 68690326 234461142 96475554 983797385 704773034 288399990 150026437 814918944 591964274 968656507 758374587 925406127 529755287 292748828 48465040 414307998 1061367205 68528401 479453808 956384279 310913675 141539608 83477552 963369098 591807519 164408946 335237060 798933801 1057609112 1037706339 709486535 176257645 479141138 54963637 623352822 882237583 647902221 498057525 775563701 1065908240 742234095 598783541 630033544 685942833 880624253 1009045769 103292571 336662907 979128934 401497994 265439547 707785273 596329400 768927126 854836571 743414521 453818473 508320141 900230160 690156303 385274063 221737174 191797013 860491026 920065064 804715608 588321096 699059037 377153811 106452225 11441963 529110159 656317973 892655683 335603556 911480844 524616214 30700690 491086653 122692217 398036193 1030047207 493436708 262177347 981407655
100
5980972 760347673 1051534717 868415005 715463563 543313774 176012249 904810757 363739418 787696376 990759705 166363647 810172888 1831220 1066542844 456385561 192221543 1024044255 738397990 287636197 895371662 207852926 629163937 486113015 119960245 136430551 284148055 997620328 334474348 575321718 983093913 868840790 438562276 155764265 62783387 1030795874 303224436 13216389 24597237 524188464 927534613 274337374 508511779 164199658 876819943 489632850 1046755846 668742846 710830250 13675328 470843234 531983451 707283782 848564937 291172190 137086584 309374275 639430614 145888263 621173582 918468946 357732625 498327756 370959641 537638338 142476138 218364675 84802714 887444747 327292563 812814947 94889368 408524359 727675269 720750984 222587738 424555956 729200377 372747891 498814254 505785651 507165168 968540935 11713254 315868364 558154284 299308429 946037078 29602600 150790324 856811825 455182039 707907093 1011373140 613543554 658323399 416992006 485490202 582093814 1024164615
100
900785627 418690660 355124859 521441775 321441452 148494728 961809294 417319295 554752873 22630530 1045132203 548417347 561529649 17034839 1036104901 738709089 401675751 453842543 389588432 804873379 249630899 1035920661 255646533 535204600 828932735 119203834 1015436194 648257009 277954683 715744947 315765736 186826308 246917786 163134262 59216924 873005389 408928275 93469281 477715398 130988424 99107808 22817907 89599604 961380120 1036906818 1069307281 1017079864 719175747 863027259 107712067 1025780262 879092212 713898514 944172020 91584216 50131000 1004264915 614267253 314728170 990043841 864589005 549027706 16989565 1070618982 108279570 519167259 712967352 106964129 124919802 481554517 285055554 580128271 972280480 794398343 322520010 284650740 466923107 767724789 828449664 421606069 70759271 855071049 733922457 118983515 27875090 1012277773 382777294 609685015 905406607 873238322 409747421 190807480 175179086 249563787 565710343 719853878 998284674 42375251 571608720 270367787
100
1195939 523388227 428543829 997632488 204538621 387758571 110233878 666477781 88303812 280261851 831520244 613818795 629904321 134318951 622264601 184656369 368503712 863779945 651777235 863790323 876893552 938417341 86682389 1016716352 92863527 12735429 775484917 963850282 743811356 448915429 442419244 892720201 536784011 531700488 489768345 759180280 281564693 960288537 53191614 528367318 452590909 35596939 1008351809 251166023 689543660 344315090 883368813 751211761 735177965 621667048 732589231 668489023 474298482 568744905 35641113 38183905 332302477 770440439 1055139810 790528330 577997752 936380150 27003107 668474673 864615246 496769489 711358748 485227281 1045140495 86319507 238865709 557328041 913284768 306139855 706887645 875001980 787023880 734344985 696586903 449636945 661522997 281266571 1047739880 207944628 192308341 392012609 1015329282 317662836 1069097981 255277021 563947325 617702179 963312742 696132100 971472528 683130265 12529706 954040286 380416540 153221489
100
334585754 568874402 961627787 708567341 621493224 851224327 294126984 785889880 978946173 690499287 885890129 493905847 969166482 27193536 111696529 971326907 873519462 57224210 327118390 1048543928 857633464 652848198 848750580 343734118 122564429 321759604 349687746 619548513 141020016 476592347 668354906 598032810 915249004 1060851037 818399421 742693157 672232468 787499008 123426477 127520025 960290621 788666478 614851890 903637427 56496190 446360950 244626454 679839875 950805622 786920841 77055337 751212796 584342470 660713277 913727997 635484408 708994323 1031096782 981446122 484351283 1014348486 656381336 747195660 426969547 536219467 40699038 460199808 771611335 79219093 905329414 788454955 519675020 671715737 817803163 1016545075 341029993 860351694 504814666 348686979 292624653 353102515 342097573 818722380 115448587 881058121 1072654435 179528575 788774237 119355797 220159966 393933395 219880926 13257760 532385939 243771077 345730511 259476855 924781478 640343315 883554899
100
964286555 824987200 35112178 121255377 42210462 361194644 5647386 870384258 1011131772 684630041 405283737 847041117 986544040 451349279 554827045 495989121 235884535 1007533752 13222100 144794387 1059531748 391739197 170530212 519093694 952578573 254425287 862566900 988682286 748499635 624493494 832146441 155141524 567851070 473536814 95101578 308912677 993175479 759189397 226620677 376483739 756576589 526251799 970003560 1039909298 249352401 740544034 533164936 81050284 739253817 99818 1003274141 701618126 1029844512 296703718 550553796 545033697 984597060 1451345 1039104636 956790194 169708039 577222058 443245610 862275730 711111408 978907444 641782165 982707414 413468967 78658167 64189290 359043672 478717948 949604797 1031313337 846585588 391461472 578046358 803205750 350563084 760400746 721881940 278722041 271699461 583018195 139783056 508738430 826899144 268749178 159174307 910457766 729852993 587227618 727342382 21796596 540680675 1033494703 668518546 679226961 542207011
100
1042915193 132467593 379226361 382595529 106017355 609327564 587763810 692331669 1052641210 1055370798 239956192 445288392 651354423 57383 637844472 1066079804 631689082 414298643 29065907 297275375 811325182 684116402 694632990 185617026 533243010 758675625 371056586 292723133 694407561 961991936 237024844 363001865 1000552667 53502371 764195262 883111668 306273026 435504865 88177724 474038193 857395918 861477616 433175144 771548053 680909265 456473190 881743847 497499291 986045668 921546945 687793122 324902369 482156704 1012576481 693697926 717362217 1069446630 842571145 80269444 59995737 37813848 241213921 849125777 973538811 1022886109 206297591 497380071 126197694 72404513 614665017 996051139 1051622387 286831890 618458364 447641061 264339216 658311012 70058233 1045600275 80943665 1037512206 960822218 122166422 795589522 536268235 44744050 734258363 326422294 970718107 161798610 931889747 898977475 177439039 100643125 448873523 358605636 1042756032 254613701 477450933 99914854
100
360747795 512613429 167250331 939129031 344594579 14176662 302144122 296860720 768700445 425046715 1055354684 138681657 24385390 672393997 326824257 988496063 141015973 623263227 330419081 966107103 711147974 126796662 692271932 94030974 128999226 741012593 137064483 362038723 895992397 334841703 934395180 919362711 953797295 154000596 383015145 49621036 623235572 456932283 758885906 85559923 474088468 157031967 471284734 351945892 452315115 610749834 210110254 608771002 629716922 676237193 191666627 896797940 556280228 236167725 484086787 938644054 608520242 525748363 862047448 306640678 242072272 616982333 570491472 908442735 107011661 554512608 293870110 930418049 325291359 704602772 1014755864 51790959 622098717 438997119 925876407 1051426447 54727043 84902474 321521050 248201470 227212785 278634402 4393475 1028926746 683025836 380857528 659222872 1037223174 908544092 970987202 481647011 439042089 936322701 678563960 870878227 637104047 292436526 564838039 772947321 861451014
100
817837153 967040716 671480931 798280568 969277468 970489253 1041098043 840120437 618792847 400962755 796447434 531765899 742159496 834481289 145173135 35523103 295678296 343288699 558864078 26573817 147158356 315799237 139549453 91908548 866771286 846250676 46971031 960531089 645246011 479458106 456352508 247077716 147939171 967208046 558040207 889534310 313762612 550712074 672912102 563855617 318544791 257694956 65352542 927455687 644895865 764236181 78802837 218032956 98713164 24140461 815364590 350568263 446937731 295748733 187548176 704391349 411547673 618942067 215030119 423410614 890069003 1030269858 143435682 287381086 864276953 684249919 593751859 14563621 641265673 3924261 743694802 382758760 889535652 1049593426 409994491 1004292070 835110328 600836456 584033899 533077315 60629460 952096557 339550374 683814536 972586127 645964555 47787892 515852193 684569345 17831824 774132832 959314398 125927495 360322799 941640504 205939826 744274436 115510142 544968336 823037175
100
130598966 318303295 698566632 694823158 119961910 243608031 830845222 845123202 994845760 648853841 535770228 373991984 245184827 627277111 7218683 660705718 344830639 525376889 206367431 942026828 394479180 554724289 1032171847 378663728 41690467 941512702 172276177 995788322 597511531 1046017253 909848347 291610600 118122622 995232875 222596803 698474187 866729433 584893516 153133513 673887513 632468063 881578632 440665360 922576289 1026775319 68272608 167854560 333254714 954045354 1052067421 848066151 509857340 1070547686 374055370 396070451 602857221 791480125 376117301 10816185 120841333 448074054 214398066 335502290 160509810 833323579 434805912 409126969 745217125 63069306 867907202 814736910 422084540 870253573 528702542 454861654 1050681958 14634754 761880802 1051319928 453594714 784344635 193766498 285445825 968977168 80197022 456685755 904756449 75016710 127216830 249501212 144608108 664257340 272109392 1003396983 556568411 837861816 598807983 919746309 225097864 135061507
100
120660671 586975797 1000961195 706128240 935198950 111108998 406187711 879784762 300420219 49059842 1030021718 872385186 453013959 253106198 824321288 281183924 2470613 878684562 713030259 759645732 965155827 391557162 929910967 751222728 301090869 134907382 122096891 632972058 735884786 583492594 345401318 546113719 291203909 957733503 546200102 340357858 414886541 822139360 857348333 761814529 732411629 115624638 445555310 220209439 186558669 608581285 911301221 433577577 1049514583 209485956 805680780 731923377 954479611 908143921 655620903 433314542 577929451 110574563 983238521 826337978 585249695 186781366 236925516 612296403 983773779 961635114 495466094 441544858 931955588 918805157 893398830 406513559 345936503 646058732 730178787 698386931 555320242 7622318 138586469 237118716 525965697 95727097 553321618 738678181 673949810 985659075 245592267 1038375171 59481049 784788834 192145268 886598865 335481421 1034042644 923204983 319274989 637393449 673902713 928534466 338883288
100
351894035 762576836 344860730 484381017 164449485 1021919220 137995613 663190712 874447985 894562378 1073611437 555420307 631184944 92359364 707652670 159843226 1067663647 2858979 953119302 79047488 650385076 572072747 409921950 64214075 1043182413 976603046 758996037 925697288 409243305 202386530 509381085 409054308 25234540 93952238 293238828 551019988 86217888 691603937 454988701 212028958 413350959 495144275 306864060 508717006 540605802 740962146 676313022 877924274 472481925 435467951 536780534 619118942 690975768 701657310 25993569 29715369 631797151 224120602 853001243 419337518 994478587 1028756110 770115048 78680268 55059952 887965933 701132716 529793575 964216485 320133355 742175987 9171492 947657255 885202625 615015530 866890609 136689637 876058797 594716772 56940283 484403509 415179631 984454998 147796085 90177998 724027086 395580507 641526488 708102220 322015761 779173808 59550941 819949232 445548679 617969465 535547269 176855773 843292159 3860219 284858514
100
528270160 24881568 327459595 931332761 86377171 1069250806 641675196 1055848931 400272612 128380528 54502323 1002434416 704877668 1042961315 823921348 530775063 639720250 134349514 283618310 661860244 1035456205 29775683 41791060 407111943 189355148 643116560 885771470 152207221 642344550 465237591 1007622997 291412550 806428498 16601570 339008274 992975301 824760265 23676320 164716271 625258404 913887815 608631330 543096860 410273653 1043527629 169151519 817308300 830201649 747086946 179137776 653740405 650276789 813138829 838193940 994327508 533685568 961838301 721271470 1025325287 175646711 499363937 61601282 221330609 403059810 491946800 358469116 770200697 316130284 904969187 152679080 655557451 188548454 518106902 540507067 359773813 814998916 452361195 614480137 587614732 165963614 1008949382 638030604 291609957 662670577 583134866 868268900 861878172 358797212 991086522 353430866 805370896 207759523 1003473457 471957051 744287972 509258160 820102443 301170219 114231680 535799117
100
603383887 568401679 546596715 429468049 774333306 429576447 400850398 762285820 919638689 573281155 227315934 419261927 861664607 992002580 658885511 32542234 936007794 379175916 916837466 1035418468 79353404 271335561 382031290 740508180 35743554 325739569 671028848 532675458 386859697 507327592 1045013032 288189060 959270612 528807035 619545073 856844281 13623711 246520312 815400129 477617986 146608423 1027952948 924489711 664738500 588272680 259199428 707702711 329588839 920138366 1028342532 21381050 797253146 743556524 975728787 337953659 357295692 669239640 609095381 111990499 76446837 909851596 720064368 743857853 997568907 908824183 754189775 403783995 99668109 1060398698 797023138 597077615 450976508 1036971228 783160668 392886483 122803549 14987175 941303476 51510722 403284920 1041371592 848779044 54009340 705689116 613829602 848508525 701613606 183485721 823327932 1062773009 980649799 432987716 377309631 959845592 862240589 715784374 987926393 621811020 707711366 88607117
100
1040883772 413855527 968241258 285318655 305967677 365981641 744444914 942884892 463461156 465943014 739268173 994180753 984474253 720747361 477858218 15939871 878607448 271315451 863417 252418478 427232550 301532127 874706735 412388551 157187808 266463255 49854022 101022232 384247089 740007700 115079482 439518452 834712071 785742634 980995533 287497424 461650454 810809617 978422979 405839303 462178644 1029580901 733197927 152322327 420153214 398435367 901504773 599629218 1058040978 719395643 960146286 488405102 309495123 179923176 1015864695 993699109 768198601 429473115 280522873 558478998 737376190 1066620452 224445907 545668914 634133313 881018550 560193892 487760272 202637095 1005900011 506639889 405500137 313510789 409849215 339116613 995582364 381102135 702325904 248855660 309643692 620982621 556619301 1055330167 1019654461 187726809 826741412 716105563 1063482138 692152786 737436505 178785681 229043506 240881459 125297398 314234264 243941655 122250796 533693965 128604527 537076861
100
619213720 684541467 466403777 324926454 222653810 644069415 725362784 143058681 316262620 354166815 167923067 430322936 907736825 261711636 838704218 1005757174 25861457 1057729307 209524453 221454139 238763602 338602958 798426669 254946769 403796426 306106057 544553697 59333895 113487215 766993454 230219225 884394482 786079063 686551842 928501903 632206567 875826304 147756621 60136865 358295043 634019145 880109662 318372177 1069261219 549622263 305201285 1063703045 177663212 117630257 1027997431 347074759 401662532 466875013 1067166062 995502533 213276119 659451617 317822886 4725970 911280659 395800858 225341409 516589028 504738860 892160616 93959012 870981012 96342169 633794280 705862392 219744673 1012991893 663219737 26608490 366599533 932897183 613088096 136669707 43657854 550996986 1023739524 643889456 958308606 317779246 746775602 275162291 555925564 412305797 1023641210 835212912 974001961 404338575 284214608 745220809 216077532 1037345950 725137164 409058595 331049231 569141578
100
588481639 983430303 458354159 519194507 608386946 793397775 762273578 694765426 1069969893 274841094 42660448 788290952 855633925 774244300 822983223 1017821081 1030716380 964522449 505449243 590062805 736653670 807180839 743501754 975429200 776045349 251118339 154152329 478896002 126846622 375239488 421419324 1036373703 423448794 895362779 884177745 623867359 26387174 73256824 662226054 337693295 108799571 284812507 602133087 413828735 229013942 530400624 751174562 361517307 859721001 828974789 144825562 371717682 686264008 257119754 798522583 460533850 649963318 362547352 148971819 757727242 544130581 1023229031 956086959 549688509 549731985 691382422 907514364 904643926 640283606 382811623 340458483 511907991 453432725 475084608 1068572214 107437480 217607300 353745451 645710764 898028695 373520091 917178198 696729857 889186002 84645079 56376084 101083427 911175598 740558138 120430043 257724870 433034468 831222217 245400772 1010083809 403255054 518310861 283296270 1046238255 1067041327
100
424387996 420360111 800065064 532614636 373853554 765331493 895549252 771350189 370869819 45692054 945268397 85432112 604666822 514652624 832643828 462072274 720075140 694484704 1033343117 695290739 1008630540 789827993 942496336 619823097 476597400 146242324 958079482 740538061 38140805 602678314 867317930 991475548 60708567 532597244 878028644 215326103 183697330 946995820 870041489 240068211 242420194 140955809 1062890365 448498794 764488788 949717383 18847448 281752569 201294235 393398349 232310582 815425568 993187948 817132261 925551759 443426533 97489954 771411591 188494271 915275217 983702843 989701166 385103111 114095729 654631384 627930393 921718922 580096726 181790273 877707084 24269521 645716502 845014367 1058361868 432605000 819492041 214630721 549958247 200634046 480500108 136381336 2265002 630097897 214731137 901852730 157829096 522561504 30235853 1022073762 590904442 263021215 603512601 719073134 466859642 296027014 620936210 40179424 142547782 940217819 463092713
100
351940867 794131779 69717972 584448243 221819672 754687565 570404491 755376843 1070757551 507713255 345735372 279113659 870014775 492996327 346889687 66204854 286614244 305260675 891049970 179037017 95330093 166590681 876730598 62618208 687701326 1070608488 569446016 378471982 384624324 108874645 522397457 773173578 67799507 9200424 72687087 298837212 375991811 480810188 199940082 395508020 600381599 403651474 908677111 451049028 297304373 543996014 1016714081 553706529 949884441 207211193 317214355 320482181 383750369 133920941 596552055 36275792 362175210 25659372 786379770 981270531 478429650 397379066 859841165 116950595 926563324 171204798 229251750 645564764 430128399 858033925 297520957 537144507 644160119 495372543 821341519 344393587 902397923 611537088 686331999 662336697 2159557 601737920 410957552 429552744 986835925 714188380 210587404 997333886 730198414 186848851 207925952 798200989 824628912 534157641 790314141 245346443 111016380 331420231 179067961 561972914
100
161640761 507294380 275686817 323763832 121432943 823475988 398611337 659694977 573228060 2595601 226385600 758697514 158639322 1009600329 86703682 911247945 761955876 179570661 696468011 297804667 897656795 883511570 903975998 118132638 708188610 758563714 327927905 48674133 926700546 604092648 21019935 144392328 812867495 639623295 363432996 240158433 309006112 693300100 529550021 118127695 225822403 1029523895 553540214 20756359 143349062 125957599 614746449 757761662 796810311 478237251 925713046 310711024 239487174 94704945 543166245 955881180 828365734 1034765690 305112582 195141894 25575983 984631028 639454433 193423732 390512271 708835063 730744966 967849458 288415828 493213921 1006050663 1029623438 228936947 38294162 67002393 796918300 126163013 831191280 855184855 544422579 994290949 96201829 207791359 564208173 673006931 727729500 691164562 412243627 930345780 410095815 288383416 628633359 311769359 576609436 917280314 861507457 896152113 970970195 154698502 475385323
