30
100
137081801 475889540 667908077 905822867 597822214 352678820 361790521 507427763 564330345 50149852 865629130 548011535 983252915 235404035 306681271 620307306 992507637 1062970983 827459247 723124028 454361881 872401992 221280115 613458223 715389785 423446618 899027801 908535714 300385990 912833607 709213899 265642534 454787778 647092779 216049094 470434819 641628550 736198422 797448796 46212788 828565661 900767117 694993714 537713766 376624999 161609738 598022658 419598974 1012907415 1061727095 31799834 758023184 1056487862 623217079 603061980 1039957096 1038161822 889537566 1038709308 146680197 409020159 889808371 783977285 993607321 420176349 31858421 224803988 501704331 963633935 102686163 518247131 173147764 861416642 290175667 130196320 120836133 172310261 431075756 367200891 793388192 355073531 834121035 803256860 989873819 362539260 570581266 285759554 543055105 385097843 675345396 972189061 1072055664 622509233 301234907 656253837 4732603 670463065 163332899 807555992 236532585
100
888204572 727278840 804604980 999112472 781735563 319847315 45593228 289411484 66868521 849704545 1018338066 706018143 376324387 321076722 168882205 432634923 755060632 943317733 801887288 308422938 273005855 1068239986 635303074 342917917 21940286 512472801 77507532 147660150 1015905268 148914705 879686623 5182 4868656 160419826 170010931 550621920 1036482135 832959243 499948761 79571612 861294530 257010933 887224083 507754757 753482813 238337245 198011350 172596867 267162250 1004420614 644723535 454395090 644891868 747279941 304017499 9172353 351034204 629322883 792477453 783614068 86654632 62168895 725823788 146748003 404542031 241128201 268635826 603642713 531717974 116125960 797042766 730309941 954420918 273562997 1065449955 179206700 496808923 965111326 718134535 153205573 757966630 270420196 968887173 832423644 962883692 549163581 916337115 816041759 496009590 891407283 499372477 373883028 66732159 809321058 1018934416 190052497 93954745 571567486 515223023 388139971
100
245669067 134360618 152165544 223756101 742586147 226337986 895664660 590609724 246597876 135639791 987004336 286083758 238297791 1070738970 862962294 642606352 979748762 755757667 138152759 204326859 308898735 431719708 484000021 406615738 216089275 624459 758624777 477173934 866180752 1049294892 82335582 702210541 942366099 500385709 750742580 305221295 794356030 776354033 147018750 869379488 331187359 945001678 631361796 49511009 128658136 344370254 572885730 303925255 283721117 68397874 912647431 321256346 830161849 231520874 397092151 692524696 303101833 917041822 490793482 739430767 737781119 675749544 397472106 709838342 28629664 991317528 18886425 319154741 1048208135 621688751 180892457 709859912 106141792 18967524 281469058 380072832 429916269 1054037858 717124447 583958162 807353221 211555720 620746705 126495270 416957200 990122728 725176379 801609049 1032189964 698449864 316894164 820881979 557384075 174166692 15093032 543688786 328137523 717724330 456212631 112508694
100
1040966204 339649237 796842098 118176630 373580146 599660392 1032827722 33472 369180821 752815918 950087151 328878226 654781093 670408404 39493804 78289140 772894676 578004319 1057138749 495131524 113637385 225460903 95404115 166556149 239404382 540515799 453094929 459335306 637453987 161283055 279820946 600795807 599308760 134817346 594001249 77849889 384622263 92217592 401733374 684445968 653048103 34681229 660454240 568732676 275915722 746599760 29813870 166835366 881324656 100616165 236209285 471103794 1039426722 324385220 344355061 810989051 495937560 718886583 824179844 661324775 19835715 603651168 36702697 484300527 873562052 174031025 109698642 658918561 183930099 1002367090 104020959 122833566 423973465 84143550 798198820 667413788 804616758 677762694 174971563 970343780 303954940 863410956 19898224 172976213 508956369 828333162 140400995 631622880 659680273 314911497 455997673 29817482 426074570 437263658 462035548 774735853 366359871 940488033 589041798 1002727734
100
170891540 974634794 662015657 349035882 415995648 936985979 327013145 602203945 154795445 144537763 81803888 904736182 883507733 853487166 731021357 866090968 972420569 1042503388 893187553 626066058 771362316 205383810 195539377 25969529 51280269 223975721 690949335 231349129 498665362 910977342 517567009 661938513 297836064 134413857 15236208 647785370 807518356 101502118 805266747 252666851 597517853 831722391 507036425 800221408 383524927 1027909167 12949498 592478455 73371985 906004128 401584191 558128321 498873088 189354126 412700830 799533455 752184522 969634707 194262255 334738403 789969540 427834809 678026913 305666546 803119829 943175171 175059766 643452457 346373560 949176036 540895938 637479333 578685694 616249541 518671984 621661881 34166986 56163460 328845053 166992748 738163219 77612528 658684731 974580728 903154981 208729678 163659408 706227532 724668960 903599831 42995572 685555595 1043485047 731128631 381904374 796665995 498307699 404218896 220140088 461641303
100
1066998133 442624751 1010413998 911681432 217167215 689998820 113426561 270552822 975988348 29975669 408983673 261503837 74199563 279713300 690413934 601051067 171761409 689840839 886581233 656196815 177614902 773254055 718421955 850399148 974909177 970784609 691304028 258381882 191153544 933148856 581539173 162119605 374466969 588262656 293582142 74528556 29464276 191392421 100130681 608544259 841374039 139986850 821526877 276930674 114108465 148045834 126201444 374009347 517754855 80209027 1052652221 771629080 911551729 605968582 723809738 17201250 715306558 513204769 25177251 324804459 494852012 828769781 313384082 555920142 1010343057 145012791 520957333 371324153 681912885 602937843 158797024 34816306 541428309 248678341 82157400 301773967 90916258 1053816926 322438168 605363004 493211200 170896133 247195376 15335225 771930695 870131219 57074401 566365914 602590790 972719478 266974370 829805381 312858555 771627311 570899742 574142199 776951708 511005652 618222580 135027776
100
63375630 585984502 618152898 660598455 848231452 828570538 945799926 325969822 258784847 880137164 865094310 722935628 559930764 824057290 602013044 509085049 688612045 716195911 147101266 925748305 343580832 1051113368 173186824 960021237 4280742 201279562 902100658 543129594 940640021 920035738 962635839 800906216 303949623 69949435 383324403 560118716 300727273 485678996 677402341 247180134 946098461 48910015 568340354 412436556 138158936 617410700 756348424 756906949 253910580 182101819 478482956 157058463 892545759 131604166 915320309 989189786 765152923 905105237 117816702 909753067 612374844 171102151 991712312 198300858 797352877 878999600 143608837 680683172 395599467 346281045 105986974 289041977 195227656 183756338 707640591 992775807 767648682 143374452 337577014 980077165 882681737 365117696 760202567 1012862833 220814196 852104042 637758282 775589867 21557069 345105279 182361756 1022750128 696521096 43440059 1061821290 339489927 422866352 91204563 669636665 550151343
100
693084973 895646817 571428183 579213905 316951395 216475277 101742373 222676416 137957060 21594940 568778416 775294475 445290195 746992451 408207110 579578270 288620230 1057456713 658746407 530076412 287299080 119041354 607337863 1054324538 1063711415 138541333 652380304 205239425 151458855 931977422 12479262 22145167 215700829 383870060 652125697 287084342 541093780 922738492 597411710 163098844 168742076 483069532 1007150543 439066874 450128374 601825089 886319518 1005702302 1014532633 1034870322 158148750 422107368 783497264 429997258 928518066 158273936 688036346 401156218 924491284 684861279 101192297 638693636 456650544 493305521 796341283 158891777 353113462 426135034 1023443972 691051100 244352203 149081149 467798938 503808213 525552904 595308438 537377704 749112448 573252730 194821042 317038243 319466051 410141280 1043013714 796252984 1070358619 382863729 381118412 1040484036 519185623 787055187 361674122 766724058 625411100 676898341 642077832 484362433 678401887 586840310 513054170
100
523717422 727184459 245759780 543368352 449836520 563986845 86362400 277794089 654163520 312394969 448179740 888432037 74011070 162363102 832637049 971296863 496134974 827723778 399982893 545436246 740075886 272859790 581537346 283940283 24163668 249120061 750977365 429448311 183220423 961277377 407496215 38634146 924263665 558013246 406679760 1012773133 379766995 424358093 225098967 85401529 823867329 61562875 882055963 42551390 177635298 358122311 1016967325 1041262821 80818353 1025525927 485385459 592336366 460697983 374090755 758915271 360389963 948430830 759808441 293624918 3635331 53423735 606195992 98172402 72027984 408460005 868761317 930973825 66619937 300651736 512673753 554473979 500266137 512408644 658803488 300857839 406056974 823861231 130835675 562395135 450639371 1015792630 825497759 274061919 389278414 93812808 378948596 42015834 726220747 293273385 592531672 270974157 513271335 500794289 73187385 562683050 319672637 457793611 466084990 773057911 670419229
100
212530175 1049538508 397528328 795692807 219487112 70222297 208618997 897408293 314661083 793640413 54462735 137001036 1050420522 836757680 406530613 787052811 576974753 51671098 27565689 862821958 451831770 178829817 321040034 556237748 14456934 332382592 495860138 809265250 549966155 147293938 586336064 347063598 53568129 24481163 565144134 129577805 197076596 547662359 752972628 645964485 512679045 348004729 595784499 783999219 162157449 303568678 451349860 920678151 669410376 104024999 1014897303 1022929028 297188351 344075035 705403700 204683713 935360223 647179186 918026709 113895018 842369676 985168947 648551882 384081919 658702494 629604983 839175571 645524563 706478371 734439915 1000071530 56990734 460041499 867041810 109397431 36688172 590858491 226700545 964021657 121525628 327038763 1023155682 698996068 459948322 571949704 1039673201 982627613 372502806 799455458 946657922 447349504 890195363 10868095 950023289 153724411 746741992 617610134 168435152 460306480 487603546
100
74922133 744175991 455750720 313378780 877068009 989237721 648109110 31779520 132067714 18932758 55732139 821769609 363763241 908013600 570805091 211038388 525927997 71255454 767440117 149748657 803654959 871794282 519000397 387233638 336680708 841382163 727114540 802668714 889663190 577842012 108145059 166181579 255937875 566715579 734631580 940206601 407091004 949659867 428660049 995712536 660827112 1063062042 926490835 215772322 518759358 590924812 558099076 17365955 607936190 204068342 939774109 787487883 784089849 551744852 491906217 874870144 381143828 136900691 27083272 94960921 377996490 311257175 1047196781 1029538884 563683175 716409975 24915553 987107552 238029389 92838908 957665213 1032063044 268460915 253376742 119290932 361769399 720729569 1005881959 1041400263 669538549 381880373 976367461 269733710 155990192 85572385 950534396 627325686 593663245 496547818 500606202 87939262 773955107 198618859 327938146 417014009 118747776 756819472 1063131626 368551631 390363555
100
459979900 188817083 131796611 513793891 637774264 510833934 1018427910 854555600 171150449 152351851 729562507 718739936 910449452 102399049 756854113 618460390 280074916 802735988 377346893 877823173 523268168 51266189 1022284040 583007353 1052214459 418935429 163093183 718346382 1051768404 799992614 665362833 1033715111 213818268 88003978 614192661 610592505 566220242 524338849 408201937 975070413 200946538 367191472 19259076 158067457 93823625 513893069 238819293 349499272 31388555 539442532 1049644417 811391205 1053977470 236018357 315425545 483458228 874391204 680389715 263213633 107474466 729828085 17966758 901039595 562830448 706022042 312493930 571147322 569098611 355497587 290974766 70142295 824713239 682631314 306886870 849195488 465441495 669945534 298798618 813978980 604105287 767720689 734826501 626667752 206085003 590606299 246889590 516415845 848838365 802232156 255578530 878128711 158981642 701301006 130991248 196764656 315003637 659692216 480053147 196378163 42595859
100
295100660 49029849 424926446 643839274 495915294 657681439 378759331 886499595 178801008 420381494 483746915 65136663 25883287 109251266 50328565 333944479 303907601 528111964 384143923 522508324 699901362 222331920 113860488 1006780893 739209251 99236063 11452537 15539510 290580830 598436158 395201561 140393035 19505204 526959766 667552403 519606897 531108295 755892930 91947939 954841774 642621456 1064500884 947002653 116794940 816437338 685350992 721832293 651901194 424544709 609130542 973735414 904997435 554445764 326559964 92416476 3585700 532419743 596918779 989332537 556835666 721485810 466234013 327207619 793186306 885613868 233700302 685004868 898275752 545463825 40610568 369965849 319507689 859692345 1057580220 300684212 304834720 271971470 932443856 297288475 764932188 679570386 247335708 219670886 64032481 567895831 213660140 746140740 762071203 1035590981 409451649 82247031 91913806 928095895 250767248 90356051 918273856 603761438 225760705 589149507 193653773
100
518117937 590063172 296429819 815057963 136876784 428377961 509681795 641809012 462377860 378259541 578950614 375161976 328294245 86166468 157468502 328506091 885617791 762099202 282075416 690697555 498279859 680627058 595312489 512776333 978126165 334405384 42352966 408366409 149266351 988958927 907111138 696198793 1016939901 4267109 268703780 223049766 291939952 134084474 124387110 253943115 344996779 105906261 370754231 456240888 1008763465 511671375 227005658 264784512 646907349 809772629 184199493 749717515 61094608 169790826 242792419 720306453 915024174 953697059 992726867 481945325 945284825 360684073 857290598 847587639 564257325 75609274 324805540 662187115 148438138 297018153 290190792 615993427 310539398 913134170 473452608 541099665 663920904 537135687 849672366 424950039 91519790 1045445757 221219433 430211244 42465560 990323359 478738685 264547182 824260698 1007463650 455926438 747836235 38959230 1007960208 515945177 714556550 688579968 371902085 675583164 193885241
100
436472245 763377065 631260877 247006035 539321764 961894319 250996355 203303139 508019948 199373841 330131950 647539146 764080059 379432389 660834935 202022347 223619666 198661109 818784984 630249498 787620743 1011168386 589180321 487285214 1063269188 680099452 372054967 206226614 901966086 1071248555 866065104 934028593 645392990 3354633 478458872 623783252 1003692403 264352326 539748878 944293657 1055079295 845858883 975052871 974235370 198670158 832519319 310661291 477603370 652264386 669112845 694915731 379514284 665333329 615235108 715387186 799535162 448045445 144210830 624136712 745223439 156889979 218369201 110635888 468972125 302728293 629446185 122735380 767784905 472558856 216660292 728362099 338127082 1001405758 447559300 386260834 875349965 172116598 821665825 1008434824 200920948 345574959 783932549 333788640 127442514 1011324032 340965582 733632827 863809744 390331027 888523599 172804795 458042316 667483430 565569039 394588506 717092629 7001865 919034184 1047920481 360818672
100
378930665 908364017 580795286 638179692 698040341 991521405 917414323 675356787 756908450 150667086 534451945 498755801 910421147 279357438 898781003 1042439509 304586174 1015324925 357396706 794946991 382521087 303048976 619241004 603086149 204327427 617478092 173789336 288661898 264350374 472581151 936952587 484839553 942207350 50174664 44084318 705453894 166323765 883082458 974326237 519237765 23513690 15859261 465877449 387150593 293067665 226573357 279422423 889442319 961750583 267600825 378355120 834890264 1068247007 977948741 411943279 402762523 875905487 393808392 1989670 322429736 334297987 598461583 937430617 464549606 266409257 553925944 812738688 299195918 22112804 113324472 919410058 207614445 157066122 772597398 318715221 910429158 899725990 216761773 893093687 443577326 108612470 621018286 782132344 616472334 516273965 155001756 304253653 816561637 945886899 40448846 563459839 934615843 867564832 679054320 429264666 309447183 1008208452 989121410 115498303 147039490
100
547959896 243735034 515480554 502363761 1003840408 967984844 620581576 530373402 759257023 624433322 350621746 620316349 906086172 739406460 696974290 909024811 618645076 56962975 946777317 189878765 564051676 97599076 94243004 834445500 899331458 455117454 811364670 142780935 645456101 9746392 515326820 316428400 350523384 895659117 1067099580 314764367 378691715 908389230 339846888 958254637 805553570 21938032 857451548 1009619275 667213380 367670523 528560035 270482969 706649005 1026221324 584175449 284245183 427243508 916426643 215329586 672405399 886766726 235701750 578556851 460393904 862410913 960030093 189892724 1052800333 278022106 456696355 1061619364 861531748 176687256 838688891 262449028 1038640416 18424470 37232841 658607851 1017898080 955432293 215333173 123414976 875771957 68896487 950018140 396737668 1001873512 904751573 567183310 426787270 226677489 369841211 814630545 787847340 588156545 990137847 785290140 825557872 264174841 312909629 349769821 1072428513 6989297
100
729883444 277558238 555004210 1041039835 838083062 37830623 763705660 826154943 745819243 645142892 480865729 57453379 545822415 1044663203 702907944 702111680 174802005 653478838 985826315 910290913 113332639 273098603 44156345 792796197 48541511 558203802 291530933 590027105 88820826 551545523 756317237 178276156 114618584 292252469 843973539 1028667058 621406261 788366904 965069088 279380114 747928539 705195492 732168188 895413248 444546470 147887096 46708543 238052595 973218406 328566852 801119268 119161528 870870113 277358383 1070369944 704405101 1004103118 501749809 699431359 176060807 118352730 702717018 471997040 679310413 524076711 554478794 51572148 360240218 868735177 764569911 1014304075 1052416799 41161927 175494762 543707174 993225822 271993376 1064758466 335101166 558171312 836681539 327087791 417057916 905248768 330144789 615071544 801897567 1010954254 102376559 507711606 780022105 143966958 358007454 912065046 491350498 25721222 408674786 902272987 200622244 612511251
100
244658202 274054909 970156708 33563758 779829821 211746688 559992734 951529853 195882305 781885556 101124662 474740779 604558903 338232915 322444026 325199357 129259206 616066637 1032514633 895719532 293469095 983290051 204945622 894625637 547443496 711693260 381141545 796180423 12979114 299503027 386717469 802819560 777282083 447076214 106506851 1058338833 242802845 160689993 919795966 564308221 57765045 77310737 54755526 1037298270 1056810525 917404394 965658341 188649304 369923354 449149858 452832860 100773636 570534150 52353339 709123711 526823151 757794511 617939308 75430261 212409752 21178231 188327457 798925497 602889461 806864530 429821943 503371164 784211183 397418699 762724545 606800832 946906593 881623647 100034054 48542622 645919517 232334752 296098688 891909889 396533095 682516851 629276062 648925577 504337784 951592914 748686339 351270698 678276732 903795787 310205445 571411114 339343508 399198848 90151726 232956966 867101525 962618533 829710783 520923021 141975624
100
9983272 50293539 330325352 802129278 1039145617 288501248 588820391 487085056 935139669 721280655 844453225 812606225 488115585 651964687 246921478 5031756 544959066 318965269 721075020 357216989 457673940 546709768 935824892 427561991 162184731 904474276 621502025 757629854 966198798 999037816 661114716 917996429 850382271 891009640 1011369170 341118290 811160052 470858539 778435900 254374013 39052713 454862 197459102 289308981 193791116 624355375 359909104 678172338 571487616 924569218 815262368 300276164 104971546 713009104 126966542 591684427 46997543 392680819 423533327 656648892 166819364 681307292 732673899 749782179 269847493 1002495181 917901663 448852251 919459183 843212383 577698076 273414743 381563325 8708350 608639046 1029956381 436304894 1041846823 491564149 688121158 604040885 384684977 453415351 156287040 920999448 45369921 62266636 757356428 571216530 351890388 101304041 922657088 136964930 228988473 462071222 313910405 923119738 249886100 206485584 545277978
100
44464861 700055687 154185935 730001104 121447007 626552225 281079819 1039224087 801901113 1742550 92488263 494098234 42064096 226444754 462757265 710344973 601486235 762564917 493703178 75507357 190711046 787826454 463433320 887217831 866243472 79456124 791581301 215981342 879978493 343830244 856254862 46146985 460948452 814526654 311005988 228347426 616196145 987562480 739266366 645107992 700771237 130347857 270171382 525365326 997581137 368172079 375777528 883337018 529780511 409449674 469888006 408235399 414905417 512803030 1046829430 955648403 877895648 497551869 283360690 862319345 395106118 1040755291 454814903 799917289 697650356 371975936 674881687 632799475 109880757 744495730 270919671 695902528 468128169 797077288 754656401 696548145 742207555 373647888 543119795 1041199581 1036142603 1003373834 630590143 34224272 601541853 531831146 778627497 851338566 697120361 648272506 843027836 1040094004 533145265 407379957 671131861 973493568 934338701 505135246 479598694 1031141508
100
911490151 959373685 823400143 96655239 622393242 362285146 4127011 526403830 764953780 608626436 3656248 465766817 63127348 518966133 28416248 594371075 918189585 465299009 55454465 476942955 188048945 479037715 653434662 141392253 477021427 986297641 522051566 765495984 559913638 195295699 78308884 168432848 592653583 972137208 682150661 97900669 169720296 468006800 20097893 918351531 562037083 1011566635 57760138 196149025 578920587 673353064 405856255 625460986 449592331 313087615 464770051 882962214 55671396 188368824 78542856 935342826 918933140 294807794 563326516 261477980 1069159050 240813085 379435747 959409384 626913707 386782144 708630307 684388302 892674896 764936564 953520950 583410849 122254662 491025510 469305620 866407369 564373068 802746329 746643174 363089666 789909656 922059170 171514252 664848347 882648147 252952746 1057079064 372569656 267235864 314530672 647121233 1029672657 283968889 769783428 1061742641 371067313 790417274 574380813 732927079 951728311
100
392623428 933294550 432287256 758691251 32744183 657916436 754086619 862113209 109761031 820881132 107122011 1007212793 1058926314 128120028 670291913 329822524 831071017 73356696 632727208 371074239 406741987 319781509 833208143 368677043 382980169 10100543 742399595 220154812 361717792 737909779 208211578 150593651 139059778 659638406 253005392 63510500 373508893 150908364 594413462 64476177 834818866 139888977 910644550 681753197 798582167 74555188 342759984 87666273 401268342 1058888903 417687417 107355082 986093964 688671505 20820759 710939001 209375403 397562188 260382294 1058810802 783436344 544655207 378145878 863784621 347723693 539383940 711592074 116207897 579281944 684635515 883359034 171619988 1062916762 728635222 406632962 866458164 370666730 908104147 661703249 1065412865 648716752 179647973 710319083 904645752 488133546 617940019 440530280 895493386 471004906 36024216 60931250 288453786 170508437 571617185 888999307 708548867 972104901 1042490130 1057792005 659478160
100
789643873 254443271 438481538 415297408 234496570 445779663 752459150 79875106 610698745 640312171 727674460 614161527 688095795 869590846 455912457 926755197 440479533 58347906 456698022 269058630 54242147 592440512 891579318 1049864823 446311939 994649 535325876 556488907 911075695 52008961 865017227 365462926 39501247 297990206 885409052 372410659 68401981 775677677 777071036 226265727 913667303 265724094 94735282 506543531 931668720 94383283 389902269 566751813 301176127 461886117 778549645 591196671 690943470 126804415 463574598 937897759 838228940 431671041 63092480 585450238 737160412 113472446 25582409 549174409 78401748 716706846 440085409 301907651 661074847 236197277 363062268 1025568577 3839963 218004874 5426756 146912428 614873436 1034784649 1057623253 555009347 647643047 405324818 552252671 876414294 309166200 786632431 226277768 313832908 996774460 1021801922 47818023 169669278 97955479 730986109 394536202 34505050 280061152 923712999 448160593 1002827681
100
102346270 1026634128 382009769 262039575 515388688 601228113 633565371 618931895 518484736 613791888 814283190 573470631 91795719 897464381 948616074 853048385 613820305 82893502 929424830 584182420 212473052 155952234 395425515 59863010 463610748 361713679 417516351 922805027 566829274 667691372 733592315 399329153 984679344 895465400 251070709 969187034 233259662 810367001 638476567 673942594 678263385 540731438 231941854 456443518 87057607 819863686 802706396 419715721 670506724 115359527 897426998 434683410 595902351 59138568 84156198 313766397 15089149 514191766 608424314 995947742 52865078 632290099 903675923 56149377 803449235 1037917106 117345383 676083045 444358982 1053145565 219919616 252267323 752126162 434852079 69936123 301790572 233171599 184912667 390679946 863554705 328869928 1007971331 517480050 92448249 581357852 528927553 141949582 605287974 1013303616 33382113 778439498 301138768 1071906619 1014273509 1027857960 596633568 278950664 1054819008 136074047 646931702
100
578557404 340122551 535659748 694600109 309323796 932317262 232918449 709660064 544134458 481454038 368100248 77117085 176039570 585807284 718240646 19719362 236522837 392845411 17563039 494766211 608316720 937897967 479967161 679153961 692844226 122926203 482295775 905671502 39965217 1053451451 786671311 979238754 169613654 235439226 1013684861 493062186 749265628 806497046 982145166 947181883 592682021 299475455 1050308830 30506371 779449365 704910140 479877114 459331009 68720005 707102693 548981159 421494536 685257153 588134058 672856921 409143616 264723210 251863626 944152252 778960293 761835285 905709597 937014319 168703302 553701771 155229835 377105732 557809543 919451271 620700563 86466370 688691359 216841499 532036421 458704291 589852699 335124939 814489160 680105110 33144665 1001394448 1055725653 1027251070 18018318 454722006 520836794 694155121 357585601 186073086 404358871 165221817 85370189 960413405 308135076 25003607 241953123 812944315 879515946 632495739 1038387974
100
137742597 968223501 1050597133 246568284 967881449 251392808 952549796 804330740 574881306 73321113 157023435 899247414 491247858 687141988 993287893 396063406 322439007 985994559 779393259 1061905117 40993122 347928086 150551943 750134968 227893649 580277893 527046393 15783207 15410069 479432545 66178534 602733959 291254957 540935472 215211971 60539433 283297834 915434156 844817758 426361552 897980913 993448771 416885078 979228471 423483644 600741274 951422622 895785353 173473753 424672774 465487614 714260711 489943337 822858001 339663250 359156710 830596642 367435259 663288137 996047630 104705294 498852150 586918759 256547676 153204682 437450473 934362627 559915200 123173448 781180271 106466954 584618144 109451533 449431509 972038202 462797908 379086771 812744799 761103016 792120232 500447080 569481987 488310843 914069341 974976366 821196780 326487214 16110503 326867353 124524024 320211858 173378224 625337556 825210171 13354697 232417044 343863196 1058228602 853130508 699649636
100
405322929 423145574 861522851 848356014 548077966 663551159 891865548 203560024 696972787 113802803 214572617 553968973 247862647 431146976 154362749 12152176 99679206 215067163 910598972 261358389 564115389 1064044820 995971406 730266151 966126767 278987597 289936879 1073066339 988333602 13461535 462252114 40563228 511490483 616136244 535886105 860659221 663296430 491330062 781053151 115781162 386627478 598213759 202237614 208109767 877975203 1059893551 382132873 27752559 639282751 661341466 784981988 64350774 448117896 707980559 539778086 912612424 695773394 711951410 773233966 181474400 709391906 841583226 610323403 219543121 1004586419 522087220 80272963 972599937 342747509 648745854 1007375053 762528873 57067145 184735949 174635543 686014742 1053853638 552382311 845287872 165049771 827727928 847294698 263581407 193287645 31301019 547353283 803764346 375831157 948259556 572566712 618672656 845508562 942842553 619229023 291608080 698094692 1058869748 577776292 510885983 179160882
100
778486855 536242391 51783253 282321931 594869852 771255746 990551419 794235425 391376329 529542755 902235237 379396879 750076107 591951213 979340649 209851445 783652209 677819274 846332912 416052262 517152799 731269589 1028676345 993187111 60989965 12756064 796822421 279777203 331132870 589964463 396215145 935023865 228411306 737401915 723444527 244126044 711964780 248649457 777407797 422682354 520148884 595310000 80413660 960284678 189892605 302405839 400234522 596187543 243503192 795564692 722429945 738330070 840614312 918657469 112766229 312465068 80506308 318116859 447732514 939487282 173485529 470634611 475254372 54518582 454883557 37198396 740182582 235917245 729385533 541199075 6965124 521443195 940513288 372139241 742757200 370499677 25385409 469483075 443006256 814999295 392617657 870972122 1034442190 951918903 792769682 46274313 160333159 64729224 704142789 468533794 1054065229 548807855 924325917 1046792425 955535205 964890139 983659322 381997079 858155690 945610860
100
436985560 743654312 811574523 89627237 869349709 720048641 685407570 127781206 301730571 581862380 725546415 759806930 256205211 667385009 532162438 42163229 487519992 734733102 395553788 1058405711 341363732 981418069 535191149 194847187 81761107 226291116 437710566 739480040 816704269 386569163 590890155 465486371 564815889 365377761 106803379 732989931 770469917 469835568 290648103 576268796 249685095 919712653 643956455 803447525 646945815 173591521 286308868 139877258 762752714 162608554 922767943 431101858 183013137 712545402 962105001 562642489 148108528 352620663 1047060185 449409072 726964319 463426778 644431289 431058616 865057740 879058544 562357217 825053659 1017611928 178166300 949537307 705892083 818884501 1034736467 491781093 704204593 197785486 216625822 25672178 614635031 1063187392 17599516 153447593 406239230 361474137 485965309 617113253 566534289 461337344 16473864 117536563 751200592 933872972 888831254 821710039 497139727 207957835 1056320404 112633799 475962740
