30
100
991374069 573880013 488118034 136143257 1027490623 152781171 55762093 989028286 301862432 689984435 687973001 918118313 497593844 106405526 219046052 451020245 22833276 594624297 172197023 671653633 938946395 351386365 421495362 861693104 230865049 1069354151 358216694 226480554 995829540 340181057 364661577 827197049 982664011 804855783 389026158 725106157 38880065 782594108 908375994 237851033 884679584 504315106 867104809 926764627 823234531 904180997 235128278 359340216 689855210 783685585 103861638 660480421 270763898 314454263 120882718 619063999 932438203 730719533 81252648 377690860 873865912 1072484011 317401939 828564184 865383138 763423150 667512048 713519473 56354957 168775928 927079030 403093612 596174194 543689294 357385470 597082302 726335020 223273721 439024327 98029347 800699067 955472966 332416947 1041143962 356595460 701081606 717473225 1044416230 837258062 903263502 46906801 266603791 753673414 666979256 168810299 160893919 377759228 87702113 462445016 177030758
100
76386793 336919839 346613367 9474006 661582390 989153610 175051048 89226511 559081137 710707126 172657494 555695150 669471431 887833447 483290655 628511287 209514089 551049601 803924837 863638675 91476620 854825424 625353298 112251278 519902634 774633281 237700047 250382552 583235648 511395943 197150475 1013068805 642589006 5871607 779709946 1060216589 405301978 404358476 468965843 568316108 339066477 382940387 917630865 344327043 1067483540 1018515680 1063668852 884419925 760812128 49256840 734071421 475928779 337761255 965182917 988878069 135662929 797002432 801338277 608931046 868222903 1026247051 806021339 415972768 576094896 682831207 308175677 878321974 608292694 530131578 717797700 672593150 363789732 939829357 594283151 453565973 1017861371 213757677 604782688 989011417 621173918 825713195 54074909 993711725 373060661 683511645 528081360 202432312 99351630 471288123 689730728 676440422 932646615 556831875 394931062 885863526 280217510 144516213 1061426993 266932842 105716977
100
1072227698 483294442 800475094 819274482 199643385 160856353 940752084 246276371 498606630 203820174 515159120 562654219 148291456 363626869 882131730 293870384 917982770 150322012 190907077 582004570 176120457 335715214 418400890 998408038 407781495 697922971 671741733 413185207 389917715 1002476502 232113183 741644208 930892311 72666070 23802786 386198587 270766177 489562869 558237521 569400901 715867762 629441236 681658541 513343039 203199986 914783701 351986080 508743071 1046915882 894706592 37864694 1051155293 108455304 617604511 309372639 587231350 636917791 905415553 194463087 323734637 30431780 968308666 898908447 531231173 148825970 57179138 654411081 427426440 6787335 1064271314 521486511 710192323 776093061 1034431210 7958004 298329863 852556210 865435086 1062988833 451362026 120133880 109367876 456730402 721251204 1041229286 35080663 186863687 586812915 413983404 1004748887 428353220 761567703 974363043 153079895 179785776 988539862 117898691 395077550 262881546 534946841
100
788950007 886486319 1027248845 42194846 494858000 855160933 533804196 745308928 323122079 104414932 153042769 391772124 29671816 907038088 614284815 756648929 593676920 112833264 91176475 560271456 785161822 590827362 673811253 183575248 487157740 757329301 482376740 616893771 357017882 98085669 754274095 25048846 99291044 312930578 198317732 207693053 780859783 875101249 453424468 240781852 584225160 652932602 456715029 256829463 443886509 166632552 748253503 375734203 917023169 365656860 491792176 1042108795 30928852 627946379 596725448 191163884 310339769 263542155 158193901 956552777 644192903 930629594 11584009 855878895 1067567897 631816343 224099975 267744738 153269390 933383623 898856793 808888135 212289993 702508497 772970101 228051432 274434801 228177922 174908243 805743027 109799923 102143243 280833905 773723707 371048187 10651518 814404303 448607029 650726655 947717204 83523699 50878717 137745972 1043782505 983300839 712344847 1065042070 675622910 694636726 80108174
100
147521847 867862770 135377600 780029602 47923867 57333681 322878863 232888727 531989655 238727819 261337610 546950476 314518779 591854878 641339106 686478866 825966459 591218059 484076269 766177020 16954927 762122486 783406503 164378209 666855955 1007040521 29542316 383013468 845908872 571888497 704881471 1005856076 588753617 504838240 111985863 800166484 825839767 1008764170 671621964 106254812 788801126 319700264 375685374 999216654 344960814 3044984 84814767 33570650 130781122 625481018 913263956 128213234 377775964 353147060 414829703 172021071 1039874071 172423088 750566664 190194346 164716404 1046056185 449273911 792719236 172695254 870126561 867939740 393692958 539669510 309507262 1051892576 338226689 581304751 18555241 500399825 496092792 842581986 77906365 121740514 567493905 559246484 134410270 155243176 405927200 976639004 480265711 317980126 921701692 257018293 821950490 89582946 490083264 842168322 875709325 576053686 1052480331 582381957 488106423 170171776 589422401
100
339787023 423036426 389212231 39434930 268254605 595416002 41296074 277963610 168510767 1002820283 801993081 529074736 381535350 812004139 1007435207 25360557 229609190 680421867 163215466 921232174 609433482 401023226 225822687 1032905074 317848941 274577402 44219107 158922526 485214242 339727537 476056827 154872889 491402300 755532682 317586157 515650992 150515671 897640466 33269573 47623635 808691470 940998011 680300241 553966806 687915138 1015605020 1063783718 374018385 885139930 575754478 121958681 618956993 590804029 795172881 606282054 477423621 763003097 221754181 394612876 750797793 64290144 135787378 796705422 388741502 292483206 122975264 213458996 965252840 154785412 515859455 906910760 988550031 664784280 209292641 203597658 966105286 885805699 807708347 339113340 925211207 1000344841 182399784 1027117447 648478382 430025845 564916965 915948085 774707193 75355154 774300630 747077252 604515343 568858547 598331904 27210297 231902517 384763948 826439693 706187866 769147546
100
320614347 554074547 966475981 1002561295 943665837 206964051 712389185 551102648 1002924616 140822796 933220304 59862709 854905047 8565750 789629237 47455856 465002936 767266028 286145936 817773911 160995821 295808781 140166118 957474138 153389212 118148668 391119775 279630189 338980752 250661793 409132294 88603148 465367989 334010918 1054089677 490488242 503438751 987837179 445635974 383267169 978414084 1008507411 8203819 1067369757 900278845 731181733 515943574 194463856 770077898 205497259 850617610 223232744 191129035 98602086 210788264 794260629 455700359 425674968 186300667 409133708 503741161 1003521608 1069435501 859239270 55154686 346384322 971825871 740400065 937836152 934476437 247074517 364026558 758455854 402897619 267874712 248563329 1018003354 480585684 206810386 880568501 406467673 887318707 540924581 567323397 151787439 94699727 361730965 18224036 420224768 232297548 239045001 955781574 625932888 740736144 1017032462 288332325 36455652 73002182 971108372 37016445
100
523134558 570063471 63558415 951533318 58473867 972985943 376465698 76370220 871198147 212143848 874315133 378923175 816971331 378874531 213416943 368820185 417609353 311243755 860049608 991063880 193913560 866226569 682325341 228494878 881305783 571895593 27757703 718365353 93285234 496367067 1026101028 534389468 946520216 1036326034 20416661 539935949 451179643 679008424 474407743 552492853 300687027 990795352 425379082 754915827 893568667 312942915 763952101 399093385 560437203 357324012 95222336 246708381 565618364 473574716 56517520 734008954 552322303 634793726 142387406 367499660 578512390 68280420 149009656 774260456 594776962 305926528 973973903 38070209 634843619 461550796 551398168 13674996 363058403 27740067 765443483 870158461 720987132 564644549 253079847 443970560 688705261 710822615 624500300 316445505 501256761 391706849 80900767 704164780 317705127 141349582 221580602 245354958 859807427 1019534319 699558713 428696025 126396764 242214265 949380158 355803172
100
699328258 968783597 852390313 450587283 562423560 387851633 607868038 860207268 827421546 297951733 615309436 805684759 828549613 505809708 338122611 574199693 48484536 48855242 742901236 538228463 1032290008 490674185 1055732653 69867496 935613629 111089701 564618225 22940774 413091003 932456160 588064310 309479709 4615050 733166847 693909141 945682948 989755591 990935754 604286541 786687701 539273073 365106320 201458751 991471505 893863532 239750945 153329011 1003153658 731304193 669355090 883355027 805290264 338794332 774989693 465905515 1005917109 906753805 865853950 387349871 291243745 108471176 880910263 99414581 62752622 596147877 84292493 1057536246 1044045172 367231264 536443880 306718226 68964559 229126938 626790199 154480521 568319388 76035222 391428202 781352322 951711936 759453181 749273974 122292936 448423009 521453722 537582037 291460423 34018410 968732447 1003302659 264707732 165618444 357742111 30522626 608615523 878171448 787127441 935448791 985463054 872787749
100
266610442 326534165 620992720 715727525 522311722 208663192 487199351 158320810 286020935 598167519 1049131293 320142315 318141558 249511379 116546314 481877715 1064471889 796239234 615701576 912369971 734504308 456128414 1031285543 578515136 422554881 757005567 835257529 358121872 871418653 335296285 387336535 640960161 983808625 497209494 364552474 159040082 540620201 294002094 345649250 576100072 999322616 105360586 542399571 935829259 531674515 13559540 137994067 532944454 133685297 360988762 1064791438 19288458 466627474 915536079 757868914 594085803 767483381 340552777 978659379 561261026 31332512 925102945 415811144 989613129 403944539 79844310 850299884 775331426 781659637 875938058 774332830 971207569 832086718 256601219 890754209 636574621 354082059 24880748 1028025213 926599987 642937014 520719889 557845116 18895971 974907291 20468327 917792814 503410465 1046150684 246940289 859607525 903205317 475328414 162262556 482181178 543775115 173527818 116168212 920173446 519865108
100
73870572 454889578 525038308 448049112 784115531 770266184 943558114 756564256 142761082 775109063 381657562 983702815 264648423 849622354 529178110 353386449 817394852 46035354 551082849 668466105 245168104 519820304 223081851 182503001 778446733 924389740 528822952 1840317 412835728 33477161 875723945 344737777 443347349 653977350 512878881 495757702 672642401 742100358 967692824 325875730 83503454 717145201 1054047868 447677356 1073554202 472363089 939940508 629332596 87166920 858525686 997310635 927073545 1070122173 327926002 991646019 1007506193 163504116 717509662 441965535 383039413 820689035 519221779 683988831 6207009 725868356 93638578 415787656 304143881 780873477 404583069 98174082 536565791 28601688 680265147 622167384 338264734 145980140 746225080 148567675 419012034 1032786962 290672002 914150208 1008568397 64692544 815885005 725541213 531008516 100439954 665608848 338139504 1023294000 366537028 164789638 711335800 913201182 483591737 559084719 474925914 873061279
100
913978828 691028317 285800329 159172777 560084966 478354094 787101748 804300443 1052303303 590749149 468365309 197374402 1010726015 202966878 447165382 780535218 367928289 581427721 16295796 394268325 151164675 968421275 341662320 679901691 910726850 701440307 42038311 439072436 695320635 1024663509 347631754 124847608 1062816083 20243691 91860111 190389135 829216049 1035461310 791806638 352210538 548100286 460045569 603748196 151935256 384569132 538153287 504624563 30255697 425688684 1065209736 554703776 17057135 326929334 697213600 339678900 829829872 365666309 721348816 380539004 667517174 541187224 751942715 230009609 754701255 874405747 482511722 923929969 1053394509 897292252 254656969 401211468 480795286 956738270 959840296 977639991 708295253 915335113 942138682 181468244 709396319 1029655728 962487833 284794569 400456751 865344233 1009366720 733523260 751639652 501119889 360366736 899445598 936523070 694694918 324351180 853727581 1045425700 902392427 474616092 884404335 134768928
100
763157518 753110862 494728033 766236774 670389136 93126327 869451192 281938070 876590968 818132458 996103452 655597804 563978748 201467693 138294054 1002921693 206139450 602381385 378699413 240143269 76430002 482485003 1045816268 404615363 649485766 79268292 81210703 456563835 303206977 481127370 474637386 93959763 865834445 890785269 202146058 166208406 653288315 344574755 779922305 704953300 112393279 1032442036 730663878 345951584 595967858 301394702 426584723 584626640 1059803982 36807194 921690565 930902657 394993014 782689733 93248736 1030782225 60574571 579570304 590195081 123627491 578382615 383440321 637425673 515753630 589206342 1021975168 657042385 615845550 966007848 673408443 454876144 58887106 747104209 247020274 278848415 325018700 77019834 23421099 839869110 34516484 214639677 713342191 779161140 9081446 34174748 488784331 35762362 914457391 92033530 1019406800 828488464 1066761956 607270880 251970708 688743584 42952010 209238202 409146159 606690294 116939759
100
1035039935 656738118 164315808 632483438 69214948 468997350 909129713 617140244 836451908 476257231 326380985 136505158 26684168 38013984 766414226 472355812 328990046 660418459 986115421 517604788 119666165 422836774 30200764 8836315 789646980 656075340 382962839 926624360 628463171 455260602 298061208 499677385 423353967 550575554 47639214 760661076 302315211 381622235 195582606 1053260736 237402650 176215582 806898477 661315753 254241446 679027659 644384327 852099087 558636732 997878210 709551580 830946007 721632558 844578571 449943725 328687177 424004047 63211854 930313923 173362320 238830074 858729820 613836265 1026700605 263899404 728190884 1011994157 839146949 325477605 507716798 341515875 674658814 781535852 446386660 240017570 207197350 540817928 339926388 1002757829 400263132 595258407 735883120 468440811 652477861 966364602 514892285 1015889911 211431528 579423415 685908455 347905552 877970290 188347542 246046492 60417826 745982836 290888405 863505709 970749788 234548992
100
538358736 957879728 300893967 859186554 457150304 1072564311 207865725 694458222 37093723 781990218 848115595 801172446 558993635 731671242 136231517 506459612 647461694 340098008 236709754 211955067 717608022 295746749 329610063 630836311 930232122 1038439300 394422188 866646538 589170331 592162939 1063775301 196282552 375536976 19600054 138518322 504873348 261410514 814947468 956071279 687325464 76126145 903051288 261512029 1044833314 340844125 144935865 376696127 275366865 353723149 551304850 239034302 7815772 746324188 569756939 517046374 963585915 187096567 331066702 266827303 1006095596 373173296 854098891 547817940 510974703 69237118 144451508 859012775 763958475 865898619 601732993 668269243 156579143 257353956 77315438 829718417 335928113 557623325 64775160 594440844 109217243 338047403 152025700 922596725 139436441 67848119 683018552 213995255 938845252 661306258 483145408 1025418020 696203706 247967275 598752138 545405934 14712923 828268699 913286890 381755823 911824269
100
867316599 991740833 52736570 81362182 280128396 548106343 755439437 480329315 502685128 690445955 663620153 150470486 834298254 107365597 168993137 515148073 373287814 1023116098 701571313 371357771 779252250 214358755 1067951796 687078605 529818106 980530898 558753595 662383333 853942937 320668808 1041758733 814537583 242821805 700554338 1066808881 28253287 413213875 1006975519 648289973 661991792 364192616 579208548 1035493163 808133712 336782929 786344504 25679911 624092529 110505524 535101832 827177922 968162402 32907677 585451940 273332762 260491348 767213914 786165440 38616527 761811102 498887935 619701108 357873800 66823482 895448931 128944445 983695212 689426245 704498465 147990778 700889002 56185219 909156120 595589999 679858929 974272728 334248684 929219013 982981624 536591568 530566019 520154632 211800823 961245208 449529736 170220456 99768876 806224130 549282795 995465209 216461912 65636869 74160222 630766258 836732735 78213691 982922202 235982450 625511468 825613794
100
53004598 355002474 651734748 622131993 827921637 252900300 653399342 368415135 465872836 193495846 461287300 795344305 87076098 405013713 756104108 751969819 605601070 773369131 790746903 82482155 316778171 584823573 567594843 409532149 191678083 151559283 177930931 1066580560 596504641 131242672 793628797 269854936 774235925 664074039 296262075 820158890 451110404 307531771 591516051 368729258 753711222 256140272 207986127 173948672 653517494 278867855 175376222 43466646 427252342 57153878 480557777 243587996 372330312 820276806 810703071 627448581 704086822 702574179 3102433 860792071 613266154 605104440 604401494 58320031 606899927 707095120 552116832 523123979 280969998 1062712766 602588742 1025658446 823758874 529749142 869574640 697715119 178811749 360608113 274971502 596858426 174022592 939214061 671308914 134415677 199493087 15880747 119316177 126932685 842706139 393720656 643804933 277335615 729094830 396195332 128500398 169744047 656805050 444925942 593664268 987805564
100
25277269 42503047 942758089 69208816 257829720 61484584 151525374 281707342 722938040 865239069 980118598 1049966925 1067259441 343190585 5249807 415727297 208588037 683694449 567491724 854474722 589259128 419400544 469782582 417819596 1041825621 375395012 445997383 818015488 355391079 768249342 578239294 510931425 349181697 430504342 231190110 933971256 619576951 46059701 97510446 473200305 1021768611 179617194 993051642 365138780 436777825 758766182 957048656 941076012 242978066 1054638335 336830085 415266939 111718173 318549040 582911278 470166148 325944170 477751256 536815271 45480936 1068375013 788451703 373502607 450178090 941141761 554444980 883016010 863804211 338437170 824537049 1013852286 979300814 533966962 985734229 161537942 935025197 489259709 970872633 348681282 868141154 372408468 375541180 829722357 781570791 1051005566 849285559 944572262 984685335 369950851 44436010 4655375 922633650 853434031 71824309 111822769 488080221 524913045 165966112 702038990 363571488
100
745221075 654810926 195090662 342588773 590382174 526745947 78887424 1062939269 846713587 89066532 479543715 417715659 466958311 915726366 499714917 614875611 1036581941 888844574 432423364 691123424 439779834 577039040 270341791 623600902 228115706 577135844 715312059 631829758 454454042 119547947 317082431 284819581 332883172 1000686206 728715320 153401532 171843078 844409736 92938006 564760825 870727123 970668343 44158509 73399029 394983360 1070572607 778772021 159265653 641133544 874159254 90301131 924720834 694130569 882699769 156957422 349254952 30299525 616936550 1009572226 1408890 226029282 420126880 380673488 918397836 749452106 175393967 412990468 480116920 153571724 447783005 469906862 437312602 873711641 224216505 760832578 287546964 703301000 1065102744 126044056 259988875 230662418 306455567 958300780 324861031 930599702 851408122 654753503 840701271 49280406 602579065 368689396 793114443 672470201 893722478 598015252 454521400 107220807 470169600 496877706 534655896
100
963109402 856025608 1035825895 909435397 884587500 333394465 346795559 129046909 875433577 793707468 79394397 177478642 731046344 676652263 486624274 423099617 745087492 112553650 162040786 846148974 520868700 538695248 839477936 476460253 282678995 867435850 1070727873 519471386 261144241 952058379 412381084 470640434 508900096 786786404 726399712 1057504216 755590672 356823562 329996462 908602337 519379187 193072915 1027994667 729783496 434548737 106696317 551963648 1023089963 188929878 797071016 782458586 90694988 213137231 1051962838 931604458 580511633 376256785 409244338 836250469 118714628 959306498 74474694 56103685 265312723 780113230 496442627 352934534 152487377 702107235 818517565 340659242 124744947 966614901 562455981 762416438 1009230805 857975035 248071021 1005550195 922647603 423737136 575603455 621384877 417338736 688060051 707795911 293518647 365954322 1015216231 454279564 57999974 107315011 1820468 528321787 367574033 863700818 173689668 653767716 187873304 955494448
100
1042010875 813135578 381152500 753873967 381436888 68253629 155971927 124921589 229640184 1028167081 228696633 115811282 704856057 199783309 101193242 65764198 126760034 646445273 274376097 465110805 490008089 110353923 1070697497 1023212933 357654250 24004866 387323887 872732450 1024072199 104167894 293366582 619922074 630692995 671319806 75811875 116336994 817505750 79243776 621184400 528401454 669130844 145071076 94787453 830521212 734861782 127762873 913995659 259354635 10046439 609413391 134095231 84547420 949073048 117462140 364296133 404240440 104120020 884529176 657224682 898300713 204962541 820987392 672704289 987538175 411526933 856058582 854297280 824054092 361547750 570186303 722182336 985291497 590319835 948095844 779134015 694709359 929094868 739673458 947653121 771538623 472577686 837278746 707858667 403512187 529133897 78003217 237920904 664301962 261017848 511756177 420168580 119847320 730809108 854459095 419058739 553970323 157542130 336367779 30662923 649657903
100
397344443 82428709 228197731 782671284 6595175 776392896 944000234 389616949 655459574 322690494 7442883 376113328 568811577 945572902 422921650 1028898924 768715523 927739040 231531452 874838422 799454639 386002684 896947375 218570430 984602265 995992235 285107096 605294680 710583971 188204868 720978506 1001553212 86330802 776580353 1071062494 718523175 253222703 244409663 658948909 550932280 710723207 454247170 882398040 957322867 617235371 605743982 135399489 372997698 426702737 190707279 392759567 73063662 494108849 748822162 131092142 767228458 132327304 365494986 273651789 103618441 70097688 526611884 1062498270 766396675 125025638 959340179 716127897 838983029 821133307 135997949 91124089 83908381 370593892 96848395 323595709 865924129 992056499 729433861 898569577 669239049 21673979 355196884 432315330 108158785 601376471 855620231 644835798 103612825 900111332 307045582 515068658 926052548 821730370 20276354 431773993 206587356 330236951 305469467 388252116 544856284
100
256976696 767965709 537114917 586049742 1052853019 246582066 866498042 668377486 892991274 439639912 159741699 1011991170 339233135 287020566 516662478 128869986 1022421785 12363878 981836105 80288235 851769593 609787335 550883402 330242143 576605190 450826349 599027719 288102403 81091033 1010581968 482541982 9774752 545432882 228933417 167002511 207787523 995999345 278140408 1024110652 577435774 755749917 744888448 204450416 953232740 553636705 1053700681 941953493 418872720 55449738 864898206 181634428 638175199 85307274 539149069 121055833 888192433 530654328 73852906 569181125 868233068 1067508750 1027709131 534961147 250767609 203500586 720298765 652983451 990027333 253594701 142850126 37418793 154691522 533984799 916763377 453492110 917917411 288972265 127986333 735791766 891120291 288484121 795007166 55286385 72879103 393132226 367611139 19182387 358447735 1024665113 792359390 390233429 369148049 411285241 671277319 1033710641 907839574 50365536 710068217 927610505 783157203
100
975903860 1014226688 330366362 401126767 768401657 461982879 30326078 471206215 301758801 707343186 154291162 809061127 514526983 747179113 252939403 747226336 1018693097 811261720 1070300401 576440616 29130891 913545463 327385523 285479642 856880323 749991554 399622904 580302357 361549870 670432153 685021422 442736793 193473706 67173378 77531206 961718861 123180250 231093218 738741942 1048655291 606984358 577237064 338722678 348348562 201322936 1003308962 72101828 803914787 755955711 969171526 461976416 385140197 638330416 351621867 589195536 444758002 1007218240 254246701 14194461 20711815 564469227 580622348 381048788 100779912 321721137 679223917 476386823 504147193 261750995 749113240 129046922 526418822 44450522 726590904 691708854 171021308 141017873 54523998 989993960 706733774 253914502 1035612415 1050496003 1047139473 4502797 724756337 824683754 444180096 96479165 980830834 188728071 980092664 892343152 502126625 1000573639 426967549 645937735 151873155 188609820 843306420
100
237550591 565670905 869520103 238760495 724809698 836474586 522685828 294978898 573508317 761640761 889298206 152760509 272859010 439578 345632107 616415074 349033162 968213376 784244420 915946362 1071455378 10372341 989886120 781079294 770033688 456964102 785178681 670845998 749411459 595375045 278363325 359139854 60904793 1005188166 594887710 577134820 4868871 809924386 298530155 942045884 894348125 51881975 804427605 760564708 827703823 167550181 703908018 239802224 282972469 585065234 834707710 380961719 882309579 1012095784 226189525 707575508 335721522 598910418 936325754 359674662 442095789 197959746 509164116 640371664 972765157 121073838 748238699 864405817 686080870 26649294 1006941167 99034510 116999712 459854944 874497458 681740603 85241062 741241253 532504233 343723894 36757234 385581537 1053371758 238983860 974988895 231113694 641535425 147093810 260712622 403069545 304351490 373234029 829189954 829507796 667739833 949325482 435650532 502202227 143543567 756786543
100
537901087 1069445458 604915720 1064273765 395993782 146823285 814215939 202519624 772006296 608741261 568277428 797653058 518084140 909902933 597777074 107423374 447184217 801703339 899343448 768078284 977869837 463451153 161507653 29619329 981892026 1013488173 420037852 678267284 1040185044 266167625 269381573 341202 626890068 858068435 25125994 353917804 622704952 391495646 830411643 462326900 551344896 792583072 708503658 65493347 1009276467 30877170 969793008 740998806 19809752 386207955 750887558 441326540 903639294 109102053 350211309 605011114 943736628 185904367 809836711 646639927 54127889 512335961 283697787 906409568 215242925 216500659 956972277 1019276917 131366438 535538734 1026929891 364390826 844205085 1037464353 550809049 246808215 57161782 418566789 242810542 589034169 979049371 393820026 22451709 791999215 162668410 766511296 832384677 302865405 422246786 1047246655 430183498 840143628 562870378 944791167 907671505 520302120 900751467 276231472 933942248 433892545
100
760745380 953016699 569098283 1047683885 253634128 783129664 69084190 913896054 79792719 945542957 271386422 1010203875 126861791 600039676 89850739 848047555 687903457 1007466670 1053337275 460005605 419074397 962417157 631343955 524840736 753483772 909437448 899940458 626412236 977715340 583625603 784679567 169094215 159061120 186508164 619988021 570953330 540208493 683869663 1027409462 515029810 613420431 628343211 231637069 470886383 617953346 671081923 77928858 356311575 560968328 20370758 786149666 1056803740 293622666 314854424 954545741 257779570 1011229967 372323167 103862630 160626194 739021830 1048217094 217750559 1037148666 830419202 183518525 961210890 215186475 679805113 105807095 946217249 657328298 839212165 423778410 875504191 818158335 540566243 198002323 876495268 686211769 627374070 221785776 279891828 938952679 791565828 512275651 551891001 194787232 986918392 128618006 382698845 987463805 419452895 331277746 90367409 61579034 169415531 759419110 660022761 332257944
100
386257862 425931038 922980638 90355569 722302377 561770826 888181843 709511682 1023075755 181913551 557618662 1022505834 964800297 347641329 549823495 635973901 553025095 809391447 787854827 901167863 119600237 264519822 1049446475 840709205 381914310 411732870 695536101 331852794 864784576 497986579 57186298 163392731 962272398 699675245 193743566 432250515 69153705 35664304 692064812 1065235936 530834763 1055471709 415326688 1041462564 991461618 96327895 745418298 847494373 3529443 929284583 263911569 387017805 976789669 598828857 154004414 308056490 220315010 652491229 284231837 521415407 435080969 693465287 835543696 324990514 280799630 416244046 312568827 291361324 503704745 419784625 916738761 879341244 342861747 384851853 990407909 552537444 819334732 554806376 416199874 923341258 445332696 618582570 970806740 171844153 234491133 936877470 11225365 721426461 874445350 554228982 974324097 13762699 92870147 771598404 287189146 775253174 1003818247 1013004802 81554148 968970875
100
131291019 278353002 33848534 1053937443 967920031 787823928 336956523 833094006 785736931 551372254 384993278 479680100 630137439 690906100 538049787 353498037 206948350 1050377872 801615855 653067507 938975505 222206673 106880268 850014189 508020429 28645464 1024198825 181082424 277641416 1071054282 270032832 23132329 389023104 391861583 300460143 189414876 1047937748 16488726 281133688 449856688 439916169 786968527 325892032 395778505 82480838 60815663 857496787 638668557 610863768 310176368 53903710 82436135 223736431 629652174 702722228 588654344 872579231 610574347 109085259 897704032 942283232 543890155 90667580 1065828393 1056945615 976933817 177371590 900011549 1028642667 224364225 790151115 505741883 163124632 248905939 664172881 396605766 222114719 327429063 199680514 967661894 783075756 66464499 584185004 400543237 598703439 452102071 110078914 205866386 678087164 750218737 826462682 299414722 1024022923 485685385 47014445 610692010 782560440 432573927 463501595 255506982
100
712330359 980014244 273720406 929232466 543524652 616621295 972203803 669609259 30233083 87387335 150965406 760916346 353771099 325169689 977621194 246820337 213084108 216153719 94639565 745264931 858812492 5582744 166406299 271561735 529075427 767760341 547493227 356544124 706707993 169045678 87018552 786580415 316764283 91132227 923915585 152079606 158191898 246371036 51746185 1034409897 273547787 809901410 734372695 512396867 76800744 221225443 1031613112 595734677 728695117 920721682 919822840 551492692 126539100 256644036 307301933 169403798 541593145 744217460 715265964 703676249 354610831 1015964351 649408145 668693501 265861386 1049282025 393969468 682257860 673066203 936860503 893023951 382160729 335090231 957436947 916559793 611490886 269407960 675802188 269901325 684847484 58342010 1012739026 99103828 248270287 49941343 244201118 543061943 720824952 1066070732 696593736 1020431534 873767825 482234762 127311247 726139763 132771996 593505382 67928789 70569096 476540157
