30
100
771924513 671870487 308327992 440205470 383417208 1026625347 823475490 396886985 39394518 256077195 510316873 214483267 11934773 1051148841 131410833 281733183 126900738 126277611 590676624 620183237 349789084 904112562 621710609 36186161 820082138 641519860 891147411 618167218 617531266 841270331 20109256 315009740 436798419 962618788 562003222 979777495 509873404 828989793 1019303193 429489277 940793506 107863095 1039215903 242073664 196102238 573010433 945975722 299081458 366803005 505644075 175923442 562937658 558781758 5691447 712445281 198170902 826714584 571901500 197537813 608701524 264969841 181417826 924568417 663521047 236848103 421246055 36478284 925334616 222817803 234865693 262169104 633039459 330931746 797202921 584574620 1073328470 206617955 15471686 510847763 476412325 172582779 3083072 935318859 18672281 350651659 831581946 75445071 472035532 215676457 57439784 195366366 534893742 884837595 1032723605 755108585 317055235 85055391 12071327 117334040 117528931
100
338310838 1020302662 962363577 93577364 541429217 584718081 304508869 962783362 1051293752 571709707 400718746 405372157 962618475 380848348 797699104 824387652 737709369 158781469 805962387 345112589 983689210 641410862 615403522 955326464 1017864982 1036793761 397892561 353104955 150566028 873877180 588356151 952390604 206567532 925065211 315667137 496069434 847863645 1049499533 437982925 1057060605 890580248 508869842 948037648 180899329 307742442 724952291 855584529 522501160 180720182 167834890 823419307 497462468 30630641 109344069 599996815 262153505 169228837 973353671 425384640 952831737 892097646 476131960 106121749 1005441790 961120384 375223152 414266298 612942675 528545183 245727616 548143535 1071011347 925237797 915003305 915423815 782774217 1004448255 244454050 186146475 15400438 893459761 911471446 1018536277 987439503 404139598 506999140 562269333 456403324 446566656 488054174 853508367 417668379 1046931590 1054282890 752792635 370382522 195077681 477544676 18642660 897035808
100
825044506 832228266 375042821 341051039 730442446 95374720 985839509 975684842 750615384 272000558 43313905 839224680 58285122 730256592 901301165 1018876239 856216778 618628181 243661395 959682281 43342179 239710721 352801759 516458515 599473716 321479659 584858690 349196479 987396503 955658112 381890784 781077874 919418523 718688254 370604817 467175878 820918147 202771706 969456291 269422313 26806341 313880794 731955286 977175069 277741836 411455324 131086431 713560886 736368823 647273486 236823782 707312415 460490583 1003688147 221653128 481938005 970733749 893789284 971874517 981780330 396824265 187125964 326602963 352624003 269022276 196782571 216193913 535698139 39108359 433112053 862080565 710524734 372302506 976153072 808188775 216586895 201454326 676832313 335111395 318765890 506656363 7180032 292714099 242265314 591759547 153780423 722292819 372016780 869518669 237306087 539812275 702253426 317600187 131993098 344478521 359649114 981401684 72430770 69550460 957384989
100
536933809 359581578 183913768 1039954886 616135855 36919651 34780670 416842560 277063336 529755771 429740211 454666023 478304363 69925948 115334003 361266894 414459164 721404034 198956025 625411388 382944434 956193821 178476568 200594348 734911098 974142802 511658550 774452235 76581778 34888282 154985420 523043709 673015151 491043810 876376039 337536217 103355479 584243082 505115562 870859560 515402216 197442150 252975818 1018668074 611857295 660407168 392951312 584633041 952721682 630697555 747375067 539371971 96172807 931507538 849095835 645080540 124741978 881939551 565949783 178038954 194808267 183866196 1060207144 153715439 187831917 15859838 338501308 950312739 122608681 864400156 619950804 421200880 606521 247131620 747741382 862430900 817994669 852334975 174844923 641142274 989386729 414617353 541769586 300729377 233140005 266711698 414665788 265591179 641773036 506781087 784791550 71939952 923159198 576559529 430824306 649953841 689982446 410757788 800231654 231230437
100
124152154 761090747 682481367 137281499 753593910 251423207 318744581 937315332 909183866 332917876 440871331 189164770 819271649 330222590 551656854 506866764 679512349 139932729 74964986 906287983 336289362 245119337 297531805 302786889 208689817 716363497 441877121 534677807 119410558 232799653 892195934 276031816 879671171 875262623 208735517 952547599 844161179 842284397 537977182 1033584596 980084399 881419961 244334323 124470076 306396701 51922624 156680035 548404669 188190259 344957908 351201896 772039971 256678840 516939994 416958577 618250510 253821796 448953293 233129249 45650289 613205092 590535737 220520910 206030101 616012503 797077952 487077891 143933460 732965459 743580313 489147390 38974046 583923808 494602764 482127666 370523703 577255163 99649271 988377798 967995063 380329749 191208012 725543445 911015497 1050123026 751801744 472300844 63434028 863109451 740301150 136170320 294610933 640851596 1020290018 770202997 234552843 666456214 571993951 120203463 717203498
100
686317738 403448101 841752289 240930252 319341996 500833185 1042907412 285374398 434775011 901923073 121260666 796645634 688871137 270553153 250714655 523411871 287456972 671002895 513591524 112525709 1041252061 28792398 806965242 141669176 734530529 652112020 470876011 59463169 779274939 820048043 370574481 147626173 608337632 922802707 341590173 956773428 271567065 530146687 1040150289 560444835 776008900 668267348 539073606 831002939 187979988 809422381 927624167 374027423 178783181 1071299929 265006964 466284906 270056329 984377179 488754369 937645991 810699637 1004045417 764048500 103049303 707470100 516546798 206284938 221562863 648365179 100937737 979702482 485439703 701399763 428781068 581282672 868541932 788140251 169906941 325037916 556694782 606953316 561599768 355788513 171317587 433736659 193903435 733297694 207879714 88120994 259702712 701079944 983048473 621861342 575881783 153438310 379225304 824858538 425036497 557262676 963404660 1066318012 68131910 794153153 329525493
100
577853064 522164592 241057239 270782311 1039100222 659099387 478978445 776235473 673322562 475250251 1001346297 470531614 76137507 266816033 977245430 659568488 241393828 818336145 425190607 709799517 1052152635 614246018 107145412 954927038 302497683 35017775 953880716 16130785 811063306 655029672 929370574 450041904 626786356 598072402 651113127 420857768 706150230 416253539 213869607 519354203 1010729707 894362983 521809107 648561134 588656931 844952766 275538725 705762588 212503391 228892699 149010439 289407025 563454134 65600006 579998044 599331471 146247796 1019986523 254784632 982256172 395107477 762199241 73416866 446435858 386698318 887510869 726301081 800116959 406331013 448930004 388162060 439011138 247942228 622038900 901850657 578092676 194616202 817796915 76043759 781059836 1003995433 335777894 321646595 121783962 82760681 411037236 85703647 334600029 818892468 119489817 295728246 888813021 555344680 364290404 972243634 237174722 723786776 54799800 198838255 597623370
100
353184143 244480125 629430471 250110908 873738162 655754785 651189023 1003805848 530697410 402692756 106110027 1056293699 114910643 10756611 18626776 158062099 546598475 638772621 1061352809 378309523 100528040 539669960 757312818 476407042 698900151 1005249853 476876927 157749458 35111614 60756711 965980971 1046633769 603597779 615040184 462449449 792787555 361265506 435278357 351403775 941886862 432631978 424779349 917349446 1070764780 263267137 24060741 641584683 866226293 106341772 753519527 32295921 71309394 347739464 517152174 258258797 236002147 416608260 868431235 434025353 50138042 1055832484 571609028 915110593 1055215390 393212640 452961280 521092521 723747209 246243266 232050492 858444133 952010666 258317868 625413745 1005334063 71266660 904596560 380176651 1006648788 693120077 1060372278 28437355 838859319 663619120 206260537 786796902 852679629 1027211148 668668042 837255365 729847840 129035794 952890796 339915715 722219085 215314218 842172918 879768466 238178181 198552175
100
874939094 136640911 385279022 357806215 675010600 211716420 55631852 368878624 1000679572 283508498 782439133 722937481 509346331 849256314 917349997 177102524 674575922 343728531 12077755 531020681 250762305 708488580 456186137 929536533 773321766 1046801165 378259086 690175062 642961583 903634943 768632404 580325272 158708259 908320447 981138522 878592762 526002362 483771591 983474114 414232050 254678816 668649765 594603364 866649797 536349942 121379579 363432522 965044496 308048209 313184253 207582770 1018244162 216890681 102146806 172895759 577702431 865076779 971899459 481074824 578852158 163518616 81882710 100656760 53477260 783835748 373565492 110356844 947728584 433810792 560214008 58962472 711404804 1019587056 594776910 8103203 730581802 401951037 652020728 1000309510 379042677 503113732 673050189 1044265776 507567604 949094637 696215477 540905013 415557898 570449685 340331822 258441306 891707377 214689932 1061599690 654547995 362928434 42719448 331070767 124126374 1414446
100
320690709 677271645 844457112 635762242 825136332 347104088 765779705 492975150 257380787 402694625 970058027 503283593 659604418 736006902 900303839 176702619 478227201 467065546 130095639 961917985 1017176847 733427012 667789228 600792523 830652828 107886718 100913097 980720319 119129327 523298631 188337006 934856725 840307296 969937826 163960814 188502360 884163807 40341829 1012067697 506235659 412224364 936458267 489014643 13917474 901191580 797292226 898380099 145210757 671702043 617952526 40943749 89389713 636066596 413255300 810334128 983487894 599606539 33926368 1039292049 1008627034 294037171 865036943 183070407 521402516 149186584 603825462 861424196 905138290 856840903 1017436201 548594130 811682579 130390113 719902452 598369164 162719246 117305628 896802774 18286944 657932522 958835265 18284097 416694164 651585444 304123055 75005276 852958014 634318124 219104087 620964481 198123723 916215271 939788734 448243647 810637945 340808238 803187326 63901272 306298588 552126670
100
72819012 165603165 594325895 582719444 691163053 551294646 165265293 407607169 153454449 457543543 707582986 71894197 165533604 791231109 487551130 495734511 35119883 20815253 334725581 113441728 760423073 167846325 1000905128 1051514189 146470934 1007397316 330531364 274753744 1009750091 562854133 569561006 523293975 630756823 741239120 291126182 51308804 938193797 534540849 432983776 729780747 579921620 371228359 107863077 679582391 554607221 353801366 248040115 167557413 640139473 439241206 1054847161 1066659207 282412673 104107153 417643996 66400418 1019606228 224376809 856847797 671117904 189639756 727186384 320780881 56616959 888053537 544609005 806659759 694922033 249975740 716327230 312424774 41068538 862484285 33411729 51302012 314760069 644972534 486568201 329476912 168485519 609951726 678718367 484824881 787404778 43812704 681235615 823756740 468353788 778073913 830611495 588339746 198891069 534455197 1641131 1005657591 633912765 210364002 55037812 581300197 282017179
100
294235932 119497727 439804047 878293486 482395667 445874254 555775585 754045287 859714333 1029146448 207168111 749750691 37260754 303534707 137476651 942610046 455781661 360119455 728986523 984455301 852803006 811834537 734782424 776796029 769239240 983945185 994725263 159798490 338872867 175592581 29900675 289721929 838072075 1026225227 643269385 843927590 18470031 472841947 101669514 803092486 895254035 552899667 114495492 145803055 675314638 562413505 770429834 784753947 819988813 517235116 59763135 296464889 673623022 84667020 363932255 102459692 930683238 762307917 497864375 153818058 352546364 412176849 632721448 946572062 1042789451 652529515 202970792 463948582 365345092 218339172 732280640 136877333 157103401 539051897 32342671 951149010 86982868 511736923 622699333 814687352 217848942 116407342 1016663209 594828500 66340344 698102026 950630676 654440938 200007621 465154941 920762484 640322673 688088830 517711112 436948682 702105938 71350813 469179037 498688684 226941996
100
157472552 383450052 564529619 888634273 844862979 602313038 286401229 751118370 500639103 142141598 434718164 172317120 28332386 293684120 226259542 598157083 108371300 676650806 373254904 1031520038 526700465 742638086 904030223 876191657 559762282 59300521 150968869 897588160 315833124 363818582 554073210 47526490 638421863 180868948 810481537 886551739 775468336 1006998403 394154846 455064826 655906927 1000383188 514325103 575108228 375498378 991180236 131337152 517352087 621321432 538225670 869645717 956807880 235540263 165077678 94080996 984236925 662471223 562221830 191057624 764161140 435279421 300646628 947643727 238320954 292798817 736508210 629079901 333415349 312810048 232464493 539786439 872008347 634516074 510202151 257012617 345202680 955810021 188140166 308707921 377842604 823450792 105606850 264909569 1027872235 574195489 763908522 399125809 1066843579 222217904 555620128 500988074 967868281 286445865 253174168 213389292 241371988 888456790 592531613 624231081 40225745
100
478220109 723413064 32201797 449908912 1553112 509616739 234835806 592471475 136784132 574254921 73811355 971590163 798815916 1063603324 301618127 616205534 846104124 558737716 616413602 344512020 814794295 165046491 538830864 578638121 601167794 977745296 723572712 371140487 33918166 995304100 762753102 303155978 903509857 23142175 900316473 224530562 312690470 629159996 266778102 778836532 129808520 246524904 169300899 866390618 573461251 846383943 1061762997 365671838 470366116 112241967 161161842 912174499 308428684 445624492 657095032 1010809724 1006725744 246468474 867900980 938521139 606117148 283033742 370381932 132071748 1037283307 307030670 625440950 1016106783 502517073 718415444 392840958 733324201 178790482 1053380975 6582532 947036859 417714952 142717089 82101467 375576226 25255200 426320482 715662188 874744477 816521821 39461211 479299313 158315875 334586132 364353261 239884666 1008104346 337735855 557874600 678632299 777409121 966938666 281367508 192174588 275212743
100
640245227 78640568 1044268881 397625248 374978844 109492478 164735096 111871481 639909322 290864771 292357416 954805746 353907211 10168270 685369923 810896876 1071303722 481534907 728376348 867402461 647595302 654066937 70039805 774387407 797195057 323037324 416789409 453324639 276374577 113077323 187743674 532278335 105680962 35845475 872319596 385963444 592870449 291800786 298651856 430357272 170914819 960243693 621713010 41689433 483018092 531094234 442730964 73130360 55181913 433496855 856894697 709859084 827315047 524278769 318705562 53894844 999889513 517922574 983259717 193225928 589456613 416086756 984999993 552977281 909487768 733198655 521548347 760132045 185496558 986805695 608176387 1048773028 587043978 780813399 199434176 870248085 943130052 381626320 180446864 17513538 330519846 593860676 437662985 151430367 198114030 1025071523 768099507 1013880759 932281488 77767217 804289420 934365095 902192945 631935238 696223362 386075041 575793709 907539597 789332988 389088043
100
281960709 1375826 598419677 598286497 935958275 104691280 593464551 285301844 248461806 156482999 792788360 875926995 758175362 1009115580 512947096 1061598462 441989454 1030907272 1045745919 1021510374 102241590 125668534 442920763 771071060 855308785 269841879 943717855 1036104769 369793675 168756465 72823054 70493788 617178085 277192188 1015791620 424794503 660103984 57126756 322253710 804745818 704871542 68816010 531367052 155375007 380498193 272373827 845679222 358742740 333002290 802602839 202258900 27692716 71310171 192955139 134722245 118220174 658522341 104780664 75243385 127450645 663477883 640940633 852058807 742839182 450746781 777704769 80909912 5914749 313142302 182657083 482367946 978497816 587504295 418582600 1041002637 1038116298 842513202 567934429 1072869561 629605810 952519567 419290978 715211127 232276257 382785506 185439156 969025923 795886624 152678691 876739747 943205809 270399719 354497437 582478197 170458981 920722023 957635951 556585313 61782809 430446274
100
631791125 466269915 787988941 741900225 652002865 611557580 686217109 206456868 172488650 836300194 571952855 970372262 341807848 70620967 815233926 594914826 592557064 416033463 634716488 1048827370 69504666 1072048070 1040946682 1058360623 557766532 921742936 618239016 916638362 547553181 252738951 1071930773 223281471 124206643 432488961 599166393 251811588 523529094 780416136 843185214 852945703 701868874 490342512 632262531 412019893 639821609 190065188 895934233 890192148 147855679 161828257 376940104 202930810 317417116 724126968 332334731 582491763 521406918 95704785 501389840 187448415 364121396 250178787 1018910265 137581553 935777748 957493885 42614301 184716209 385252741 212994816 942728455 1012676475 555351454 1022265443 6799606 377532158 475933029 505883054 426528028 317944894 279148697 928409983 945880160 340699667 567976425 538320008 885586908 27187880 241829243 1046552590 499762527 1040256508 468051814 7100524 505184747 75313252 1000700472 540082062 114900024 894880007
100
394412919 881189680 256770145 171119621 751318203 85138545 613086913 811001565 700056837 11593422 405629642 968738647 514954643 715459790 381333494 129342914 242374069 713910059 149157134 798658531 1065185617 565702485 895408819 42842995 961367906 192586221 600463833 1046003871 621961332 984953162 400161350 843586694 583744810 568756215 692148504 839275455 617747641 377494323 303693628 667020496 221866858 727780719 180193272 908606136 429009179 295903444 793646945 570357606 586479551 706967995 946282726 711372351 426308057 359739698 95452611 235927196 721527045 453752702 374199183 988642889 944655472 874186387 275008175 221045768 284464987 554411166 640718048 293626380 881880988 884504188 1013400497 906184830 1026771996 722231872 853110534 876824572 706526042 876986801 362261399 104369173 981877222 423994569 168644974 657892814 698124519 9757751 13505133 958416416 637525142 654902238 303030470 627558519 275118785 305325396 806036865 950439220 641151305 503401060 129713913 114631724
100
172042124 1035566943 493766440 651613787 400934528 841745206 671523939 100606861 423803045 469989333 857962767 360690539 329357719 419477992 676985808 904551866 870162851 87880687 906073919 486527316 586090573 170788030 335737960 352576167 982529740 442578428 1049482572 467479092 895928969 1013334692 247447392 840561425 962226084 480554374 277181965 322206056 100883311 454387655 339821870 565213430 609947376 790284124 33561493 183241612 806898019 149998996 591885701 129882002 912343734 225426827 801511225 674926207 817726988 639304376 678532956 171686754 376546363 615933792 869972367 864149852 430880334 651926304 1036163303 160164388 692039683 994707815 322609773 176022657 983466573 132841465 333012892 1001460435 865799635 348398957 399380709 1002916235 100525423 760364976 433920046 123444655 852549809 1057376896 193934159 145384279 909606490 954129906 958236308 1003125810 268506849 894952685 165967678 173143554 945741553 623551405 963073538 41941275 325564905 110628417 472832392 927336168
100
842493708 588015853 667584615 1016741517 730029383 378287681 104770728 844750587 815727486 866134282 388077393 616092883 973977103 701339840 726327069 841167479 945215918 979883855 676748376 261339135 584063460 530680728 743130981 525358516 403173259 830397423 446211896 281312918 629831508 905078942 163647453 23284439 167417921 682563169 441430255 700148318 700021291 242788585 955298849 489088837 999705661 385690969 784788409 96516188 675306359 662779084 744018192 294265764 880113964 669572813 749654803 954855636 321302916 317174748 662500549 569338838 705516027 425807856 175225787 654522187 678051808 541383920 453275294 854585091 216637143 1064131897 861709229 929864327 484755287 793822747 103620408 1049816975 477924653 42461788 916193830 988505228 205903351 528037043 445794416 83432223 243433386 766521934 789354403 678390432 455120653 296480077 524770658 1048294040 385474108 556668740 14695906 365714759 940417829 827655101 273076845 339749407 498001422 1057649332 169261024 291969094
100
965815065 926215468 608119064 777746831 641426769 583696856 30864035 284360914 731121078 980849789 364905002 811266154 293906194 173121865 813371043 494925248 725775656 530325629 55049017 854714254 789305131 506623215 604219850 85466212 922806853 1042295433 1056808297 455741734 94424082 938247368 804220125 119955340 800437538 528112957 914359585 4326561 1018815354 244666896 503102434 411694917 637490451 159794296 993145348 61935275 472142426 961095492 378471966 709114075 564054191 809377109 872044281 834601265 409498854 795863073 755504660 926574300 404086217 197764658 1031088675 934282080 14818963 601219493 890593676 101417237 125403510 266399404 1033712872 1015308709 613214743 395876876 99703176 200938642 712511501 25372576 803611630 692870573 42240357 31957204 278444623 501877664 982754593 671183658 785127192 772800102 456725940 697917113 770956134 477265357 898657159 375239849 1071051148 273342459 928472952 227796408 166985617 134447078 454487382 167600312 655468975 268174299
100
956940558 279225558 706737144 394945505 464538933 116758822 810131633 252830067 545965369 36754552 11229518 286459838 753981 298437846 817427052 389684949 619241461 316437247 407608440 198992065 337118508 292967652 66718263 295748608 418441280 1005686830 48162625 445093377 861254305 181114037 289906305 760931753 653749845 581023498 386232503 265403857 336725111 20812526 224058102 183513029 859409331 970669529 633294118 644754886 655550156 538134900 938684547 120534409 403813143 68326943 320749084 336906935 932546301 235533676 183641429 599114091 419463293 436182178 1057718885 1019500727 144778151 812410683 671818969 573383967 696879394 458156390 723625487 993577755 749591719 580801157 302469052 658147738 618933123 776413104 177885799 865440890 345998105 656121393 1050495979 975388433 327180126 862076422 693116409 625211047 320104795 384545891 232592531 908397817 459244975 299560493 383016082 822432440 285750027 344511103 875547170 42107400 943798452 36558121 43577153 137984257
100
121329964 602636867 641942578 413408232 999220031 908989521 978909465 474641763 602479693 58398693 212361388 1016769546 693281781 445921103 363033043 1001659271 140030729 1025112883 257203179 863244055 223055375 899793161 268558660 291807243 770230211 891552156 455655844 356049994 874206099 209512332 756872387 942697678 951805986 871970252 80999629 352064547 544747973 405372452 380066019 16653547 676680969 276146096 571998106 150970460 308691243 959104351 467405178 750079168 783372958 670907508 1019323264 95253492 258262409 389626633 221290908 1065445865 851933254 823885447 877979956 677655335 277839333 437021232 691776415 711492421 59277479 901213590 594374827 790104946 1001649283 674806560 265220376 137763055 5052836 31149708 500351259 969376659 207277800 421610343 809880284 716827718 1001993315 336624535 473995512 314854278 298130906 117282258 671576319 895143909 504583497 474952740 719535607 449842312 652062045 770937453 104680151 33388458 202367995 377646305 797429005 906836247
100
88422022 700268281 222251185 386956126 228564921 478186096 381934831 862537325 1066560681 774374201 654649689 1003960727 340958171 624767379 49966349 567697474 523164836 490433710 610160957 883822602 4019634 160908589 836933551 594836285 193706884 425246634 263919931 604115806 885765869 215113522 505025617 520010659 347446165 910098373 343395185 477285239 177958520 760250583 700412848 797303032 300301413 888750034 582710073 190153594 544718976 838492818 828043210 1041077762 136993472 402715111 145403187 179083723 585717361 576439319 714816475 1025360069 102465716 76822361 1039038267 529715217 391778042 1047772250 736515168 726127238 565040525 641740988 512688237 706386735 936168968 188287378 968773399 27269067 85061081 161435110 304249127 195130188 740904134 148005172 922364668 858458200 933927781 592158188 474997510 144122827 773581218 662880243 349347916 574527283 269925693 939859746 329638119 716774227 612989001 273267142 532869253 819430048 1011814319 453775134 1002800871 683785159
100
372754913 104707683 283288613 215481415 934230709 1071721058 411806285 1044767725 628531897 909489635 964313222 805792211 453922300 177156598 816389963 379781764 84246019 779791426 639064009 173968479 856695879 938534273 510604900 428553753 2714805 552214526 79099186 418886969 931993644 523058718 896876158 318950555 210872066 41169108 938704711 185082606 850219904 809481770 1032325566 136407350 36691041 636774335 303171532 1064685898 494608215 588978500 605109641 59888727 969180038 1054770942 771988422 327240027 94974983 891311175 368222852 27642795 656353895 683629069 190485371 797143405 831326501 837371218 114652308 150852127 68339255 277972394 305390191 1052728590 927802758 73894848 720220894 1019543520 555615085 484857809 605316968 1061690635 1011052350 223828015 674328519 897634907 818386365 836933567 515521642 385519472 294878115 1007041660 67379444 762641469 581863452 772756978 904005307 445329291 586473289 644742083 307621706 228275572 592350399 1023327270 151013087 866641384
100
497244771 725026542 674171691 360205596 482663768 435071132 321771605 769121008 999878135 736028484 768454608 444447206 860128709 160256758 477313502 195127385 657845597 136819443 707382033 1041390356 273681131 1062746162 916789969 453826521 197198002 830308319 357779930 450863067 966663046 552625622 825833659 95185475 10424659 406955820 110308951 214773422 496144276 1050236071 678678120 1051213741 510007772 211948865 366698487 100480323 165361745 430586025 385967077 1022666603 1044641323 65313217 952793958 461158544 48279610 703811873 27565697 800878611 549008222 119945107 675521169 514319561 420162316 118962325 704123079 570374010 950525904 277771482 463096997 407002467 417023429 450376905 893651588 40090293 397826847 469150460 642913807 977505556 852940449 22644419 879257798 71181848 956704295 805656223 91394172 492238287 944356638 1012185799 970614234 248145209 658420487 616392614 695145178 521175243 165327352 507705434 716597580 798651117 988558618 746688823 161646932 903138940
100
310006338 937809898 87599432 775057662 613128631 241124696 259360407 1023461367 658445956 744022976 385749409 47418512 836217547 512937364 260155409 226289879 1053367908 1028938780 253539466 931847917 797155672 503164404 38394144 299546504 205332071 164855178 199092699 163299442 866278787 687818660 429438776 809196296 26867283 905822681 1024764071 7625403 797119153 452305171 136259342 603698067 328859948 263237651 46389060 1036286119 812423047 741422573 278176919 890579622 948462904 689810567 33069895 325604945 97301994 880592671 495686408 156402430 118121467 377211074 618178948 398946583 299596543 523840214 922324183 744007833 433891899 1003328401 988059153 944199574 162694955 504175743 712225720 730038451 495230972 398125312 778970179 99776938 702045714 657001671 991887520 580303305 754301060 947831388 71472814 963836018 608155291 203354523 777294788 373463961 573227607 132711987 445185833 727807561 213568234 911087144 167380121 964482847 1068709690 460609618 466915014 1038608077
100
367192796 428716501 984438425 406096947 896526789 459990493 884498139 141721517 275436898 250024300 900664706 417300871 607996122 264135681 945284240 186053803 1006370985 329973907 665110682 467235513 748826910 538736648 29179721 951152260 871443676 544478143 27393499 664381073 741235549 982511623 725862306 286222235 339312490 783214245 925342852 3841809 548752804 653740370 603076473 940948886 675042047 438987835 628415761 801073537 31206209 206504064 34961899 593494363 441517960 123485877 816582975 709684835 431719617 489677155 841972565 777242381 818598449 593031048 868971532 861356414 160770032 545347347 1060763988 430437906 630754665 310400873 544864692 683864535 664661980 190823395 826102469 996153615 628656349 584967757 732438452 419060146 584815826 557230441 1060853700 607890921 62937464 389870442 604290250 150400660 437681246 252659834 292428207 1067021766 800631144 535891252 256233714 255758659 316639565 923967786 282770211 852411657 948766746 374491488 725964137 685039044
100
557837007 20463613 15913816 751811132 267228387 804392109 757103451 871952587 106355710 573201754 941493143 579963321 510198771 789860986 96758925 497144628 703986315 349194647 756898797 890082752 287056387 786885581 258826016 706841268 955050892 44534864 177833406 82387644 224149962 478402276 143850520 184982616 549634902 46321251 951217583 134703708 310168892 858069819 858601402 477031022 359683453 978627053 571370405 905014156 1048810894 892967311 241017228 681149571 978224344 898529867 459119300 500284025 680600374 340646878 218936403 864843619 590910330 903031834 844179827 855920783 637339112 617145700 779822611 1003396380 585265848 842927414 688302422 490364029 254157976 981271198 499595281 490040571 459477801 125672638 585588561 422711856 418844030 185375050 1030096595 46582668 99792032 335698701 133927819 922909395 404637196 857929828 59824670 347003548 652031538 1031903681 598860135 50021588 49978104 998320169 212235510 256493881 581461558 483150775 68847500 639144928
100
987675159 142632352 809608112 695095871 217699595 513193949 185258213 137695488 832477418 666654114 650126221 762025763 451336988 1056696192 349338126 451477445 1012390047 771316160 867467166 432124150 302519429 103489243 871363274 348276284 976389748 235487743 657275888 1047350031 596711716 1025264017 656888772 33932635 68712677 890628517 667285967 644911105 619655702 22906504 886586091 418809173 297410479 700090167 824788936 221346209 580397496 268859365 703175531 1051592097 694637519 605092985 916877738 671883526 70065063 874484493 726240689 849906931 935077763 62072432 383471743 957943427 1055999167 494760101 654385002 906328385 740406856 145763682 225581719 539462062 328520478 621812882 836510595 58429374 925037785 880137428 267596669 518777179 341030433 61236729 514130473 755059937 127238453 934136713 44760062 90301344 812150373 2436927 469010633 875115614 597062296 302971785 849584680 996335058 30596551 439533065 630569488 842146090 979052928 153278998 28504392 477117574
