30
100
552474958 769860961 128537950 744267684 813085616 826727698 517447062 878487509 850668428 895911778 332660745 584590045 600017526 922150332 43775614 112446122 230968200 731672749 1009156225 568712842 834373598 383096935 821925857 284421042 335557402 213685570 350336304 1009853883 239232993 268617781 749298758 876564255 964674651 46639969 734980286 160707009 980866743 875385479 56488568 621127522 996907429 785152908 137585173 631124525 642711770 241839868 583081342 238822700 43750799 227602565 247985246 465394896 846799619 770670455 230266019 851019629 720990965 413083467 313822977 839712187 729815594 364093465 457993071 498477910 682054893 79068960 479186343 63407935 389280649 300955458 671001002 862985306 65689297 1050716549 811763770 475832814 760642714 881411475 582671199 854795304 618208315 124435003 464478947 69942424 344707859 962082286 507158742 973396657 667836675 285357890 343825930 803183693 1016001776 324726131 267665047 473216552 866093379 1010182365 845964889 58027104
100
600234883 629943661 504371964 177680722 421276043 180282552 433966689 762598390 469764544 432712288 628779998 255049163 182023695 947605072 38365730 1020264016 192162826 840255161 807999936 900328326 802159976 427996300 605453746 724659826 442085507 225212416 558085075 455827357 791638232 162616594 979561828 891712404 844287883 770516992 925366152 1005664103 216683488 620898765 407000007 472063278 368352195 634799297 978444431 17471615 621743169 431388902 647500206 160582394 674370061 286412940 912767194 518996158 797241852 327247045 211115561 388644080 615197065 71627242 241838233 1037440571 757948242 146242580 870012553 361046859 165667736 442270627 1023952446 617592657 526958787 847399355 423693919 704491138 910646236 161981634 303539834 547687064 721397010 957867236 457023357 483368783 961206326 695126159 1043360829 528076521 124767550 485916919 922106354 813455019 421845189 286377619 1030576313 976431966 463289481 639892894 619721745 460547535 245639148 967404183 844094303 614612815
100
577861313 107420266 1023352371 936569420 187499684 29893087 1030926933 631351489 1002624138 340180942 645210513 42053317 1042020611 23144491 920470601 670140271 794450785 13192526 296415714 263618168 984305725 143706227 287202629 34508991 791165936 1018778171 497975646 285207751 511133467 908839721 531668384 820511540 907944735 290968614 717406848 548153170 297328294 989722366 306933238 1043185550 411486744 1072062177 782252031 367265274 352283687 981868771 983928605 918378701 425821764 399840380 435782869 363469537 812525863 316029960 133933616 376644660 230807883 882163015 675544123 566084199 763216751 479685086 828039303 174016834 389218582 336386005 851718569 643969838 71429384 875694616 128932795 710857145 1042253775 917874934 534677721 134843926 624094267 488229541 680975781 186169754 893178846 978734011 128697796 837021248 142289809 272480182 183980127 157220646 251312109 543605110 651271331 642939150 734579155 110906302 509171265 804500190 771162853 823525814 949961198 306081312
100
284917612 906418660 414320515 963973102 737413710 292420192 609498968 88376191 231004593 955096610 706437653 517559921 926936910 306555632 690125014 1039626683 235241407 256232979 306735575 690551320 1054468871 247818456 756883707 217613448 982664455 117214480 540940360 932010700 869887498 1045432720 629438569 1021038573 172997434 669157042 480692523 467379381 499593000 293384914 556806656 427195444 446579272 815693523 49236607 706764861 779828082 80439960 37649121 793531878 988420195 895738250 1002957958 36635148 161416762 161326872 27724398 25255372 1012886011 426595123 973705665 473266955 819165455 510844622 1035088456 525293808 381837762 473645156 452902641 559138916 91947972 795416689 341044814 33513625 862664873 865496568 722512663 423068544 287812713 402750204 174781603 476541521 795231712 727091463 802705267 901476871 95231823 522771878 14927272 82575329 632819417 65844970 412317576 93001187 634830599 109336552 952089597 587562835 314922821 145892666 905826581 382352700
100
100782461 654318723 155843310 568275220 385522129 445512733 314610300 568000114 212636252 427107932 620405052 905120888 250282695 68590303 461974603 327254662 533058239 762389224 739595527 1046398945 655623797 801858013 885398931 441195569 824265503 425686472 854211926 686342146 466654069 967452632 5768572 619949379 96846900 171945182 305485171 31186889 862482590 675804625 404332400 887172557 97625849 369397834 112983272 323465322 267832588 100800264 228545303 1063238688 245599397 64434798 862881660 342124884 135581717 680732928 419087451 1064479950 541511345 725483498 789433658 974848057 1061693779 135015289 1065509732 693082790 1059329752 724029343 106216041 967915785 926261408 103911539 1000144028 813463227 586542865 970650287 463855507 244954614 311928340 121392177 781273259 294754396 201413014 248005754 222101890 342361969 49865225 1023337778 626621563 278908188 395458784 658651810 182757693 99138602 439534870 91128888 964352308 490367179 750530472 655881479 70235151 844984595
100
1032848452 383859776 220550522 442425574 370429386 406250367 970776925 292785185 701039255 801025864 514270075 1064216533 996206925 802843992 567735928 1021463185 345304754 661583923 863967581 377561068 399328816 730303393 314365974 324175102 77470293 1029646637 897532915 1033745636 1073335636 226626725 265092135 140379457 725272963 16330909 365594188 324154040 392618459 162652908 973289181 1073266035 743326331 395536684 397846971 34297247 761786661 603239742 791464617 374036461 546168256 493103556 408055248 313612819 1023050452 99839654 371226684 324126537 858396177 712594830 59742300 529042637 276908232 897306219 689606278 54384223 1004247152 78900210 672204144 5626565 174272291 341702680 255654584 748533832 911496222 130521241 446478174 147284278 328100932 315491189 372463685 491165790 940870300 205407085 439477941 841022871 819957967 1028230282 486211804 117647929 94625707 377462935 633541192 153935266 7116706 251741090 13573230 621164978 674130251 383565951 882118439 963645263
100
835091781 490254638 589380322 612745151 60792783 37492899 245567705 1001368298 343720507 809677707 1069472291 881200519 371111791 525066317 91119799 197939296 17784719 869406262 564235277 601825123 869567624 932683254 74124707 952379939 451606153 1025628705 442899833 826373205 209404036 1059397552 375867029 811480660 788204722 862133885 248136576 351227294 908861708 918411722 1055845064 655441237 1043045331 780218555 1035414396 229752511 277035016 958723799 35133875 143319495 728670708 252288139 521145093 355581305 935779234 32597927 949207824 404402313 910537056 540556255 323268596 481636813 286473794 520876875 151140056 33632447 718241951 354895591 480776291 859833852 948567698 1037125396 529249603 513995719 811170426 841180181 462084778 907622022 444970874 81266323 1019018955 681551172 527781370 857978906 102368610 749986350 13733924 727374745 883418153 650976022 143818344 6682086 352411492 821844467 484756472 1061586488 927454806 186017119 337376076 36597419 500309961 84488472
100
183233727 992638603 121560703 622430321 615260634 338523627 925912348 857499652 190196673 593241664 411646744 659922399 486591779 716380514 897578433 1021045838 675587598 966301487 188914186 839296991 7142520 213113352 832300296 724319206 516494519 364862289 925996150 670875386 1050679817 698888180 905860914 485136246 260675342 193754335 904482237 1045639161 271351368 191548289 228399807 257539046 564576930 932505169 335577986 312871909 706707430 808920391 519217266 259617376 725988165 75973217 1043111331 969652231 129860564 560729632 460000075 811737165 280894217 28326920 725663299 806518248 459410754 1195811 607469706 262428501 191648318 599996031 68211138 335682385 931384737 2550187 91748273 816604513 153577333 149345598 171482818 346116683 14464164 195708752 686475905 942269595 358297471 419793919 1053218339 1010792735 985006138 108145132 550716667 276515691 1019630957 459419323 164373254 12716630 1045974164 734038935 744879456 1932411 484207248 443580843 600718029 41301177
100
1050549930 378240049 991909556 265025146 787597640 35581208 577137489 951291804 100195774 269065263 949568830 640190202 190143050 118961097 422835560 853747178 226925484 638601819 354996098 523812899 542976427 926302976 930381445 715463745 611029902 908770805 191899946 283667525 872832164 874813726 949200498 851170834 312801468 9732224 194626079 811502577 62249133 1050349253 288919864 41776398 1043826384 972193211 987747977 741828088 178836353 3008213 573536032 926935333 958534049 1030755240 605552337 157456236 94987031 503045743 953627827 149487753 823399754 4203144 574799777 866460572 218566057 356596981 101898939 44201898 971523619 662838492 236919266 851411995 500390319 583984135 884948543 280103226 736305350 562763621 935467708 892844217 727866852 912613255 145524873 880115242 246774282 596826404 892496793 566712198 302993727 854848917 790349602 797097386 172166922 751102809 252174881 544054485 71637754 1018934931 700480468 921427244 372053278 800434567 336531518 203782967
100
374770977 1028009126 1067921505 555796960 54219117 485544984 1044360059 827629491 228740640 207221730 890984761 686424872 1001067278 148760601 610319539 945269347 965724337 137891858 718231526 1011465999 226107561 1010725609 304292913 623069911 165008951 532509693 440310488 529576942 440581824 711300977 1063079301 155011464 696805968 368924333 1037110978 217964638 153965588 860423388 604744320 436371246 898867935 693814124 435629715 165747513 196966822 507283088 585024307 831218884 135976964 874916289 90837884 159490967 805505719 984716345 862799343 299148161 431729697 801041782 26182895 382251217 556741831 804970942 1024071493 53191903 968170454 54064789 872548509 1034945153 932022169 85192520 322855430 652157590 502435332 109461861 305984118 762605695 954271020 694982977 82290500 389265057 200991693 589590129 275543212 210533092 707080643 129542225 788123215 765225783 465799313 994988672 610381744 929225225 330507229 734224738 65352888 137841362 359105009 11634333 766165554 584388232
100
71767452 950058576 663613482 717389775 598210575 332323108 460714297 58650081 164147817 139978024 1033508410 233827404 66418785 732839863 445924149 638082573 326586737 1069336977 118368313 632159175 201936218 889614171 704986582 846783553 588236958 16663068 132239777 547667172 532922629 18489282 263398067 701850174 818166297 828500891 69373482 680601729 130003369 326981340 972016551 59943940 2597962 25311518 235420111 911487425 35660241 235239643 629881546 779524054 119370202 19956726 38641863 132503044 568444997 954030128 917383798 199036467 801966515 804985780 197988236 959196396 632332301 935150988 1031314755 107026909 1050238718 995579433 123790039 11958361 792819828 1028071391 526675466 619313109 622625059 460300134 554178464 291255404 70223105 226911322 510386148 991700828 187116491 1066764732 55499554 566241159 22932863 546586224 921972267 405699059 381966048 995614141 838539988 448229962 702373366 912234448 226237558 354624347 1010878091 624732729 687674480 764714903
100
748234859 621708961 593807765 523672372 404706368 413394414 324449422 703790130 667125364 393801922 1019712737 228385156 137537317 404102537 901529745 30943050 543635034 138811188 367935426 500900454 480699513 655247800 54160703 873690367 627751630 192708238 873670391 954266368 1056166923 400263477 785911420 454596249 613328066 958464940 120936834 423724221 281465837 983964408 485274214 180232611 168665959 645753764 698984613 139670854 966060145 586673724 1036235104 465510373 140547118 1043002321 638564319 575872643 1020316710 545862264 388185610 448831336 421958343 803267019 615189746 713860766 163905503 72410982 1035433286 64701044 137431332 822547307 555753438 948244479 907139756 182021375 1063349812 866701204 431210357 118263498 160787174 120260944 332372446 81335163 1063930422 919978384 479783980 344068674 674790026 789200249 341078278 386837332 93996268 557242225 972637178 569943147 942079370 344122276 681482742 711071043 20169783 358786176 314051023 463741982 112973033 319115065
100
625529409 13789241 634331206 1011031773 1019336821 37757926 777093090 146556846 124687239 539892562 947074700 762778261 566427848 385900547 314225031 193392473 10603149 750920227 367810395 749154983 976970928 1002791169 762244178 274026127 470038797 39332750 220727036 264870661 328459270 246509793 633509035 1093217 411009280 544694452 345075191 533153247 897648356 595680228 8387388 205176352 125678751 968324340 297986327 804264871 155028898 607223947 909831405 450077533 182838882 1039644145 817600868 982713102 76087513 621207446 94913256 937691626 190626051 544873356 865661991 330952965 292176226 217852936 184119958 1034630103 1070133115 451041253 601117417 50985148 733354071 865262368 624696734 611387764 521927939 773384029 235176819 365386660 760858384 352859232 851288556 721168724 358520083 571613333 824399823 972921200 40474406 1039032714 762489255 145487943 352402277 91833455 173487684 868974607 1039362675 254377629 811776824 439791967 493933554 775917068 641771868 1037253554
100
995142107 790088009 973829611 267334387 1007633100 550236128 634283724 567802706 510858181 672252611 894983549 732933345 497205840 1015450841 910563852 760055256 289476379 457056974 246711783 171419252 436180601 980998032 1047460963 74698103 412688608 225673427 1064182585 889398438 513114985 461605774 153703171 106634570 309923923 569450620 679251908 762141872 323065729 876697756 337973597 504412329 22214391 316834226 605445145 1071465482 892681056 1013740227 405399842 952986413 382095499 300347549 686513929 993402991 968966633 46670413 864246338 619190448 515705617 429725094 805488037 629938134 973404221 781079489 126927599 311184714 736925386 959612279 238887743 119324793 679556540 929114089 444166041 791989588 649786935 586633465 846889318 613134544 294611975 1019249614 235186930 350889319 528993817 116757844 962883565 23269270 666679040 637771962 1016450539 105200221 89748849 42798066 131863780 64496578 487124167 869702708 223104948 808835406 569247104 772971131 487341212 315876494
100
742131718 273143231 713901971 1009805766 292807385 220162470 121604467 603026564 168983097 873481149 810341062 34697222 148820788 362407123 160766505 41592317 421403927 622971806 146301118 449108031 577582581 1012387125 884211370 917938503 664157991 681377172 439156630 40002739 1037320647 707733531 385453871 868274117 909566771 52090896 532379046 267053539 924330384 842395928 714974257 173389080 265703493 1017436098 981913992 112287376 625192060 917252604 508765801 944635680 830382500 315688860 401013268 338160571 908305905 478800600 120364751 217945598 738940634 704778446 625950307 454098085 805739931 1051816445 348440221 594979859 675996593 248203978 184083918 756305615 578836320 298136573 548083532 867225089 916734000 410569537 642891759 330826233 254894956 698477479 840194708 999551657 322992290 1035695651 1026471070 163424294 328379942 293382670 248461936 15174442 129514894 746130850 583160820 98784661 482676791 665118337 847040791 757437160 323318719 901792303 123168330 940093640
100
770346643 84752643 70360961 41468988 518046330 735018042 431489664 90274372 1067980308 696261868 921956568 527641680 682052469 837123740 856901054 534307026 510691093 1038698445 316178701 597921154 498972753 36978313 891631555 855063515 107057640 632894685 254940290 336084381 959386238 16844122 177629200 400191817 991534364 927571862 964774359 821335720 906994094 181019817 1069959270 947499845 1045550468 632165297 27240942 576358126 424213457 832144974 591936709 93392951 555499055 1070103846 651081703 160964854 109712665 874200162 1069853552 1049690824 549830768 497137711 111870243 566832011 828067831 662180159 272501990 345113058 6044631 352723269 251866436 396145077 995527964 217323388 263846889 827068590 265852469 241575201 328404522 28218044 277035896 206649844 89015675 722620052 300731291 318427324 144879606 577049131 316041276 200657856 764541147 785549117 829816411 758014286 596207882 475162569 634834651 534190135 577927051 689488531 932349700 877188177 571795974 35278753
100
136835828 577537355 924243135 861668457 476084094 970214860 719034875 44498600 952846287 405362718 682618409 71658394 596539597 809970044 874363744 437859834 579513058 58697796 478686074 941430760 895972985 485530743 440556696 633447273 923854980 618184765 1058547100 766696164 498601721 374235231 276490926 176708006 547919184 200903883 902070712 757206111 595947783 179558676 21112554 263420323 650026526 724544752 1056538934 650091115 626125724 101262520 542750421 663175825 942200840 266502635 273322432 162273623 262503920 627977131 927708215 537534945 338727013 562577214 999677246 587846582 114976637 968994958 359677211 216843075 190913744 134150826 606853594 920050264 489535484 437018691 209126345 999694505 286944034 441039920 217766396 57349198 773054310 651157994 578084554 39031363 384274802 917605904 146709582 546983657 936459763 1060759269 578115815 1001184899 714694171 625642701 355720120 729435578 207008798 691747540 881869096 1054624282 270854069 635238182 709877604 801954450
100
763548568 646134488 644524024 273030425 171064862 108792506 906627 266553964 677175635 231689599 904882511 887510369 1036391668 13987172 757417181 916700355 276160101 744125670 804564368 742842340 467370282 712004426 247293232 741608218 880910191 9777430 754930283 200250430 888531585 127915158 222083407 102500139 818307923 707008088 79365074 744579653 615918330 708928944 509876810 860840687 495706929 202202421 441076725 378331667 421240534 906782530 630245235 199639199 929981035 359297654 481993542 1007477762 740897942 400930356 681735769 1688243 43368097 429754148 211583094 858063019 820935931 959921072 176513742 1065655269 701530036 554377352 398420086 797190373 351582981 944471326 1012948708 833068846 445835206 458729515 470941302 818623947 923792374 783100968 375841515 414339015 517604152 472447958 581309415 534214837 345243472 243971767 156179828 932147496 905099433 191626642 601405564 332483388 770545362 538826483 426509136 339056396 757389564 840836008 631130660 939433785
100
672604997 342581136 792442218 960638802 211486881 83002640 190418630 212016277 892503 850912133 162639995 303665418 191757126 996971443 854256699 120486296 703743762 360658625 305982650 281931208 732401312 838278844 401134129 81551432 663201950 308021011 309911262 303128426 263662072 833379612 177812354 322561445 517827172 1034164366 899390433 491010579 29923544 64365573 586705734 565666034 349167630 609899906 22964476 293084195 145070855 303167208 404999382 100498350 109812101 650436224 438979496 425131580 941323407 395908982 126366667 1067860379 722793201 614931033 730372509 653148990 635731385 883725727 617911295 475672763 634627259 740279839 232229077 945670219 739619598 891641749 196118921 491866445 857887629 472581409 37928841 644543683 571491671 455627208 741796037 1060642259 400695376 734556402 503309362 1039649351 888613278 1056851690 187977289 91808526 487733292 113584482 1036987784 626914489 145271082 353380332 254390000 703102974 543909003 824829057 448787077 246274617
100
721878014 320006098 299343334 50305813 575471266 423180898 936487720 486712440 756021394 938561096 696760390 1054707123 143166038 726027416 966029864 185493517 71602521 773472235 117714142 750271120 647258220 522666207 646784025 574256779 523667523 793358997 895437744 43154450 998518774 858099505 988655645 649670268 899677570 578339934 156460798 342792421 644451910 128753607 506859412 69575338 406290311 578309023 541582151 536990703 916063980 145120026 936072735 639183388 497556226 542074610 716851021 745274459 429468601 656128483 393396640 558166044 1034775269 442371374 587942929 116587922 396797118 1008293146 850446903 370115636 726902880 558079342 296742099 633499453 267403340 769127929 940323398 901147179 1062976229 596209419 1069971222 967779651 627573492 808003065 959780461 317958668 63129637 957440412 957323930 939442128 222181256 958906066 756022669 656891934 829473808 659057916 1045133663 624114506 805273367 53246591 178579656 889539820 822313176 387789123 150648743 702185565
100
889619255 1039295358 835085629 801619694 901416651 25398260 979497968 443800239 158860148 933532497 501113372 432979202 956698155 146460421 451807020 924086297 251049454 414205985 909463760 170575878 14860350 902892508 137742203 221461315 414217632 986844175 652550884 38751019 238517788 698585018 241331845 693730430 970182081 384906109 679165471 966057953 146383135 410090015 385020468 294988380 605850059 174517515 817761420 367091162 209423071 720686286 916690097 85131692 44320119 1009340827 536251506 510913286 943666485 400522183 72971364 375166337 704052413 584741964 331210844 970263447 898417210 381451594 34741238 289038123 913021911 750482050 139386641 132821502 864881735 221567449 550965841 490327611 834703166 176391131 828089244 691031788 229127670 397982774 682977949 232216706 419189675 505088570 862395717 68346193 384317983 244089184 230249540 290228753 462554647 238723520 648191892 426837598 52394971 674875545 988654319 788665657 751432634 1072574669 206533204 960432518
100
442794850 476022406 111534732 7219726 922482690 530866573 676263032 116043186 436471164 824560435 15016154 196806348 506438209 725044615 138190629 824212798 469767399 778877278 583685427 596887533 948524202 199932621 310230976 372926785 926022118 1015381424 884959978 284892073 1011924638 174023207 932575928 520310293 147427064 385466643 775144336 886026362 420227519 870957213 862909118 889835602 1008095456 413350064 384190196 332186905 693864941 470525818 668227780 941812945 380923549 1019688431 248738600 600750207 297241930 795987014 236190715 430999723 706599281 506869370 768044158 861641188 219458614 24467658 281139668 380371258 194991325 1030714425 731123077 74430658 678050130 1025604366 513814015 158645270 867272354 382235990 32175888 864957650 773681536 582808925 128680558 207795992 632686273 295214137 953917487 68521485 38833120 987213375 894091089 639440986 18378619 292075403 250963507 718812331 823511507 668745853 245578522 951369267 483618128 841388599 772644013 804854055
100
1059425056 437308026 746770238 240766723 945587043 497655151 17579064 280906041 311968113 750899297 264981076 1021547923 1047330427 604821640 209403608 800706732 331381497 964120065 606312076 572458050 668082981 116057163 1059975743 253372343 963855232 258536139 312283969 423997586 593579341 482184520 1031202791 801878779 284437265 441265263 1068738571 496341570 93496602 532604496 809763210 529613144 597612020 881145567 939545796 422450004 63745781 864508020 1066598686 7543791 437554354 476916811 783270275 626073608 431217544 240104197 321525983 168957474 99470356 500176165 113036963 487077601 561911739 920075156 848591684 98475409 988796195 8386590 535766204 590182559 675962040 133021171 493021960 120834589 549862696 219277863 547210408 1020835906 125583335 715234354 883968801 542535144 641760684 951983728 892704638 556829453 203129586 940695201 250228427 358098258 1058243704 157546090 1048837785 530536575 892838850 870597587 249391486 232679165 354370453 45224392 667247505 1030515290
100
274682008 386309874 114136009 372785484 762470009 494389312 733543583 180126610 757620738 841405217 81266391 125118502 167389359 502355646 920735119 388168613 27636576 169605699 150021513 117462765 1052650202 482013540 272739755 904192928 604275268 100501715 128216959 627929256 336240044 833536715 325029812 597284525 501418624 679281544 609259163 1066593441 232736789 215666124 662083754 545950773 1067360292 126521180 826697469 31958625 888115016 673676673 510242768 204498912 591773057 910000520 902571782 1046769073 533104307 801256770 840437413 532220311 271455016 973139845 990140248 1038718618 219086858 441180329 18239724 277732741 808359914 604258059 548989651 908626277 536845116 701203341 734758052 601861136 125671640 670021140 990531225 219239068 267048571 241486345 854735375 1010182627 540199236 148703961 973240841 314848006 468917815 601004149 947753902 704874471 443372221 898888659 470548167 453455789 333634850 44407659 65164866 138150724 303949078 755677114 743250097 524263898
100
507959234 717486284 770798948 192202335 69909896 233225707 300926743 720814728 683555477 1057338508 1039328239 385082089 634985590 353873619 213405995 143148453 893200700 591369477 493883598 505732421 641936381 792954380 31323680 76028213 309137745 647464950 446761516 166927940 40834005 450742390 441647167 278761256 360839340 150891874 208779887 866772216 621829113 809039155 692379154 404510640 252775782 147924872 875657282 295065265 161512608 1010406819 506311264 953717054 581645784 450734826 709269134 273518335 381382211 770526567 510256180 421451906 976986267 768347721 518386811 160870325 146815389 403040865 793882325 735074414 237655177 434870950 936283507 167309539 95782821 121140401 433500621 866310706 994230458 509860674 336136478 367898842 863121813 780156601 816152806 377804096 526273671 214543773 1051413350 532055084 688509158 709227801 566965287 304447305 903014282 68702586 429917299 517424552 343756625 459976370 1021245403 580967485 749050267 470710488 158482607 976496225
100
456588454 380607625 743427662 729879251 569333754 723318979 903069094 261980567 154008149 863315707 968631789 91241355 128431455 484352406 356849930 282831397 868506977 545677371 515420618 240960605 643234249 588299348 598330461 878033713 486245802 647128464 295522007 223458849 893141049 839083620 308543920 190029747 467701073 1029585029 195491909 75629040 369583600 635234671 526944597 566358757 468670648 705056481 24893316 135467299 395188847 830294879 875882971 230592576 995731071 818160303 80958534 480990548 266661750 224779868 778661909 996746109 154279815 53985847 541205627 381999195 786196744 799330512 50806546 234338452 612067058 339042305 1042963542 868469841 702680420 365215076 760373285 789531584 1025190432 974578392 735018565 634461072 574977293 700463872 441963230 627071352 934359219 143750595 160336636 192477360 652303042 184118477 35101966 193425013 894594187 185538573 960106858 202206858 841526149 70619701 525523655 3258290 2623946 143404350 463093441 298643511
100
933009121 922603096 679842406 502431440 972623134 772861553 449636625 59284857 163357369 542502995 500112395 158374974 471831480 425835052 430460079 678274028 345090534 1050410890 527483482 329948405 101495124 43911650 519186157 74252273 730922195 494014733 571986764 773928471 754842234 792011718 74197985 375556552 968415270 551395373 355798297 518039301 1054029813 220740679 318851045 692366324 44299466 971873915 934882875 527944031 1006892749 811763222 478424979 351105844 262215656 285508552 353731947 668147974 974723147 372589093 36827076 55025290 298754792 382098982 58753442 637266971 933913079 1073205157 553155983 450866999 37364596 749396452 1014907416 599470848 719326620 902544391 478234191 802748604 151249780 372472213 682436167 455137366 863525186 42259195 33537948 474394842 881228049 600135177 936795624 988719356 424744754 968175219 1002698575 552140690 159536822 136805969 507672820 468151318 7683572 417154719 244392833 793644837 894262025 161800126 273807268 671216386
100
348127729 431501964 1045896212 721838326 1070751201 358210160 880814435 647673175 601539866 318135048 169968927 885837731 251191947 180630034 267003161 809875529 385975050 924298190 542366536 33303164 304311758 812953475 82654790 1061595314 287231219 677223416 432992721 996909351 617686522 393294843 320796490 409051739 790094406 866753246 583200313 649174928 1028351903 198074613 514088135 816661837 819249331 896245785 841504834 560684509 144692624 316680232 398247325 339494353 879506476 391428994 295512557 1032351866 960391389 380525454 456198893 172686448 343140065 533570867 379969403 127555598 960200920 397229407 212242457 535885299 980709700 204557700 777160556 2625922 825619216 1035603990 735466177 39224163 914450950 785083662 474468995 285582848 350296919 559654506 631765702 292440585 754284056 161158314 237773760 128957168 640871359 642184021 573631050 338875246 726816938 517553522 611885155 497754620 540408984 2595343 278351277 929570139 893715245 809719998 296632302 401107212
100
984382995 836316049 1071720921 449684820 640278567 820960290 103508554 910811169 500716312 595031254 424251185 680246542 390260102 888815873 729209887 640791219 127282456 721753245 712181740 53356173 708879093 277822665 410771763 563668346 328339532 60424264 405209811 1057434689 170658508 959492094 17668207 346832904 710246700 774522743 528233199 79992540 646141861 625909088 362327293 504205357 279450738 96543756 816848777 340507982 941399127 651377136 698279494 723630585 271843095 413141543 864334890 918131914 63722493 51641582 808892402 67291071 309241428 121747497 505532571 814137534 332394991 690401245 395235818 940964367 113586082 708921012 125491430 80716510 553415110 664436348 209039448 474339258 755830969 2439336 507004242 448817945 615573340 43321037 786770853 199245266 490250131 604932902 757412457 371533729 210570953 190015761 9570425 488140710 625975913 239846800 371257588 874370278 149675110 437213129 377456574 976037577 380362676 533727623 747935228 1022782874
100
189278134 378992284 271753995 460959276 965616362 409766603 472054446 679523541 560979929 172179068 75545212 763135179 548902876 714480872 794796882 656134553 737954163 252736777 566552943 118983370 819968190 201395741 502578424 424990833 349962244 776956969 767058549 664414114 486715440 807740532 153017169 355026678 894402895 616382983 410656349 64000779 7377683 873183796 647684173 876950274 321273171 590278924 915205177 1004037376 10252425 316493287 374737950 433707693 660579922 289464288 913932635 792274360 13591026 418583127 71437621 456668240 254820557 453669229 51677523 138468780 683645679 1047297675 659361858 70221445 141210501 315987163 57193970 396666263 1057716578 306765261 779997239 808439844 441243515 802837908 692375369 426063472 412652907 520413095 758359620 825272390 196134896 855534400 1064158121 1006074225 500617580 834414560 394959323 1029406276 128053860 983091657 678737827 45160467 652700165 751754882 534999213 477778360 290858650 238629207 1060181513 477694991
