30
100
333025402 867851434 1022489731 1048329898 169012201 626830049 211418634 286346208 588200515 462004538 155004616 954696824 114358456 793151823 1029882219 1016900884 335035662 263326063 353894002 517242447 245216288 935823133 1022141104 532655923 924774490 859593103 883267021 327798723 934676543 769707056 404746437 364376947 418809060 204402974 907957351 415378346 378118258 921781164 167415766 812765767 1053021351 388700897 309696268 1020175385 15579477 984411128 220186962 178563942 794440418 1023302878 320047050 367852133 61075655 461907639 821828581 430126532 615267345 254265434 430108141 1070722850 120919523 546769104 1065159548 333434774 53519858 810633689 921894403 275223078 555743496 367045223 6091077 19189329 874188673 230488352 1038952921 952078982 240925649 673609440 654494635 159436458 1063833851 245786933 1067380859 121212566 338764059 18840801 938872412 401015959 46255070 513275996 492285495 1071473645 73424133 690470480 853963334 629377868 573389542 934551579 500853913 1072267102
100
862158928 239584660 46380350 261784080 301122870 849588847 563424510 562413417 961977159 293714869 856841250 104726170 475170739 440619973 352774179 142398557 720358107 447987028 810037486 381802240 620630742 214581737 595503970 493993188 940047855 487372896 718277589 558549759 358968612 525097832 297025680 831034203 408266409 615968773 461323342 441516949 659245155 192297998 376017089 960807774 919865966 760728752 1008851213 927785726 935743896 137825513 439415883 872405452 94278115 404990990 1002115080 540529847 490111239 545150021 895976131 515134656 1061165293 243642636 58291826 48307581 623798837 890095024 560161534 790393752 443956913 509318103 559896770 622242638 525372392 375329271 299244304 337970929 896054676 482701788 765397676 312599910 438345764 597538598 727900239 951337128 1028952891 478780872 1068185381 68713539 919137327 464834698 208201551 96764890 397123722 84701064 133902434 461453729 953389197 225502898 486650855 550712547 296200616 383521866 595804121 332189821
100
330678121 456354090 597920097 458345977 718298745 1038153278 2272533 287018135 180891068 408361325 173365297 318623778 952014276 389774214 939640037 321404302 732684793 481498695 349170032 641295879 851527447 47701734 221603498 626301292 982858157 642334859 411092603 221219023 34870430 862021331 681445985 859945206 896470948 936990799 1064208878 629130461 847480264 702931203 718152008 743206962 796167147 756501735 832548776 831097304 426825537 478540393 763028955 49454693 115274705 152407273 634741956 19626659 90819318 702113596 46214104 271351314 564623841 870536746 379213728 150388069 55867412 772244208 255733819 1069151489 509414888 475989439 413501401 752241537 103750408 244535355 469526849 711189556 638463220 859596796 261166668 53100957 1046734207 299626768 1026840167 53573618 205959506 876546167 1038423317 358035358 766561895 391179942 719409259 1016166336 706847374 849904133 762730387 583624874 77816299 89819505 673864009 175609442 560924022 500879035 756630113 728519460
100
32901414 379513919 644727262 887991318 858691565 547920733 110475442 833651647 184945851 306695625 983135095 580453820 301827633 543185316 191174201 644244648 56023651 864803748 414515125 755691252 652251483 613184914 261549022 234632547 156675989 334027981 570222171 15827340 589451393 982235334 30149894 445291612 746721541 847270274 85009006 597222545 895830520 2526747 608497750 1057273152 377756328 360203071 919239220 394861647 947798869 574214575 756088755 1002430716 1024118707 87037122 184799025 607640148 226660716 464888031 280094785 479172029 827288220 1044992518 307719723 768494957 369780819 837823048 1009969767 896872176 575843607 931430474 567303974 167965093 61287263 726433223 62138825 719568194 650981401 410119691 697283943 1057448012 831372581 1026907256 174718284 311940768 601076695 1039565573 1063640948 428482541 1031065465 778832058 688930580 973301303 623865798 698650677 39843602 114062422 346502001 715855400 399613064 525171829 1013605020 954769368 1011421509 533474963
100
77412768 547546699 702947077 999268941 17450348 639602258 310476018 198684896 589830462 521297988 799938774 547335182 755035565 880699839 372292351 147642560 386604129 311103894 330484243 112768084 974958232 284854864 399524232 579604249 366099364 135009448 192804907 838006484 813897579 628363787 193083034 963866943 387764454 542369565 402234826 183568004 880804002 509324852 270687617 740760518 288909122 931117531 1055374044 522460568 229268475 149677905 300410571 504330883 303008534 857653512 300819600 985951621 14484593 844525862 421216324 436967565 829200895 1002013703 271996242 830304000 436440643 753236665 836756730 106393655 428905177 650980734 799096015 718156287 45815534 537984590 437398842 514210583 589161923 372955986 445583349 119385525 46601517 143135082 574168720 695255554 22496280 304803496 792402159 847450265 123349247 221131987 780942281 494382348 1001549942 577002469 229345067 977408095 238218145 235709581 84759796 746181515 834604730 739769006 20266838 972765692
100
305637342 364271451 673090580 643920896 421516776 311667550 898646438 300195973 967303498 700128654 907279483 258045607 229800888 261393006 884757200 445772675 403152535 652164952 140601814 642596426 831147395 358072565 895508529 506681027 494151881 333439430 250447994 934286280 293654510 706947231 159609789 133132740 842208294 183600934 389598204 765276476 513669853 868900953 906428074 512345411 710643762 122806021 256620336 311333379 261851511 397057103 655305067 374045499 913553331 988649007 551103532 160940732 702302752 289043952 253698999 784348907 906092717 421144242 429177924 955035971 920088188 204323816 99185794 960947408 286387301 56862683 364705807 599555252 720886642 254624292 1003768321 628525733 1034852193 91135542 567918432 811615597 49248549 69382610 389138857 811013993 374262117 216910736 145658189 400424203 478053116 723016029 271343663 325989209 641131895 179044087 39902250 1002387051 263116698 78445683 543625609 278925296 281942491 698999992 970083725 524023210
100
18588674 458344683 937703405 954707991 156227167 489628235 12156964 152759299 14118453 70363338 63856460 218127599 666086074 783316601 278735992 810051927 867917435 920476379 703279947 493850729 686982614 177378667 41104001 949832839 600714623 942497812 1005660774 562873801 681486591 390023607 896105309 99177593 949623088 52453545 918901850 281596821 37831362 346828082 824078696 791528272 1619130 666074126 475277861 884685713 1039154926 1072494832 868470849 654618226 171096202 275683579 893279747 421755586 234362509 1073337671 244675780 209473156 601084493 61125986 391752561 1054759278 177840111 279554508 228863245 694570859 1049785584 896022137 235251501 919550745 417062559 551578963 670337146 588980300 300656800 1060321462 22318898 163409545 695325546 418477554 888252328 582042508 51567306 306438093 956832448 304446914 1018448990 1043712254 607390836 967352015 542486043 967616179 409094737 754875914 414168264 685140748 882665978 134859516 1024707200 18395037 801781668 645095397
100
13283312 667055257 687432759 994749735 356783105 21292469 126893849 711193456 923437760 783790572 717183461 263551099 858272915 348262594 702788266 810287752 804576721 220088529 390217386 226542635 987498824 960298567 907287773 972231370 334088887 798216549 301373549 110259491 992506197 263277825 845740856 997380547 991494728 846210309 272773202 224748943 181437231 1021560045 105395840 646933055 696521881 366489165 827548349 628720862 76405900 520038217 396849849 726750284 271892735 472168732 980184917 794253244 985723487 604307090 661741352 313730358 145180174 261964429 1017301245 489156630 936730847 504524419 299828819 543383435 1063825820 747030782 689071579 1021359385 542784384 846791707 398794238 681198359 48836798 747019276 411373397 620966706 198073592 11240854 366303023 117677288 729964488 811150483 193835534 284224526 690009914 503235186 248753706 599562059 296852048 81583282 672640492 970139291 65315709 54420330 767539828 862292428 126241579 7393220 963257876 957792004
100
152418942 619839187 524798265 172244077 900184680 933187820 24901303 459963159 273453800 254622028 42956702 557442924 944681593 462407703 1002062946 456650009 853016871 933475107 697914441 516605117 835190548 70375547 330834928 501390958 448738039 770740445 5540807 950901813 28960920 845992509 56026768 48274573 466894677 184885824 481855460 744412392 672237729 543185090 668107438 743062570 759232127 201994832 307150766 617006380 895064587 958378671 783639543 888826170 535278065 674584403 1003521905 370410134 1046825204 903944680 660618072 795014899 781722729 110248653 668524731 80327162 273613497 631311252 103141118 34926536 85469667 952111492 363481688 755095406 566969847 607754263 637192790 922543472 453023644 530750332 789090390 1055106631 1053782667 99463958 364482061 307445983 1064176657 520602619 740727809 625856793 730634641 1013482357 1039794192 104895050 847625984 88131973 245908456 196401594 1002327399 976270171 746412940 406184231 701387109 196056543 548936661 406151487
100
428851244 305004783 217644073 475831677 357043727 623985880 249198589 88542007 200100492 11748836 811911495 869566150 268788314 635256123 320335240 640094251 379479650 882459994 232625589 1061014012 508780099 214282382 1014538422 645347299 573106897 957132668 779707880 78433565 762034322 899303324 864079772 448908027 553304640 841652665 836519318 247426916 497509193 606763122 197420942 366506833 311769682 451169981 382244786 317577552 566483888 217273951 271668514 443485187 673993709 58138228 140732019 229592222 974944841 482435565 915264557 688550251 263852854 494415373 86815565 829617225 819446491 744904940 791330756 658723113 713412499 578045940 883672821 91010192 1007203435 226690663 97116731 492632601 874480551 572763094 13599073 288750320 717494589 493163179 146294056 120597591 516889944 87154337 134392260 843222565 36296406 184079174 723288415 896133441 712494539 295271040 1022639765 942235180 794967548 1020205829 393809655 1008616309 988764517 1033109217 152290696 616649794
100
70715892 660772163 732901069 852060107 505258097 113351570 756163301 783434818 174841185 896154328 285692009 395760610 1041045790 674448617 404297169 780430635 618053592 1044116877 975752869 77134799 717191187 537640193 409068035 642052917 1030002983 99670645 1007690013 820580599 56095167 547866254 1030976953 880406372 1005575771 915762662 921362607 236152830 395554766 119421831 437307503 463848957 499016128 753136500 362977144 69650635 590455085 116677921 1011722978 317748870 672342755 674414069 96178389 272088706 854477320 730211279 343381776 331672516 584326803 311852926 612870499 173533064 1283022 69373768 668106805 157436859 138682075 372808036 514662142 402736513 261922091 266073728 740926158 123815856 382765832 887188539 1057054917 267750740 569215500 1040996268 691295385 741174313 838023080 381069273 699916051 345077540 2053023 411936833 1020187793 343044331 1059600008 86874963 14998406 697568856 870291535 749085941 520559350 75335930 737650356 120685822 794048763 173670803
100
128491963 50178370 747811483 169051257 327017070 380914574 93123259 653534974 474536394 832199220 758515540 780761446 237813881 504670366 591841014 193017878 631488406 991244745 6884329 17345606 108596019 498661062 447280807 970584705 486264020 475213116 752615519 674992422 699719154 624934372 468180340 619470570 388584058 890704652 672346108 3520852 544461643 421345045 868878914 631114560 515819708 738607861 209731909 133538653 183063827 610933942 228298551 146266799 534847247 495027701 143623678 855280397 293268575 1007057508 412438966 795202980 986975272 844226120 732515116 200161650 1049006467 806386939 364403301 256571851 305815036 992565099 908536085 358798552 375192596 145703577 320677161 522783251 705317312 771216924 289231678 363114701 577762025 724675228 431419687 1025269417 741719018 571730007 332916842 983571998 615816213 75572639 311103683 460043512 671524910 674731353 963396257 47921879 674876654 904430975 677132708 15466414 556751233 458304927 800999205 411288133
100
19844443 717870254 704132792 59687449 120068839 546944637 194043127 615737146 822477198 937643526 385689412 279497577 30781486 478116974 402190519 862369687 986576823 825189649 362365885 466789928 353499567 189202428 620458133 745602421 380315313 19364979 290485202 705894986 341085417 129201005 712944860 1028401768 183596698 908519955 953410670 179754756 1019828376 184362053 696361753 1029029702 669192398 936265492 81647552 1033421515 1008301242 223267657 614583835 382802980 818098156 467320797 765556020 1008618325 990376587 3595391 95745516 891146326 792522703 527524881 466524535 971486613 149073032 135059243 494338012 757197427 773725590 165574295 573154934 842296770 80156270 424318419 709607029 350767182 409339804 1036565906 213341022 385570641 565906747 517578299 320127367 1064494844 967331198 1037619817 310148252 917970165 580495147 240415081 52110877 297874131 482586651 701788607 919729117 770080932 718537660 255581089 336422533 638211945 99410319 959302522 659312654 960539540
100
438322281 856762955 841715600 84759862 939971263 590855517 1033731641 543133938 884932229 770250300 642413920 494276526 195595763 967298357 445767752 903904977 806590458 355376231 950751788 1072068308 57566908 723207749 482349239 644499909 224209422 547343383 331050634 333914565 992311805 1001649272 618395065 983854986 790079814 42017241 458187342 226011358 333440988 50493693 409169093 229988126 988362085 387143547 1041589390 202798523 138159038 107354688 822778511 466559164 293824883 488453130 138124191 889659 555762759 721458158 1071397644 227571172 24685490 612981714 743075094 321355129 266949470 205383411 957215090 490297680 436567466 538452065 926076359 296284627 856596007 66070910 495491124 850654975 47041565 119885955 613454281 279232230 171508999 822040316 388272393 326202413 1032732434 880937030 136363118 245535886 516836259 162340888 479859941 52084567 918653390 794984695 23842894 194630634 636512479 107788992 841319421 840261691 171555541 190832930 782507836 356540245
100
844018209 467645895 383535061 548244461 210635925 330832462 78473837 20439824 771798697 382355702 254582883 188330521 1017476188 714645976 709904911 346029581 845245955 764408705 637967712 30813601 507569861 296965489 624641112 1061489600 531120925 1039717020 461523851 700422664 724524892 228647916 583164068 130528076 639710757 68336316 192438497 148143635 182048495 319249246 57554834 990162711 360492167 886679 268373149 182885320 767366027 229669150 574800637 742399175 531841264 197880864 1018873663 1040203883 989296764 433322431 995765763 381996351 477991756 891634318 268640897 714970242 1022023248 613804311 785622273 636982437 442505418 836951125 920361314 752479185 972176083 683209274 487990676 685677151 172682198 40325674 12607518 865146205 640401683 1015328638 426200729 907847952 315464733 403788803 541537330 175418220 458645853 635435640 802566188 90209950 400490124 340752659 362032220 336946051 63160637 698301437 997858219 55057454 70843729 896045009 530745496 417357414
100
184990753 168129459 616044069 558393303 100134385 291602979 269514778 968988724 813756986 162298913 1051124776 179356364 605929577 665131899 127113189 7015590 579392733 1046489618 660353308 174331934 895703916 1022029916 266600523 939055971 432548318 995947490 639904550 709805816 475236977 938673603 282435346 729889847 292148819 504209712 913757098 144135113 80142379 304912878 743923006 16512047 312487569 121772759 596856655 997341245 467928722 318174297 338194197 901784985 777995821 263863029 26162681 294236992 148115160 481703361 931243035 907419650 441139195 889494759 148497101 1006213377 992657779 683419684 766686997 1021128758 635084305 1001483594 422822959 786375404 604171801 251989694 45325833 675639363 1017942468 64567802 689548230 92061614 785300414 919107084 178903612 815634293 722684840 217563669 648289910 921822004 249297047 215876556 560056370 775211610 433212307 639288825 249209955 679925419 915171865 485902074 985395120 458255039 907063450 124049217 8067315 713853057
100
715622355 688804796 1060497328 981436689 300165322 255130316 751852641 956282157 659462101 1048167066 793283963 246686350 851271347 475577297 933493561 280804841 566469052 775103952 322655660 834034150 648699480 972755241 913908535 208533922 216201605 314626594 425113361 616753966 449650261 495731511 554792902 130134542 971631725 1043060630 131233207 188858810 668366472 652443041 272781717 747636768 598184178 958746992 407073514 888162336 612429838 12459852 189566608 436159503 662804177 371177013 169704759 121616437 207590724 531827293 449339876 492578127 156047109 1029449643 424222828 988244749 939573702 614069305 774185981 296104597 519791565 384549591 97351062 581642494 593818227 661042565 549266058 986712534 18536613 933556221 428733186 810908061 1070175590 796432934 729641079 833859656 489400907 906801826 421280828 753267646 231201277 509456705 270644722 901440094 113817275 204732812 211677713 418614648 1019707605 302652731 184811622 960193487 614749490 730394303 231113359 709028894
100
58942393 411079297 1032277903 374941230 664553345 132446467 462468165 795848188 654294432 451785776 330393556 806282091 484086870 386256377 59759043 630315972 309946133 774341281 386229777 687026150 943296771 858306367 672919469 366631617 800452476 900710463 909396733 428238812 81360014 344618977 44005464 435155408 1052871036 845259961 540323468 649883851 614089020 1040363565 716059993 1054660878 769547001 750365946 701960179 921799023 413471889 443919792 466843524 902662616 199740695 11627313 17704359 229841350 1055487826 442121014 194277102 841191115 438950973 405755594 48967006 727483148 697216389 1045655757 78019310 836522947 44853262 554343538 156122124 227012542 895026799 1004438465 1012496919 759952862 938640241 195227158 88772069 760423321 67316883 689215136 389421631 724308857 53331081 520901347 993973857 410536859 1066104249 478185782 298854523 905878577 98931900 802092870 899780658 37408256 192230115 772327569 46981407 801415395 873627824 104529132 58805583 690494022
100
99426046 723337153 17376171 195921992 22039234 398001899 783055145 323425693 651723785 158093110 541059048 246640298 54156534 500723069 1031527590 410162550 537324672 633436562 779633205 77335099 878712051 432027833 466530298 884268521 343874159 173463595 644081776 138777760 705137000 653424533 108177315 878303289 73428260 514032534 447857078 659815102 1032705600 748085316 833589597 566118638 88387884 429515688 12367459 402926778 556985514 456335421 218113062 71114699 381022291 1703797 76447766 175336953 1064919826 152513588 647942202 890292181 1069040038 613928275 590772650 442148128 840582437 41783326 199659286 791181138 577214836 485851863 141848381 641575956 495772623 576700209 59224951 1056014278 849975623 596763861 750218796 286171130 1042457919 150889440 1049672027 924098039 1022582767 411735907 812684564 860172599 867620065 85831650 491460094 254233065 706959735 405958102 834266066 6943599 418542435 83209259 619448285 290522849 762253100 465287874 424741762 638954889
100
601262320 51996342 1004843877 157611933 420913150 468074115 694462889 128674294 696315303 1010987909 1005443386 419579540 386096796 750714992 131990835 603561378 271730947 567060616 632421732 165461280 710452980 514651687 550437070 623155042 644161787 756320570 270921768 878737806 293464217 811120069 739922013 202314273 558195395 474116699 945233164 1059178347 588882529 14718630 58419975 723803662 886616784 770927077 298375892 977465219 83079777 701202793 54385455 984101013 114998488 414576407 684047238 535693283 537634285 995082217 124292732 546993250 290292686 458934893 1000660070 652395482 115542427 401460548 173876689 959388004 163426793 52026788 805516794 337134578 50051392 744433111 703284564 752477383 574285981 76215226 150006790 947054075 1049243633 14227263 400024682 552485112 956567711 74617067 51551632 126752000 1062983682 547590232 987274680 265489828 199731685 761447092 1001829596 882514254 670128905 352579905 84082468 365588408 72883106 791670739 132036463 38660211
100
813423445 78633425 1062052194 825492557 87664708 540841487 854390076 603239564 660341042 886215205 637321741 54692250 545748292 119798976 90242997 279505522 850065077 298086341 690136679 560179327 314157393 225419976 745006380 357456417 979370235 931392918 248293470 695502127 382611495 458922667 752185389 193763696 66184800 241699260 443971357 854047521 347692739 575513135 266938502 178281842 574209666 189240734 642377491 672247049 1020445539 480277080 381166404 534891133 598327871 135562720 200458732 187225308 404092291 5181292 464179891 897500197 1004018610 971719271 705074836 1006244815 708273632 161683695 252630624 476659009 626898489 160822872 318802234 324076119 42806904 47258023 1002228506 779716580 956894832 327409687 852566858 689193002 416014983 764008344 13769452 1036297571 929366582 338993483 939664241 437634108 311910026 864003079 763284771 103192149 26452134 102207191 225332636 580332738 250058815 48212858 736581197 369142413 1048377886 903807202 831339256 578948913
100
1002390965 672819255 590074144 693235771 306684623 944974323 542394431 1052998128 326976958 538624493 18802789 107152858 1012122437 77909560 532696031 184998823 320293337 167575484 759762415 994783000 486188071 106897589 553743688 450104963 359861132 1025076019 648015508 124690769 88853147 166932376 501503726 279688833 714846107 189909789 90314344 432907044 503729927 647360076 428018311 522416351 83039756 929772423 135086274 19618924 732179726 402916736 397771014 689349657 358033955 897308095 176728117 864593479 735679382 282698528 288740002 262885356 993735270 577556562 478369430 703781650 294139076 310266457 964202191 187358549 766845081 529530636 738620668 229025385 606508541 396665751 725158978 732884626 41869761 1061800699 960207802 864474411 127623142 509496457 280606960 513945376 938192420 802093675 140976742 585573747 831303268 516139035 481847823 370484154 651254086 284590314 118910932 615192223 287531164 992980603 689351698 786889311 23437805 572477253 427969050 397982028
100
923778324 271979184 851597899 68125213 891954056 86320781 129990487 87170318 21456532 369658077 317600764 1026326300 327637248 763722178 55774172 599754194 522732264 903127247 955420974 281672046 39368764 406062989 777651002 214937444 83738430 699261945 168912094 491945177 312952582 754856708 231791372 661059880 690810369 10560274 982735689 640618593 715987054 659836540 165718576 1042572741 518543072 412403214 233351661 693929547 892542143 769911689 592050371 338750239 91735750 282926114 547217287 83151901 604172678 90581761 421761058 346210906 420749282 176466883 421835794 296499868 845984145 329387257 1005406953 559200221 844573088 189301415 477157581 390260172 350274797 664977606 720823543 103906123 20930733 407406018 594069556 1072295154 43888870 1008858364 958057319 368242571 281528054 493601097 237671941 798804628 108128266 690366321 902622359 894794432 538162088 913881265 304398139 611230838 59873830 970257721 394102820 431969872 506372912 786544303 537066006 80452510
100
460941995 72351467 6020833 358614843 222633273 510592528 11410512 571457719 448680794 908436232 581624918 320018102 1067562370 379943912 717762065 208639752 605850139 922519513 763623893 424844751 1027538945 803118490 782287783 139807747 1014843653 849498620 1066255811 651742705 860456043 378218084 145034007 674558392 655391083 448464716 875123141 582159819 287515059 744823489 623754661 294598514 760677347 438034150 1070684864 947505480 157769231 508860529 192442326 441661886 1046552641 343544105 585998553 840712599 480491253 1026074222 966058352 39080554 440444316 795715505 941242229 473980196 46395673 908330231 373706103 903080067 1051679303 566775130 585291065 37123995 137521264 140377480 500742705 102711381 166282199 104865346 603071498 243347947 866934832 334967518 787106082 88165230 146470691 778991558 397742349 485573184 164254412 539128055 472418064 835221658 616818750 857917571 611458215 190137351 54280699 889289999 671202303 530613223 669825661 1057579094 483699324 364742638
100
643163556 256523061 184567458 168923255 279330907 468472179 190047200 396861731 738579057 131445558 40601431 1038113791 816048880 530590640 684163851 980256967 628413558 402947527 348703188 837496363 427176883 647374487 625784284 797244496 615560685 742715374 814423845 988710736 223416190 378426063 1060160001 238571957 510806613 260614640 552596888 474720002 393438321 808596539 352432741 672613930 468860522 732817232 374401209 599186455 902158824 358093314 407512887 773803556 194111529 920440534 646549846 219796643 667789439 649741959 652289507 815261017 223876816 853066372 846288252 598339069 536046101 1042452336 399370517 245554876 406971099 591769506 493434999 355632312 337504709 168385955 146780348 713077892 359104007 534863538 66955989 747848874 715191277 262743363 957977092 931715109 234160978 665895803 513563234 678590695 8398377 411413942 1066551130 919994964 150423288 438390018 1029571116 589519813 101039960 275210657 661127275 933659399 905750134 991835531 165952127 12609241
100
415932137 36188708 812683634 25811082 656003739 1011566826 410624760 828581951 381879988 990602931 95067145 811777328 470476024 808448055 236386358 370535409 5426533 954535299 323459203 514272678 1012787367 113852533 279870953 228499081 775293602 463948610 233264085 1069796455 819619052 51799793 864996006 284874019 924977487 578472414 280674866 1010226482 243022924 220233272 375211073 81503774 427333523 124422274 756829969 170454276 625015949 156261910 292057041 512260373 946820818 497265565 282864934 500822552 485043891 819489688 456016296 118871782 833293233 1061768411 406890086 249678829 78489347 405956876 471231838 972044718 273608213 400313128 549088262 256195392 988337411 280053247 627094982 465231050 578812194 406264499 827123323 291416588 297014136 304541501 4668662 109219031 912014143 555586792 229279099 966458256 360249446 429792980 173331523 138704818 57026064 828426356 151326714 956980297 443983122 707275792 334449729 281607287 90431097 613861700 764539949 767889906
100
482270079 907396294 198343556 229805217 258375813 230856585 639912842 168850171 742010606 340983015 614475382 269331435 107445413 338732740 600764749 56516353 710554985 1071883000 801427498 801790718 479576399 658400721 999978169 922699865 182770494 823174288 944880829 310815677 643405681 896204775 792699018 1015658632 836221433 196968065 760574347 1028453198 237198649 1062918010 501442749 781034581 833480808 606768355 749634866 19601942 127620626 882103872 678673040 885373890 649710232 954948361 674393999 1010691003 778402475 938327340 651709567 1027389974 479388117 386986889 573069759 875587360 494487792 548828277 183987783 157726166 714579116 495464504 1041755679 254742123 202216462 227171215 244242662 875458758 881010411 346819114 585902156 810497793 1025004657 501258543 148930200 368486379 1008155039 252438965 728376610 1013602695 241334216 659254090 154360538 730817419 819587861 140899950 570159808 208495074 875540735 996964118 321405545 622806827 719814360 936732458 80699521 303824695
100
329062662 434287427 33612174 1037579704 171233789 256429827 877130731 79883010 927642833 386245797 513014972 280632768 968129597 97124386 662463907 359955431 839320939 444880650 419622391 673112638 933538430 13428477 136129860 98296544 776760586 809968689 838591942 255695806 494137495 877819887 989472498 531881243 167134497 950292246 241057774 220766222 434209179 816150679 425099796 692374787 963456615 279761911 1054593907 320295482 258179039 426856400 761532750 85494343 243753168 659372112 848183963 281277072 415321338 271373752 70425220 641872338 941423505 474110686 964709098 467496605 685889983 249111467 437462749 641332691 256922911 98714526 1009456421 395129133 986576452 806642760 644829884 156036534 126503728 985199566 216499538 152105550 115778013 562078570 202677704 1050732072 371888824 1006188010 944999093 107513676 844061472 1031708208 854833892 684470550 653002732 499215792 967536596 739750581 764178402 154964725 273932343 1006728621 838663745 171206684 941042291 117175381
100
337187159 578426660 1053786202 147558508 1013328747 837528472 523655482 949669750 895076914 616860753 980751050 780529763 270321434 987770759 287919025 784437810 624320421 20570020 667464682 290371417 56959975 842501574 562717510 420495425 775369995 76313664 632586216 958739909 117167054 366840089 965227719 508683191 870858498 428982411 105248815 25281372 982114829 393748357 939795008 531379691 199218023 288202282 1062327150 849743633 833987360 409786960 81799935 766111599 639203671 1001495042 195808656 262237979 520586436 836378111 325106577 343480347 27572527 414204984 166885316 772354285 27450870 763656789 10649026 878532354 715648139 574914609 636422262 744810814 852672244 347601498 992225439 458637946 1052184138 952947858 428419922 474924034 812302650 975008848 543445111 351907864 880708231 874167104 307155271 893899887 16504710 595843519 1033058004 629277872 599920288 521531744 143655041 624977144 249372115 949847913 542677638 621839448 179263794 584304470 353281133 332678996
100
464622933 615352216 807641701 226822681 639791305 306339257 758850679 147609770 289482440 751445847 574706027 764244596 646468765 372265552 166513814 860791661 463518278 807899217 265638721 879584414 263675126 299302240 133793575 501705382 797276565 244684371 876841210 281478197 376719163 590217046 722887389 676120722 646351288 342137449 154026731 556832278 468841488 649719264 408782255 261349551 345135863 480467681 1005621418 712986718 513849177 364127209 46300369 889565113 626522325 1047577416 910987532 912665194 1030858812 1036423584 490376376 63429549 648305175 845266026 793625126 392735958 311292191 526093425 664338714 307856329 615755971 486210644 962548044 253870464 713170853 1065459464 723483882 484708489 1031191069 725538388 43412245 333349765 484275381 979589460 1002588767 895484843 265031339 776932087 1009814355 848105282 189084786 592650369 320908013 109955114 732787249 589469706 507890974 167727700 201061954 1063976700 439428938 113410629 676406196 323979416 1018116809 478272408
