30
100
113575847 965841908 842699689 278650287 598680610 426932400 979132030 767946732 325732601 28097297 1051090312 251061778 702441209 664153314 942247000 847613823 439103124 868721201 772373603 465772051 729800802 414807506 148614527 780890804 440249754 431758812 342455914 719485387 556378269 197054506 60194115 925931462 946685292 362165979 7192591 670049684 849111597 968176850 278342965 1004404012 35393450 1065990710 481807362 335484422 462189009 653240563 931034406 118305184 471388213 745261368 392108853 270309370 349093515 153144824 339649320 9233434 509543726 95447401 546393305 227991690 585765276 729444743 598584202 168391637 498726647 468456594 290860639 487038221 722206342 433134987 414922975 249135176 608946225 484001979 192400247 354583326 794950407 465807405 726318071 537819437 435717564 367138863 596540947 172482709 332820259 149341141 296844259 902377085 498415289 741194102 640745059 266021772 204588314 1056214829 366519796 785539184 280685705 858920793 155742937 1012765275
100
50341149 922967483 662130560 345887438 180969697 445153318 692882331 362228444 380447951 154717449 11160678 1028145000 768317783 1007376698 667182629 338274921 174811563 55718896 812075035 937017977 439101508 1167175 585554194 263326550 364268379 749533376 878470104 661272161 1000040816 887579070 688231356 770356002 1045986759 461420553 1071022357 951111618 28064998 837439055 345034171 375810447 397637913 886658206 1039257996 764358012 176002798 918003948 231331561 510486686 587927993 523569039 17721142 562063536 182980625 763052997 507094877 641625232 433391697 415658030 948487244 132916416 489649432 560205644 250310514 145998822 722246090 576365578 95841094 626892620 523785996 977001010 174794688 1045192544 881463115 803421942 153513694 77512757 155294518 237209960 998777121 345563649 22957632 262435585 19268109 683092381 639765279 443752478 568038572 453816584 372402256 956766334 310970380 1020217316 369747088 884854726 353579964 640877559 346762084 873381373 347513939 49766828
100
83494928 805287914 172487824 1053864358 175355983 972671644 47359957 1016426606 432899822 476541709 775261906 595194238 862007941 756403936 958809472 1046410157 670918801 949804864 401924351 1018973590 718749168 1025439064 156004367 144351768 100808553 265891547 324209559 157230295 632349218 815202941 831223586 899378873 884997160 509271159 337269085 710107753 323890411 416140039 55628955 443228375 107105726 440941294 882845521 221187509 501367387 1048953840 542129306 254272508 878469470 978715991 833701043 749525605 442854597 14455409 1032236416 166057969 898439798 858910477 82883334 808433762 422259897 1064803330 757170159 890544319 629611194 615592873 1049026057 860513236 136071432 687117918 810120903 711521967 234672665 801318658 1061397438 1045099813 395632324 111023996 298962729 994719307 592481989 774358323 874407014 952791293 317092156 509879702 181096567 801370202 88640814 82461332 874189442 524310597 494795267 68732708 838556754 620460518 350685190 178232255 563299027 77215783
100
854627041 926351001 875134008 812009534 979969419 803421274 685193740 505185279 138887108 732036463 186090714 643347718 750460179 779815000 765965212 248862614 950547719 399632693 522294675 820831184 250034096 978551373 839956161 251651647 404429347 550841483 599503981 173385805 309015289 919037948 504603043 943286475 246703824 1025383506 763067313 727065709 218326217 785410404 660188844 613609035 308933384 978454444 715500009 82958434 42027832 1067989191 400786564 137587729 1059817220 352077817 440381916 104903325 291904671 768449190 532465173 933088685 641690429 589648090 715475604 1063722958 994138007 91059650 984851079 194708720 769849452 315473969 681705307 850533095 30626554 657449756 856974660 331880939 439297929 1028484638 672055224 618085656 301190624 577322485 174654964 147340015 406921678 278297859 250834806 1029230035 893157283 1034892238 289192065 790285453 614912180 257714560 741111452 135123657 58173402 248632423 920878355 462780823 638545395 689904246 43274612 684597226
100
54043075 440774676 176309020 356520838 723120391 833691784 306341736 903111501 967024673 615488044 979472495 189549476 186046611 619067551 282610100 1041772283 240150019 933560389 995114784 252879047 220550844 841593540 987391358 718012929 981675050 918074247 605139712 989670823 87399265 289274942 380397496 234042682 678682007 912793948 498984480 335949119 899125414 342845080 137042835 594348478 480192395 419095405 924022993 721455814 190704362 198555545 372275839 1019164903 360417671 577130402 812499365 556036534 967129294 1008318796 423345198 883197004 43148620 204802084 828300651 685759944 884929331 297716217 608003728 593446344 872222426 577932125 418234166 468396788 239111483 972057640 948395480 214957940 591780980 849003509 427311190 1067558260 855016518 164877988 367064180 22014887 917321369 361601238 288960604 278796737 196833270 492668020 935263000 709856508 533899275 495353129 275932441 781935764 36901419 380290275 278909107 1001995851 918678987 823656534 1044040350 26804966
100
652168057 344683127 51888813 845416218 472604166 217084732 826515951 307606761 159825918 599231444 226547068 525616505 537136675 793683845 128036649 943823989 461000317 642745980 490977872 907631785 189224150 1059583561 402909261 689186953 910833470 710974048 677104898 834826923 587715207 113525913 54127443 125886024 959143625 350870960 413602219 132657087 634721248 501407174 839566966 1025166611 677961193 923817182 115393701 588369512 835658185 190874465 519145517 374054537 207196582 410452634 694151816 8268645 381555051 478248251 136171314 170829454 953789256 129693655 798613549 307287481 489526320 585083237 582507133 793768768 642269274 34825155 57207469 119742115 193759169 167545905 678140233 508517634 84466340 51749842 689358690 402205093 844137990 897015854 405814029 57120373 881395759 228414387 925580260 1033567360 136148265 417801775 56475523 534330488 113896260 1054367064 520005132 777097013 519116690 978892100 1073677988 1010427438 963496555 1014434033 1058049012 84401156
100
275827390 426434728 212284664 222929007 251661552 941763571 852488048 377892124 758258223 404790794 131982454 628796504 961060358 1041566884 466352184 348422735 644308326 971546497 842324617 385876335 504397603 495815904 8083295 947285740 749823093 859366918 494679891 299374397 79827321 794391486 342601764 460616349 37299630 316515028 515925300 211966347 240542841 848986265 592312329 927615306 33934753 551929698 988883150 465877090 727533011 112524041 628065999 92175133 687263519 299079018 191672576 487929867 606687609 1040335591 613885559 14543998 291631929 655437541 460236526 554139919 69206427 38232141 306586434 281767447 307587392 363406860 1063468534 979267639 959299244 66032531 811424689 663964880 863884998 205720919 656294843 492938892 945680218 755688786 757485700 482533843 649095066 828639104 737554462 932649303 949422233 286307939 331363518 209986185 941153743 854808448 465777983 687907361 343580056 308695008 837877150 83701914 638296500 192656 29511551 131960499
100
917074721 341471911 179562991 293327324 98305576 777803136 401617174 564887260 582937023 974339480 1022720178 940921623 156212227 1053886498 507998099 599529667 933565844 547617395 591520587 687530103 894113304 633741958 982275251 146401711 151683255 157828985 750492772 623385419 934332576 901409294 785620799 435883024 648572291 424924459 714805990 477600549 91523094 777829978 1056133696 1036327064 828466833 874214985 245776889 944569815 519846193 231156043 274482431 120141367 891539128 868364246 917258502 618854257 767844587 647884547 863482629 889465376 9466131 495601938 235197367 171795012 340309117 1007853027 1065929755 824338369 862261498 894065533 236190197 633294561 154184032 617291402 705840203 545792206 1017838086 270951129 651263976 895816729 381683020 900514780 46130140 366826806 27889681 128765224 408194553 631398141 395013691 898325239 1020532568 922608427 647814963 777489065 107165907 853820127 158399078 448543550 790200200 648910621 842017733 644947422 252055900 800541006
100
328029777 861438325 57686974 79463008 1012771719 757052607 546406941 1042376339 446711826 240178793 210086399 474695646 625478311 805854309 507548508 59552839 405366433 154606571 1040832784 509397335 53662846 288189942 805030236 287318171 286446176 632710085 892923491 544394276 258831500 817171292 236594862 319120136 620987886 360039425 769084841 677322207 208484500 36020927 1047295012 370606918 474637871 505538278 700295378 492184671 537550997 840007305 993743053 850717007 112022081 318413566 327749648 583364031 924921553 231101794 367608316 366800220 740045703 216294162 762249684 367935576 328660937 906025523 104383296 25651174 273157538 167642668 490044110 658778817 633549374 631524391 389437036 491241894 169741938 498737043 642713072 143627221 305956657 360056484 583439248 808518548 807837208 444378834 588958826 685001388 84533731 98373974 215496957 486434538 449343221 498902960 239642030 922490527 859275221 933605412 792345413 964683041 1030720939 665420343 761341805 608520008
100
482931511 655742263 441108465 395866395 659868337 762426775 527778943 423196348 171460345 890017766 732838229 1052707429 610251173 48009822 30350941 334919155 866976786 553286305 820761476 36820202 791452638 491580979 651042107 667624686 981204844 308013819 45363448 701032011 9744995 13563846 665080243 742804591 409803311 240639172 635927657 276889194 841052799 353102857 863839389 296642421 798413253 208525837 328859858 469407592 936000953 1001006637 1032054546 55751489 138268630 315101992 190626154 299693476 70642140 1053896610 967729771 4210518 95976012 187788964 147448235 203241409 8409327 684838938 558590018 190512500 458654544 28285268 894797134 220817056 8642877 368188805 945119855 333107611 172783946 1036064327 794955851 888636769 480718157 291343382 210297611 925671950 832788195 658460368 1066983132 402170213 439253994 238616123 658453616 1027041100 959189765 669295231 361155962 955245134 185686044 232445096 722266422 805649432 544682201 980842277 612157662 648911356
100
69664332 371485750 802188657 986730439 412305620 968121857 1051612304 434477730 185534553 578588809 611617433 557693816 941930971 616057371 362670188 922778697 909520447 1018896776 759395601 595852246 158704333 185666214 113149488 437322280 398027184 182678221 809398425 19752202 653009529 3501403 724814014 1058962570 119243421 1003024432 699609908 865445756 661106162 985604147 976340278 867753975 995434294 407219659 490534178 301555669 71508104 1071858022 319822585 929715511 151573485 255129589 153714915 411674368 66767820 506392430 843121577 464308565 366687090 892461897 1027752762 461611555 443975567 277338372 304898854 207846809 300867256 823778463 905534246 793514665 804766179 577817889 955176850 702060428 142906605 240335121 486189545 244246075 1068207895 781339389 872204621 490647798 415187845 769115639 270590724 123913921 1054915006 277287442 44661496 280389602 663492143 251877609 265198648 946907749 1038209704 585937433 814881141 869789336 464422621 690380739 900423046 656368527
100
582490891 552389604 901815201 888171967 249327771 348434735 935538921 603279817 281947424 196854695 497318342 259395911 338090444 605238195 282152283 355092706 719341779 769936478 719575056 607532582 810234350 342074325 840400911 1067479042 344776411 757717994 631560647 395718476 343271386 849605268 150449261 784344891 163840050 822944365 150013558 657059307 807457450 932467506 178741791 8254685 862973456 831461959 794221029 127406452 473809334 635194160 494103821 900765048 929147375 1020794905 722424861 60946327 639962263 394510928 436692321 67832799 478250376 885185221 849840487 760204358 860365606 466621072 767115139 448442658 474198740 88841067 187576908 843094449 916987261 109385780 651746333 178865299 979424268 350428525 417676181 605968459 823151603 294273468 872650775 56818625 1003654056 799391339 1064785483 104201922 890554148 838049769 528211099 362844799 370412642 779519559 984713143 825463306 668270566 24049083 260353810 745888476 799451443 452867872 415283554 503461202
100
487901301 348209443 773934379 182084948 294542682 1056131349 684734988 11175622 446525334 261652666 898045948 869958718 568876947 570333401 490156008 457605077 888808672 899459070 356921376 184424873 803770030 449355511 478672088 143436890 290591828 1073139032 360243368 73177487 353711564 11892216 792380685 981968495 1029925939 198603634 488004325 900098088 68266572 846785701 310594295 779141228 138964222 904206645 939050601 188836335 787831762 913053191 319336264 315528426 379615606 968739273 713511172 1034523547 830923836 459725160 96577776 844601027 320677531 510176407 67387078 538278438 5969837 52265551 804556066 479764751 477318064 953849161 545192450 559866569 500700294 1057116294 794517324 90146599 296751668 226005960 191505224 405754621 370955110 682297366 862708002 334079140 502400490 429884476 869638506 863019130 46774064 515539272 415474323 450260320 612771025 238001934 592228727 671187258 397712645 256784549 934810065 836631923 778628907 68946152 676853441 883825526
100
955244279 923437900 709601590 975927161 872309427 631474906 359437735 518465169 185264453 868247990 389844290 255619708 967727511 919145874 1054713477 1047754699 249962713 253695488 581049969 898975540 752695038 465417466 990979338 140559891 35730236 869013338 671660507 852172516 397766800 467950947 9345135 787333578 196493880 588325686 237122777 763622668 343816247 298031454 480364589 1029305746 880767956 457452869 403991812 407873388 457378843 274710972 166415356 1053873739 205554266 676558711 663476278 82118150 142558885 322504079 204807127 909693719 607407188 796238334 680662151 12772124 634236544 703429158 713760757 669410646 136209545 117291851 539523152 473244461 1033635474 276769556 546816207 909320362 518038019 726880270 380019243 1019071739 48406023 624831017 541357856 301515506 462729228 571374393 383584496 467802503 366993477 760651638 1017011167 1072710738 673816107 473429500 989563832 324764689 785900792 419617100 385792070 871687976 847605802 682436553 3932636 397203996
100
945904700 662148558 53168151 86683155 128464465 441502453 35343208 511594907 300872472 964972080 772566528 341963821 812389764 1066884829 185301493 650466846 195346159 905845604 55892482 686260995 437557140 655285676 365070853 131298872 398083860 324315044 483891073 287100764 411729138 823304124 780874266 466523859 369854743 84581737 926239771 29233731 513508430 869844388 473877235 733194519 455280841 58079084 628574131 253483263 909539994 615827519 640835474 540162670 233300027 80072869 562992233 668505371 1070287623 387844262 797424952 546047104 217042878 4748366 985073311 975842398 164564741 175792176 149062501 678985015 209014244 351956448 582896885 748652755 291774022 1068281976 427897820 504129212 502372220 743823636 456065101 325724353 1025908410 258437974 12206749 816144247 307937177 845623778 56603591 187412147 588911764 977488611 282928616 165245457 671465355 1009116293 140903620 575107440 717386306 731484536 74933824 426419572 892110563 890297716 938322662 968363011
100
673376687 251506276 87985353 1575794 755964264 921929741 107539892 773961253 559533664 702077782 106551160 904812873 529806684 493140058 471067147 553465979 648094372 1054280791 1004527914 824484538 218693255 933339695 715311315 1023048426 758038997 285258472 1024868809 9785428 1064829539 786761260 387241492 1059587876 666505099 80847562 862739838 540676330 327032489 428805939 417886742 159266074 653166495 685122045 92730545 344582540 511643986 877945444 84451684 636435196 1000492586 531364036 474985483 427509131 186517654 89206560 792632518 765148476 332447622 208109982 185123958 371852920 83505903 704659209 187130181 623402634 190382155 576502094 593779483 102863908 212815638 286655999 900546601 524210137 696290642 961302227 1050691938 155905184 219823108 557822500 268791549 908648535 70896564 116700015 77958389 192853054 182552817 231095256 355571593 764874104 36608203 520563363 975953852 884688270 121767255 437614012 319121366 227021547 881777199 444652080 518080481 318685536
100
220667058 800072236 123009698 27463097 124246551 613787596 784670407 794323890 366077914 617229590 903949517 421714307 32261273 141184551 992623379 123749849 553425046 417768284 166625246 726637541 401425974 386237914 313518550 857362396 582290053 11068423 865421446 466811768 400698801 617227791 833094879 83561077 321602443 811475552 434137525 694253333 740785161 51585582 524450881 158111389 546341830 119207408 831349917 52491733 598733953 997399009 910124619 209143180 383407514 475851392 66087087 80959250 152677528 435677456 1044713360 447621309 1047109029 422580249 922510235 314901092 690428944 259143653 114952928 375366119 848669386 634948355 661590355 243234725 698100970 885066440 889405772 973730563 823871017 352330697 639699975 490725100 293555047 941707875 881197605 554946124 594527012 895997747 695852074 959551636 599684615 1031895966 1036915453 801695289 586682203 857564746 67635306 107793717 758664589 987299747 561495971 865762693 958644911 825550423 826090939 616103337
100
428078042 176024106 346289959 476852034 84300003 156100428 924029703 251400587 631413229 671881953 829646424 725053812 1005523895 758525583 435842730 343931589 343732165 804556891 1041637011 631209959 345481436 1004608308 24803883 1065396840 719994762 717901672 1063863183 656227195 347930268 561322797 939669345 767810677 213692325 983511834 1001281862 555188049 612259710 298056363 922243175 174739245 1043387072 224787648 962843633 391524555 405703244 1054798878 303441813 531944209 543242180 737698796 627157000 525946761 296335887 483311672 780560260 606952162 834533849 381757040 960092741 596903277 573496848 57648617 1053266702 607390625 461918312 554309724 987565985 730576535 364728792 1064405604 1012045130 686836878 357703451 1005466625 780344661 702222696 284583216 595329303 403001747 1034278700 662799835 569354736 332896474 286858882 713223201 712399798 441529218 879609658 366506192 338817274 124413928 816074949 687656693 1005828656 741195502 190032570 989866083 441964080 560222329 441554259
100
599988919 30351346 316051949 504947006 906333412 713001158 301949836 434835109 228813243 539015910 919478100 189615178 990297765 4474696 135056657 699838804 370905582 906214500 179541936 946480815 1025022790 25776823 531926468 613243785 24546369 38906179 978252290 1048168919 72870103 473469453 38542277 360303310 702771172 1067642526 1070065546 828619626 961745833 358063235 6731637 566571242 901349961 249131469 1770443 512769361 968900173 609503634 31226742 41731047 652232481 426713194 787657860 999284151 114774421 982860018 95775912 712723983 341545052 612925517 451172792 231147266 1045433488 273582750 855149101 32947689 519802412 231423887 51467686 337481694 251925649 261758669 996072805 546420287 842063618 720946313 388766928 1001540401 439682343 919893496 283806193 787553819 570728334 88915412 48317943 680695846 846626853 188553434 794942899 416657604 926186178 698331722 631544348 460714534 691813787 886780010 984506571 951684548 980597198 105746691 400696448 1031635162
100
480646626 857728411 636602597 264918052 266355033 512967331 452438057 844377972 636609211 9672899 240384558 858193781 629027555 775402568 371693631 1021629240 471859374 360648996 73387498 654393265 773647740 506637166 454090114 672053305 764656051 719282144 720147616 640579338 662151484 764140632 491188382 828700102 216713220 369893463 660263707 701822449 533313148 974425477 683722362 304290162 293201434 963545131 55169634 344197910 323837398 183543735 246439999 255276813 806182574 287078204 651243456 326112107 645799970 260294127 928930647 535820456 619551928 475498411 339635388 114461217 908029561 868369774 571048298 474918549 673692530 619716058 240549665 40769704 906441269 719738293 466245730 603807587 85595733 629962857 303784182 926328498 397171949 294193284 914010728 787011557 776263962 265535545 219521158 387803695 830044284 136274398 144784868 947829546 643731385 863836268 958525528 67172178 534984443 651913218 1063327103 915378821 397194861 121810531 113424183 448876681
100
737227635 191713315 215276934 849365421 347654589 1056284714 729282184 762678889 88080112 838897912 773530110 750147122 134798429 93137532 802420798 708666571 375338875 181966696 470809599 949782775 613454436 621689269 278528733 493451520 470781013 875941660 917777880 278511411 526705202 219260317 189297109 767538786 235929343 98492412 208777244 742037088 549002344 740936255 148856536 61575305 542569274 203963954 466993562 977402935 757726184 239867875 919384535 984650574 78593799 335526438 938407781 937279153 938259922 683582225 855388418 346092234 230242982 284954753 5197005 1042226182 518130055 1015657620 470520011 664279895 340775066 644905517 498217827 515330736 294473897 946690420 379749346 1069105549 5344674 478428243 877044472 687354216 602902296 56292090 418302778 766636613 365801664 172898395 1016932766 806922023 239502070 410175150 222578177 989897368 664091446 1039432687 876215204 733827877 447722659 495291995 484508075 1023360992 271581315 735039735 382403485 197465309
100
488245257 869616103 1068613557 305509993 764628381 285340249 408525830 916211247 217482753 252688551 22589424 17499368 444064841 504516329 927201433 619526672 170819276 630015515 935839402 318936643 23851940 13862558 797256401 527283140 867441970 1034770613 411071037 1038231290 239523481 159841545 70431525 39067373 208523326 1068094758 479226177 1053529549 587232334 423762940 1066869327 154997100 231725880 372452958 959724176 780792767 770494511 335307654 127314248 436886368 335144361 774927759 104717633 54694927 100375010 843151866 341289288 94770988 207129434 648243754 188694703 545922111 368819539 596065255 573522890 1068087665 264957012 28346847 746118258 383620112 534966953 841468960 936503941 233382159 290208992 667623584 814497891 863991171 555306573 436183989 432533363 820094759 169956743 235231389 401777820 28884185 550031593 45064696 69604556 101527323 210387730 277105225 1060600181 511572115 825292645 243473528 59383051 622409355 636999306 303565906 83294087 1064851825
100
788131592 106650343 956425560 969225528 838321068 748728235 242401910 967176419 804686775 1062158682 370220452 1031104677 681685894 922622715 975886561 398801655 714083032 842134428 230788047 1064627866 484396370 696068815 495326260 176502544 277363451 66245928 25540219 559892768 32325824 1027528896 506121777 520240982 23441649 653597109 896732808 784895616 264735682 787068584 595415767 481790514 439474123 1017402685 600899351 965409091 647596681 675315358 117502056 669956686 819658971 88935417 311164298 613972018 777127813 1014801149 521996132 523464338 742028208 926499425 730634625 105922134 56314728 812441182 88480398 1019925032 700349981 370216240 418548958 190337784 24587554 123192216 948625126 86977657 565740593 595534173 640928705 50012577 1035936230 228740550 1032145836 193949997 995037247 35218465 656381067 1040779803 13126946 440037440 481274467 357748781 18080471 596474615 633700318 691925101 300650634 1069917855 538814154 631260580 658375371 454122390 406884506 204131553
100
647201981 832134883 971647480 344444202 756538360 526795744 363019264 962788829 139740850 975467247 8241620 514917702 893993558 257532178 514789011 29110890 110321879 601691503 303484449 732226737 1002427689 50481617 218093988 449164390 351670213 524753700 930552839 675556155 310930217 996641276 1038780026 751832258 809363542 217647887 67245296 97726197 342293328 200239030 585425567 43246254 453994402 749547121 240930436 789310512 501165271 344044384 948383708 678824860 427590402 850829514 269425324 634656125 427878199 177149850 17937467 619682621 609433616 618291165 892344211 982983597 947446313 301738309 729172483 454685569 221256867 529292201 621592479 239363538 811939237 653293443 266727358 677303450 206892758 613451376 215611771 267456827 393079269 428448692 719476790 239889657 826483970 335537331 895985680 656298363 933332834 477251961 1070824050 965568846 790265278 816946483 752368262 1000560738 848668372 660430516 203497916 923075723 1035702245 285739249 224148551 205221377
100
778367877 869301662 672077792 145644175 488751918 703718651 79167657 72908734 793602638 279294431 115616447 617403669 997112171 707307660 81179883 743623656 363626415 214525578 203522777 95518481 212417384 501794595 146503065 444718956 921983625 837965798 108344350 736751707 405998376 306109735 604931010 198382658 660773886 370337405 896413888 82667788 165047530 808153924 12486329 940717220 684945262 243967769 946886960 903307645 569063216 779521633 308714510 593890059 880319099 316404417 583830558 166074952 954196667 528957351 794322834 135328304 544509189 937785024 100447868 1035807813 925276812 608121984 4858710 829777163 576287021 748668061 50586491 543955085 579226596 215631508 933801899 559845078 797719381 559866403 871517323 54057081 567260740 819071949 26059555 411884298 1015790109 43506010 1049454942 825126307 402029421 113600083 492395149 461800800 471574118 808077450 555483109 661615075 932065119 90444944 301009148 212609489 1062450002 439218750 173421648 122464082
100
375275821 765511616 881939605 395484737 742673725 226072848 991922250 321441510 609751826 44148330 295244326 458571477 812520594 58801880 115922786 458239420 216087912 289651403 131497789 787584750 308598660 713147543 1035153269 652706272 1064341401 280768756 171006162 842392238 746097054 338257791 347706268 379718292 308512078 127359799 365857823 871082100 116462248 878973696 223477550 670390614 385996399 617529891 415024798 205441252 854843050 555970764 781972934 793928170 897910565 176370827 484771333 520654556 703426031 340457684 133370684 314739280 438564827 995809151 272574544 117358463 444523775 12583240 891657130 636009161 1008891191 461583952 55212982 717662766 200252579 194891418 493816679 140930517 132433956 911692431 919228081 1022113929 19050979 982360954 641115918 665108534 889669067 967422989 298221562 666697329 68195850 675467483 311561079 83984622 293199764 397572315 416288394 638011911 46440096 270190059 143375804 559956284 178238249 10577227 1065986457 163394477
100
31531038 892189492 790586530 1030920818 617870317 762593442 830189060 278415484 246922019 139463034 728838369 380287896 816801169 251630428 771069419 508500501 2277612 19613287 1629690 199891206 857657674 199147968 407028358 697405633 708360617 78592018 244033069 921444706 531969128 1000397833 437458227 582018889 704027596 916282582 91608573 465125272 494109309 831353518 684034453 869702838 548920326 241662795 564386857 585001678 322090328 952444521 878921100 345900113 1037204807 550646346 995056052 279492208 582081804 430323763 192850234 926012834 660021441 391874797 13644253 40165924 55062504 24451397 888561407 938327156 318051813 241532556 1068603942 983755222 758848127 625539863 10251133 948168911 537029219 321166016 489368144 92116396 112742305 960257891 264322451 262577916 61340205 978484578 519957596 1038486034 57923679 350332962 379764325 909494148 405897075 144993932 632646795 1022580655 669656074 503031692 398418257 451968816 545366696 637922965 961333598 1010174828
100
309997596 437072890 95069961 279579258 345458201 154649493 873447027 585834668 180003977 454356545 856061016 749169629 611325422 13618739 1057924652 983777157 218925005 1039204934 296878246 239180288 489023279 287645303 189604929 208739599 192548129 942713962 170449340 588224085 370588468 288603108 584406683 654710746 617916413 1033831247 972657059 866099340 913808278 360484921 336111457 568087737 33922075 737019861 193941156 79906455 371665454 537032568 51076351 905236157 681741684 927315229 327113544 603944103 943993110 162222050 758393372 37316405 465965121 414650505 475706968 807437612 411579046 100993528 662683041 746780084 606877946 1066613177 168010462 787632344 73791863 577681530 554193592 272848905 412298330 111573647 1032271905 18628251 955000931 564502635 847331530 735281735 1063235416 777475882 578482603 86070184 1047251586 347490571 62294911 1030065854 579188526 480878062 249446213 981746542 987947821 307334106 269513408 10145279 783612244 606435194 511710456 906985374
100
763733146 320537271 1035851483 919174020 312637103 854096653 943802410 988528332 215695693 638690253 463509091 880812984 150382766 12983822 920369987 928084401 47616562 393128618 622747625 527386662 478782681 333438658 714663257 277322504 148658635 92203064 859962620 860045130 63675600 847929907 839045406 670533479 1031470297 83442079 756006255 1044312027 244345973 161587626 443520899 558554025 118985308 479860808 234063698 285237460 726575592 168196784 539062200 808592614 1006564247 516106718 601024246 680085868 977450379 547372815 915062575 619669623 819645449 706662471 901979884 730571036 796248574 836912334 699804057 816100341 243968373 440908206 73611270 335163295 78187554 30766647 701669606 442936634 274795482 829714556 349835603 501030124 1009031960 832954836 300119368 504570462 197424506 69659481 930639910 342524221 896180290 1001671276 982803760 770415034 573864663 803216687 989794318 375584011 349069121 388740873 707898702 267641320 1051906736 634881318 1032368862 716316942
100
739967733 851712148 269787583 1066427910 313966248 202911910 1045646913 689437823 17984951 256970802 125019 765354012 744034653 30050231 611972571 1065448769 189082394 289319834 1038466322 566443634 781123887 397208739 838750549 578419930 170849061 786153597 986623870 972284104 266722886 372693561 219015786 997214766 398299682 67891915 971138937 1049663777 930305292 426254732 169880337 719490652 368998555 370656438 22295835 421936060 1017445930 411761131 791604612 271680709 592464727 731948719 908042430 1033056027 974384775 580522217 909315132 743932682 1041789793 163120998 461830905 647003136 1012680527 4889174 669315570 545491213 16559616 656434125 794160295 111074666 368625129 750411843 666970526 160977135 547396799 648238869 468190944 240636058 555897854 365024002 173076091 965697295 333927781 698329774 955470590 690136339 951293816 350886178 246856704 264245776 263778813 195847754 337044121 290294933 823165567 302456694 343858662 822784723 1061953742 409329626 976052106 478849825
