30
100
967868115 1063832381 662909647 582712501 1028349019 227034752 673103602 175805431 63264687 667931881 873434184 621168556 216782138 535154805 854611781 678326761 543170587 400374515 117111379 414301656 140643491 967533703 348829774 1029125685 1029466843 3924521 875386631 37430228 178079995 698143780 789383617 413744153 400819700 519928983 180169655 924721022 246363112 1014572535 389270164 122300433 91507372 669538699 653918457 724535283 908798541 322069999 568140026 58046426 148336008 467219858 464170657 172766607 637111376 918123832 931211882 662082161 403820107 1010371192 662678470 459002353 1050611030 912120382 132008856 3348500 943933437 126279499 733568698 698853364 888669188 499224752 823754873 479081023 343703777 737515607 419589397 830829494 275233342 258005370 798141507 916202416 881343100 488490794 125701035 223752852 326876459 279841481 728557929 329996386 950575507 969112208 789204624 534311723 335752495 348217354 952818082 941700500 1061723693 783290007 884373785 953263448
100
312265194 532608482 204138947 429990796 60816523 40717789 822340151 162043471 872660566 15720030 239221931 877822007 1061464827 500391599 981591079 534151286 703006844 737192588 814112585 418491891 257572273 861494437 575604419 32659912 862230727 1011693855 1038662618 763994564 567371197 176318483 5695209 709677801 609965286 306872334 606979548 386964463 470626665 408838288 314051253 864554944 949151684 1012587661 1069664779 600930298 490003525 624440559 23247238 148567920 7836048 642147089 107069028 583597225 949591836 980955973 118213623 768115807 879359925 587673424 764940837 217525250 355500027 230316265 1014201319 575345715 1000535266 643413053 705527242 631542601 522199601 504930926 50345073 678672335 866871555 50400271 615371536 916167428 945985096 950623146 195912179 813531993 90704197 46090298 44092661 223729399 360393232 422670257 927875594 810868279 347680789 755089779 488038325 505239079 859846804 470464729 220509074 731042572 397323552 289499056 99223758 841085658
100
910053559 80479913 820797374 575640915 706155044 907190011 92447381 672093253 684908576 544722093 303416690 871764699 772001606 49291835 977978908 697674189 609152808 344369209 454678669 322909478 585970890 929434571 90405236 736144069 292500773 963190059 237326516 93241567 156086182 768384550 981001187 938812539 873523372 81551519 684071116 791085044 874042381 129348875 466847725 143249787 491786129 125380852 933142266 685019539 575909238 545625463 321229656 459090323 567922411 731282885 1032660131 405682728 794889877 400539045 944516904 60764624 158513932 847284209 860294763 392737631 788652383 283620628 184864675 711937150 749807500 755196307 610808889 968784935 168392457 55958657 76973133 711854379 904623934 743040520 787886385 963356844 818272264 996163047 644827115 862123171 979004472 672170479 710390711 473805403 941364242 628579461 716525699 586574068 544176079 388760356 985648498 464996321 911774235 47645912 1003249498 1065311594 140446359 929327299 369967942 499653931
100
602610843 399446260 31798931 736027750 27505450 1058921815 186170214 176718910 92828365 83635478 462788156 706241617 125350902 1016444684 267014399 927222403 771329963 1008203462 630074225 885971116 921558532 270176008 344621476 268670746 652182704 767654984 628785792 330944269 28579185 855840561 979056192 367539514 820427931 129754914 367383797 856908873 614563737 494552237 711879937 169944919 240110440 522963992 511760798 844797045 209998618 488021983 45484373 346486567 21773909 617118512 695964807 675908325 357148626 1072010349 784835560 313263517 456092638 134303662 49489662 285209135 544753372 418038076 959732390 566287088 963855296 773259287 796106640 459359272 1073707669 588466289 578068670 1017935508 227614457 573107761 646826505 178723300 844750492 127737714 174591644 1056481086 212766661 590771969 511770487 556235705 755249100 217210594 963195373 607269603 605958561 890520267 368637478 156184892 843586628 855151271 368401822 400389817 263485771 425039124 148869540 835719489
100
30673381 334002652 723412787 787514558 355048610 1027781310 302207455 533796283 270477059 709678100 85264392 905505594 690799481 357435264 192927849 862160181 93695909 482275060 586003500 392990009 539885279 324590391 501516660 856421609 523508912 627397223 1017474517 67593338 434642776 1023927922 567711958 577960246 969599561 209476507 595734134 488330233 917446825 176365307 3398052 447936439 671475668 980815102 792671942 920451060 152140249 247433186 444141107 460257098 417826808 296607291 250437305 126121447 846032170 98369906 425474072 255684620 330838169 481332289 310863236 541215887 259676195 915937592 379250727 6757210 241797851 504883516 37372316 218637289 432407432 332388867 385650294 989447120 594400037 251309209 409039031 941989171 589689695 186620893 159959641 422516045 738404634 418398980 859260873 783885033 270317293 764204054 15841894 925330668 66248609 413703788 322519815 586463433 909326517 524870968 473058418 184068363 1002753245 907544061 994072038 154586063
100
998698771 325094802 504428871 1046911540 523691557 122501915 754385464 315017549 426090162 498334234 619556476 793187404 844472463 252232860 445057922 368133478 518848099 633327008 841353929 98925320 621042729 687352732 984051816 871692879 253773234 14766841 30019977 735367566 881775904 593846418 1022386921 118639308 2337132 518140985 437606234 573779523 755772642 133913395 772705858 464245987 645278624 651086518 1047908890 865405644 335723034 1058433650 382985967 374063576 574581657 905998085 837200099 929338382 60807351 667452549 18643629 631051824 1001485796 911984891 94307349 733280814 58964453 965842658 1065828473 626590129 998151247 12787628 823450956 713670801 740373520 80467517 352512145 388509535 207822311 12364142 810798948 1066536412 565285607 650907275 422489201 376968576 314787576 239918038 631760507 592968692 867985238 112587522 915349207 742671768 660402448 855948216 1000108014 551806974 775116682 805596693 529988543 668187757 571308795 256126250 72272474 718520927
100
533066107 394524774 560607747 564891847 347095937 320157083 619077308 603024949 428656168 739218249 200108447 1039465409 182292817 226075344 653968377 960535366 420699217 1022616614 981369287 277901941 321812593 814253140 1048804413 944738641 898931564 776236025 1057440832 35874993 551909875 125017541 862840043 822055105 198717996 580576511 112948750 142335873 443254319 277402624 360545962 1063702340 66250376 437785270 428746614 47068467 415911096 226295074 387661149 603473864 129689012 322474458 563807230 554104147 979012708 1007333512 983095339 893356665 1055921189 176007273 528720490 53520559 1034314568 870651598 384309623 942705859 639131025 904533406 817943744 1038984532 427794104 654227922 952512232 738949461 353371371 424862200 216528964 822468238 122293066 19158194 626719073 383025179 172881002 277098292 518276476 487109867 880395475 602645448 55336200 526362178 266079618 742000717 522461228 620938807 272991848 1005991092 793088322 32544311 251885800 1055732098 330983258 692567424
100
747124306 15888565 745435047 665646738 913569872 460571978 676340499 418581064 242436286 91146564 254515071 544550324 527893363 685768577 313207932 388771581 1062554966 875146261 792823788 74775746 800727784 307185349 1057262728 394313875 1043019448 591183245 125870172 62769523 876158956 465798938 725500742 948127325 305649854 3638609 83096954 730452156 1608957 534099910 933129728 351979249 960411784 308198982 737747252 186676944 963286487 1016015694 152115014 587274275 437443698 190817937 854332088 443455270 549965687 691462005 1065223907 391458569 947493912 729239446 526835314 928175218 817629211 437439810 758288868 31551480 660697176 1041100284 857050638 245229737 839325503 387791098 1012886167 410386052 913097551 868624807 891154555 96924928 565292448 716046881 799699081 615976324 399556698 520121788 622553573 978571756 100017468 219673469 718569606 171912971 998777878 399653023 615433145 737500963 251482447 842666770 812860572 435528814 484052063 208759799 614595748 643290009
100
503640613 29295639 664317508 1060423764 51616935 580917395 1067912579 551047695 619969852 225735557 377216096 391948368 306275030 75559091 13034070 736197493 1031457819 449479859 310009303 502189553 345876967 506004337 205483720 73245384 124154312 494679725 706564352 137886740 488702081 788350075 417162956 589965698 775081096 535193025 1056314222 610232021 818473095 602598588 352740761 1071893090 190043614 809081723 19698167 367362963 180037407 721635938 130104739 812607845 762507921 1035984553 725719215 796317929 803017903 632000731 74598560 1012327366 698368678 322339672 855974637 655543989 383708378 106997971 105625475 16375812 460845409 456915668 616606532 562462228 700128902 655294518 141681283 59940315 960202056 466723754 496335753 305889635 631872472 620649011 802396436 235849289 551497759 368155048 437189843 744145983 512174645 257007414 464941547 867974026 51060459 909673947 233375605 574837636 716223042 890940652 838277885 449440027 286312946 61042320 973746949 810888528
100
537011778 1006479744 664572858 315901112 962692947 900867671 806359297 757850688 142820197 694544871 653764963 162106883 951714033 534505345 814108466 29744059 280732098 224112617 335155539 86368215 383352 768879576 287545792 689902074 315560967 732636794 384760839 249888634 331197493 201566193 466080714 1036701154 266301983 713367504 435335997 306351472 110854580 99442592 456516011 226778008 211315000 1039623518 275474930 621237631 231776195 710997499 718698754 741759616 676285376 572065755 240520289 369794731 240081262 551615831 1020194986 393612609 1001840994 954904379 208080905 650607417 271113987 624772936 325849281 796043711 203896589 552266419 905921446 350623919 83824143 509686948 719381155 173582622 544829165 425623736 502570806 414781394 243941726 89523584 274301167 657004485 74944622 156024576 925832181 1034859686 842211582 293153073 593618816 84206935 132143167 1043319423 773413984 968255088 650146363 518426187 1050723188 602682555 100599884 928575338 1072024628 681172918
100
68612772 82199337 871476244 47658946 319353142 749150319 273319484 85520642 196227920 261023289 937542856 719627022 842816152 557666125 321043208 1065126758 127245478 993676676 543038333 40827870 673959302 907434060 890972766 232591644 839793209 265685798 611106838 292665629 176182067 532878376 418651075 163776944 306652894 16544379 477857209 420996857 926657558 778044638 441631229 197917168 418110636 61302817 618091211 533460704 626302948 953296299 701664017 467940328 704546038 909586933 211251441 551260029 352800144 282573581 269119555 596944614 149047378 399329044 368893200 749690047 886668113 485302976 1015432728 258256759 463052436 201007067 222664525 110550993 273868442 889562050 95685718 206563175 976789203 667223526 989065997 220741410 493458466 521682510 1053113857 240121283 1066094434 83420180 915007221 976492126 1034035165 142638051 142877023 217734874 267384278 416880256 515398890 122504818 132386049 422788926 35461108 590500918 191194886 186333832 1006797329 65324427
100
1036489819 1054600838 1055818919 533550853 171638473 315954895 704212758 553024660 89358455 635251993 236121144 811772201 438367007 705806024 1046205376 517167534 807195151 548628211 358523958 123977734 438130857 185487587 159779190 90631556 203288801 1040222872 510505776 116444530 1060565442 534340 906460006 949219212 1012837865 755184077 701422832 236855938 1070453256 369848143 562346491 459136633 136385381 924316056 304968326 121274251 764554840 659454379 759909091 581521474 249705680 472820286 227484220 340354081 986655951 855706171 460945676 414204443 1043267305 926144322 967165858 246505242 671724745 126855206 96085154 640313465 642582445 258858860 540359555 253648523 385040101 73067983 982815505 908689170 179789399 1003381950 546120684 848822216 1068541182 937613532 240140040 162109657 191847271 1027052672 722912300 298573671 91550258 526785075 745318515 265646085 69300375 884307764 1006030029 529262909 661664478 217409015 917316735 402568714 1042151654 447430817 29567903 595634270
100
955958158 1052290457 843735966 304482448 469016524 491576237 101685025 480355921 70573469 659403630 336660660 386678034 33230585 662549828 578121496 52840467 791040522 973728491 351476867 975801642 180298669 709508594 336886043 615013184 200868344 1053171261 430001534 514201812 366337710 968325252 871816509 935535222 802513357 562429137 22597980 546699597 190446593 435467526 998568660 529252754 682477870 872147797 722711826 417992979 567362282 529096902 24088693 248253873 1014874879 396415924 661466323 1060428770 671471086 915854928 97410037 798055727 922574183 492827933 741991446 105070263 936608467 1043213682 41032296 202332075 180910538 668382203 517229967 277436368 921244317 616172345 879427619 903267840 184163533 489187837 169669427 425938601 176003473 847016433 331546813 677405260 37469781 895890959 355386935 808068095 586794806 790663463 778837769 602646508 742955398 847957086 264728336 572293584 76887630 257988010 459455773 1035051901 384105671 252331607 694394228 807111512
100
398424453 990112846 577487579 793352636 804647591 672094295 758885652 493796401 559338501 966245680 137274660 16962889 666117435 870993390 589917378 117862596 767076792 152014745 211348150 725882773 374081344 207627182 425867614 710361697 920992875 116941470 1012270380 296688643 876963619 1007994445 474037029 590812171 676649770 60892307 16058211 227492154 354191506 545569214 551560085 754881543 773173826 527762191 840136058 612948253 776598648 442067256 583794026 567446491 117283650 864664292 115086541 163346642 803096835 997291823 411958433 518074443 116387061 979494954 618249208 777930943 1001523617 127733081 470306423 848523612 909593448 769873460 152969945 650204295 136933118 487468201 598141290 967985748 989034473 260132760 146584205 685169424 999044870 427621718 694443319 276828600 966467845 261811755 630805873 690069119 217150696 285220564 480420569 1019595084 428978824 151874305 881542945 454898745 935289104 731445208 1004006543 903114261 449914240 100298352 299099260 437867747
100
1047791191 856651221 796543065 698863673 46293005 552172445 1065954402 1002749990 903688071 473846633 216808349 495597121 607303341 345381858 734439899 954904110 619188187 1047282503 547559076 267966565 367544420 1013605864 105500595 274849968 265046794 682654892 506258294 947520689 98933384 344218508 978584463 802519641 99998729 100827158 586299221 984065650 844968365 346697707 890199636 476226327 550069515 115271489 988775112 324081207 1051713962 1001985889 706870310 337926165 1008500614 1036006698 107110804 296806858 77536658 342366092 599084140 710097858 1029835824 191604238 627763901 162972731 380848058 811521865 586244554 720987593 1049264893 940703595 245432457 744826325 685113785 379612853 367804964 322581273 832062242 373579773 899522684 860044325 337673314 575289133 671954593 724440542 300409620 213716930 645411675 199406073 719177675 245799758 837032869 240280964 942440585 603738102 993516844 813268830 297870152 764667636 225751252 797781690 639635573 884550422 272158003 445626784
100
88020797 334883092 633668460 518500109 338052319 478514678 1019306829 578933781 305310342 168114827 235719367 556527558 453683791 321148217 815021106 26174543 716796012 1062071964 274960696 400895317 615424418 844649474 90280283 33299057 9787852 648311277 336091245 383506864 580680278 634848917 492047637 315544081 1040861378 731227236 811722577 937217547 573922599 552699000 91850479 302020100 993845421 174729508 662346258 765565658 555359250 363974767 904450995 371085406 149247528 798865043 923808286 560781269 224920148 770451583 654022001 622877302 223756049 600467030 221750816 811234286 248095851 725898734 681315188 225676510 819421829 151520594 764736007 493094236 895201299 321322305 682025545 372780910 374638816 784294828 338093822 219748754 728087626 196537915 358679486 1001662777 492850113 15836361 581368692 537625927 115808588 246313956 151086816 754536597 713745923 401837902 628955925 15709296 402104470 389325951 726589435 1069529879 856490948 765254944 1028093646 997259840
100
799453585 911339677 259263891 147231329 1022069604 972444876 817488174 632365623 72693727 186292114 1014615071 596742263 286993022 880533628 1051753197 1040436680 540381040 60432616 10594832 619240931 154152469 873462411 786870388 432449045 948378502 781252076 231987707 316869569 351747341 738724070 37655031 36987612 745314984 579890474 737041844 125906032 813203850 524469947 776120044 642327833 494499483 353409648 181884497 290562955 585038067 908596341 556940806 1055868682 104010851 580525770 1036211238 40302064 97764332 339527618 566345020 402664490 864429125 889452678 347055817 715299260 441284185 977959824 529461698 454627641 103805383 885347120 152087823 978568779 802383713 35348490 155803662 960748593 555463597 844846998 850666765 170542140 590676327 13240991 1032754131 276032593 699653117 885193669 970423320 92093802 968167953 480593403 729444360 701950485 1059547131 436654857 997334724 870714611 497621573 598204939 938180320 771331898 228798509 920706544 347326694 523177780
100
797213692 1014710738 734043838 578762839 577788486 179754389 311849418 780694810 608532027 891978131 255157469 643825534 453219097 57052964 811926417 57547206 377518197 834772502 623302420 575393768 821407925 77168425 450430120 690420239 639537047 535092882 144587809 884215578 614500521 778026617 761591402 26724122 448255438 48021883 388498432 460492248 610430399 629490984 54684533 368559436 243485319 772951174 149985262 934991911 397934598 591936140 140040102 161225802 886743664 390028456 162867817 822052173 610925771 524502330 293101594 372713209 156374900 357758486 797476653 466323406 449777307 143383302 954772269 378258302 878983362 554275910 745268023 160398704 908172610 50630918 1011593341 613720894 850508485 741964268 398175429 644022071 501849549 501443471 416581864 270506718 198526764 617808125 745560915 163180905 360342154 946613814 584203913 853340739 634080483 949283502 422789022 520999818 109341446 165587919 361667774 652391569 32362519 779399029 1061639076 192614495
100
26809968 411107363 614727727 813972021 716885765 1028000417 894586350 546244525 879644525 919938711 224155328 132590058 852697173 581968146 312327548 989515058 204486493 105250613 653192491 741884707 97591705 693267637 597322637 342219050 778960403 978090587 238680980 883818253 514345030 293514374 1042649062 916045154 258372261 547510694 618532191 997424149 890786066 1041782978 253615501 567023846 640570215 68747251 1064915250 622611944 307073009 762671847 918082246 12347396 923442671 851722591 425126131 749489524 238370839 739464625 617351447 535155784 687791890 611922758 311572933 20146404 176542716 505382173 436897092 348456064 462389989 1050737735 1034828814 33387431 8078674 1020558953 859178835 36826297 834151612 845128765 27315060 643167849 910648591 615155729 591682184 651009599 118873901 839836742 357693146 501219094 825633641 291275218 24683880 579082143 71670797 990705343 428822630 914485469 965085140 616608937 275823033 539104423 125199472 819947332 376651133 350573610
100
360030932 589718656 268361316 372224172 111796916 557860548 210413226 486339825 576903120 82099713 549067555 223066198 871958314 800090144 611396426 365955278 671987800 154237377 588095087 69583426 836842500 498622646 357743159 720951568 885150315 682243718 95631640 402420870 1030838751 717161195 242454750 381344107 948972869 265670228 375294249 344466551 477743768 860390500 235282924 958518487 773527908 82421361 885705200 784672426 564595019 739626502 438494543 600194438 423624836 159580001 618439673 116530931 753965655 599247861 659826738 524647662 948811170 492061929 752352530 650268776 626774871 261537176 968219908 1064190917 110216443 113663503 749324359 818146654 689089321 695043475 229206896 455137791 670647309 109968664 457561574 905602921 818842090 574159306 354254949 1021538001 595960213 456454024 387490684 648855391 597104887 798700388 376036879 556427441 13989262 966225444 915221461 325571925 399839980 951246532 968829914 391427410 721506615 525692146 94811903 859093152
100
661031825 304793205 442243499 873238284 607644471 497986118 604174292 922118214 589561006 791580620 909738480 371860171 797590390 66476088 440856775 64085796 974354498 65847052 251482518 265644399 912751479 1017958561 885792910 629446623 1035933616 820490402 513520466 935262520 670798908 1053339791 700150653 267572052 405673886 1029027388 1047324954 630026656 750311948 906359375 30774570 1018610591 510928881 218687173 291609634 208816998 495006828 1073200493 383860842 360668190 632601551 535490155 602615007 613591174 398685728 288241335 172855121 868426095 530209179 671932060 379060998 4465726 327986478 795889721 688409397 851900781 54651643 55246339 677633420 706585353 546140890 772380993 831012011 284752693 127536340 629446799 901522087 685515431 789789609 422317660 822836104 496975654 875978571 6803307 20459466 102468114 167094113 1030089046 755613408 802860764 227988933 902916358 453355948 887323017 645386502 942371132 232434953 603837747 568526567 566272268 1007209538 889723528
100
1047841373 1066412951 473411145 991526038 148830314 699447999 274657228 779424365 107988547 1040494433 26376059 1001587703 949749069 931123098 247965011 1054054521 21345214 18713722 38174566 716832110 635257634 994569350 1040769113 604461318 301280985 1044465208 174126567 878029986 390193814 152750714 713101148 872187737 775942369 872537903 868138010 600410231 670734742 200165803 631978519 861319672 380412004 888875317 710620253 468224785 808809296 267698572 930599306 184423080 312254767 652547423 32707149 318538199 538812463 329863380 393838575 1000398445 494265422 718930946 972761799 388062572 443500001 881864054 182843589 875074956 836810767 600904882 753615848 538214839 463425364 212530345 74107080 807621515 538548223 273446469 668787981 863507931 982990003 362871522 584459765 52502318 475462890 742110928 662578898 545936447 268759917 647732180 731103114 906312315 843263197 269620135 928547606 407952006 289312302 567708278 503156227 457929398 176818982 34654560 812360948 657979798
100
652484859 1015063325 1061253221 796584018 784688080 337393866 354813333 773440697 514175194 680917462 422840140 1035883054 1035734539 7781428 822257126 197849117 905433800 781141610 579896945 773841861 929423976 986074641 213001519 138067644 470988472 506971734 955910168 627840359 825440890 226459260 780452181 379422083 429814753 222892120 810729926 929172639 887226134 914300628 1025112957 994750111 360405175 548660332 968447041 163146811 402651219 580719028 716695564 1001163133 473840367 968686544 75111309 71050311 950082948 865278714 622231207 700717771 1063307134 602790143 1039433456 989086225 340387134 221753282 245295667 406908020 556126873 551131064 359940335 1064157221 772642136 655148651 102684885 70049191 36808630 783662328 687787853 101471825 954241765 522364560 32492530 19657423 634804617 650577658 1348369 209013154 991867451 189708559 59926575 894444955 571740679 279067965 963002496 772619364 541427438 95836165 683525488 830551287 810377829 121700478 276703006 327810596
100
833461967 518176476 863532304 330273561 216701624 542998961 714628017 280378114 904542730 1042498263 508600147 709817302 720424746 135120445 311815957 923323853 688535442 280863493 917086829 1039608723 977316432 371586567 727642016 758521033 762238598 200008781 794849867 699369604 835146216 541322645 858784221 829106124 963336001 1060572882 333109274 687034398 397071598 729396395 547096473 865635819 147311457 1061060091 484917831 631115543 844561311 179228239 630583267 915987835 882369987 284373099 1026593919 428599651 375265145 401967302 143558405 126542864 778422915 440866825 843446192 418245175 774755128 768888211 10897039 6291072 464576256 491809272 657893893 441603080 412615385 92467581 32712012 178153695 247503317 48295582 901893869 291565707 992965530 521929865 651847497 391614083 432755424 965824928 320487187 827023541 628669431 415375867 595488212 22174209 963711806 775975396 893278310 737242300 569314221 431571033 809535354 241796398 327837004 587641229 1038339602 45700116
100
913572199 408338439 85846302 122365095 698172929 938965124 1042029938 822697562 848626218 427143305 190631464 196693547 104433637 884024681 551937739 506990346 98839272 26103628 58342366 427282423 1071399710 356214702 740963669 92193415 154664741 933216222 476006680 484792678 588580561 233793408 149702020 158193359 810741159 480060171 166489065 764357398 1010398563 807711308 746281741 135078686 901030002 828860130 445630887 133687011 235967609 127208127 209916133 413976562 492784844 786110125 521111270 112353260 166862071 408172743 936356161 529137415 865141561 1022503675 428349309 399534732 240765700 173791631 684088727 340257626 745602943 905566617 681479807 732277858 820948484 262877062 647081626 406612265 162592930 584869268 602336833 434007113 419330203 301658711 167883841 965795312 723677415 494858040 511604826 971661919 795660464 889528049 991980992 3606636 792724948 104023058 81395101 733710336 689348455 979421056 1014632845 565301402 145408046 960343792 180891168 232318923
100
334619504 421092699 951195576 765158393 829343711 514320695 499477915 888042894 837623664 171435553 495421506 105365626 80823339 382897529 1069201039 545943432 426749292 698509331 1013278198 1060896823 678151778 238700728 716693762 3171640 279647377 97588902 108748240 614988020 672575057 624715788 904158354 474562564 765788492 749989007 451040781 731937719 1063643396 463972296 71744027 185535631 344659275 36895684 73219626 240428228 10928328 955679618 198147004 1854143 849000313 929217913 686677733 540486560 921808172 935167503 884466896 510606777 43836420 929849891 138259002 1058779921 810558202 692951428 238340597 299973603 670432346 522854775 635079527 105388316 485909570 109729589 360538376 890371808 759797542 343378538 1011332840 679069445 814829647 586438584 203821350 147256214 867323991 305517362 367164026 366936401 849884078 921141985 449790636 29264426 529373464 1040460099 681250074 319043526 722638893 906846150 1026043702 838305281 266045400 481034578 293691142 632640872
100
654533820 876982691 309087680 758294595 977364820 220588474 1020465277 387980798 825575256 1011684878 843201356 491244358 452415102 164528116 941374089 960484650 367742062 41085397 275573705 671733518 161997126 813637039 887820370 472111401 160208916 407751573 616927134 458331912 420532575 30849066 82217436 148379145 571833759 561855274 496384623 975539169 751019968 599789026 866626157 958371095 264359844 950299059 379138849 76659590 516560030 1022785171 5427337 880168159 350957559 146344331 241976280 622035236 385761132 996062010 807732725 824635695 840654766 396762704 527960571 278486313 689379041 573816340 519393207 645186323 995266333 1061342431 21710381 639026496 241737968 1023908511 850001428 1020879065 193048027 295512917 392834133 447476824 274221776 345515415 379714703 156669453 188267195 630788367 311538582 1063369372 948254966 41411833 605168112 14429053 1065948114 149087913 695133783 762924411 463771413 9099267 475430969 281130806 370919031 339113473 768225851 642783137
100
290932529 439858354 156527748 595320637 519682612 52869160 869763323 18044503 506106945 522467293 125365237 143964666 254521247 1003854916 379643574 533857059 672270894 559787393 174134101 878989762 44508127 561862130 243079999 319182653 682077495 1717411 576048562 920752363 247039441 773128152 179340867 777540250 1068698329 43628423 630514520 437690634 319665553 978560987 247123119 443800688 178129359 120535986 407030229 913259252 485151869 647208736 414361776 651236147 45988376 121516522 879784950 926611133 398923058 53070348 372619699 506502296 1064248561 355190324 1060446663 73636795 137268109 1026617412 887903334 852227476 956832981 960770004 400306326 106393731 234749099 348720301 463557300 389661276 698092931 311689551 774302447 958892777 720482024 566926700 418243532 419831398 680840184 548763755 211966112 64626691 176699875 737014758 343497753 301919334 505374319 462540332 605097654 150000678 137975415 459703487 265094474 87303761 728560743 1041663703 82378621 623053543
100
116537310 62647883 1017916764 617047709 685687283 870664835 290207514 1027386913 610056295 660519753 1020008957 981096204 30444098 111938708 479079125 1071730993 544654527 765687217 578030567 764401907 900605387 898117566 866609005 134149582 595689098 108092464 13597201 761350351 10184146 255277901 712863094 832383767 118340271 811643571 333021871 989600859 580318941 1003168719 1020988614 585728359 38752593 671519335 479542071 794473110 619163825 1000348433 996324466 851073628 300182999 30718393 1006239836 24191933 360572498 258367519 431276750 895858899 537976548 999119958 563332629 688787787 491304453 910167879 315217264 753668328 846030430 306901804 584542102 999257599 377444688 787673621 411113773 427235322 571148651 706481254 271251284 527136213 132019447 690900823 56793626 657233060 587882606 338893683 480382724 864890379 702114047 333757209 932549515 911552196 547809037 11159806 762191771 126190877 448766126 901375657 873119766 987185015 850807853 685458166 637714767 26213064
100
1015312532 14330256 805675290 832291316 1061883015 99484564 258701322 157524052 820229286 836237581 499285834 766463429 841600542 761576735 1057431327 196364052 988388333 844482275 737552099 253302854 224830824 495115237 469965700 655134479 618163381 253880999 22664707 589348188 156726610 155170076 788886007 244566986 150248076 867388205 714509319 468753452 318027273 202790200 1004720243 103889928 392861247 260845196 112712076 130885403 447300858 459395054 463167032 727538129 558407130 416320022 905097327 79705037 917910738 124620851 254512064 350693991 361532587 554717795 130036685 901270313 640327039 557426748 674292426 783126097 491105086 826657606 625772546 1042020691 24079404 435364223 610457170 910987604 63602529 570939349 892969644 147922352 627520328 824200367 417305238 1035909748 402824224 619727461 901126824 532167396 639761022 109121987 172805394 418536439 868512201 875967626 166197267 412862166 371527357 614678511 248288387 458416993 373759465 494679835 933987402 479427241
