30
100
748418559 88081031 483119604 886774714 384275604 27137103 367075174 657405955 874538597 234024641 695778055 991275334 804864891 406156296 766976562 509039700 647238049 1005769653 535590980 362831260 625228005 446518077 549045021 203618742 544942107 649832054 334575524 429116892 873523546 125491230 444831296 975298668 928695933 677691988 353146719 105650536 717356451 1060968221 500197362 313938677 147621295 273086688 826029551 39844319 281666248 1064641258 205245646 1071529492 899025626 189178348 536232461 75223845 925129236 609361016 449032621 241189064 298096488 851553159 778963634 690013016 441714959 21054197 739175334 912047187 315398402 857844227 102534934 910668507 1055132034 565314517 158844948 709026870 78461328 991029234 646778547 233333838 829258101 50203335 869964943 220843570 253226812 609842724 728602946 275022995 320932659 410341821 86529776 831357512 328993902 123288490 937664188 802601674 466916676 713961703 465374544 24119993 769019856 707659221 539262810 893761621
100
574189239 142249481 819889157 514094154 1014405174 710024084 951797972 1035600323 291131358 950464435 467283183 727499014 280870047 1067148324 222257704 730027651 157460300 344924455 816150134 973707628 76043039 648079875 565654643 875735097 286451251 200112511 125113308 866716966 134701577 538799721 396900885 648999600 173943812 152324115 142936739 896559132 913188333 1053979345 283068335 279557616 426923631 64775292 26329738 437502584 804004252 330877170 888904739 860390978 501485926 760725139 196416915 605130914 642461223 125117125 803074194 894606383 251586329 759688818 581394430 302134084 221350623 974168709 704350299 1004692608 205082619 710460529 241471566 636192582 520613205 32860841 999637281 312152126 852279994 371120425 3487555 681080274 662933851 590294508 466789061 207758514 158450762 903486835 68917213 838108241 81021184 401588037 213970791 94178149 322959322 553413225 665106271 1064002667 276204695 56074733 87438184 821207584 447885020 779358563 924675400 558662665
100
662870367 429413737 395365100 97417472 163212282 841708378 137534805 327759900 936917330 612902476 905313298 74593336 681995271 415921558 997148343 348938220 547386816 812675378 507432987 700587189 453192612 833430077 24806105 254194546 484192994 586746747 150443472 29252839 753564969 721566160 57036964 978246205 862049584 727573704 1030873147 872062336 350452527 916299536 878066496 917013024 876466532 883562234 983439011 75109745 650451088 42297085 100330006 663908138 257375351 483849779 157877394 61839850 73183332 786622682 856797392 1029213102 492329890 835657940 563964369 1050783325 81303044 576179750 686301015 533329980 870003806 894799740 172591721 3314810 200713481 498541220 417567187 712186790 500833379 684762383 514375331 881613875 167170381 807560275 990691501 729527035 291785131 569982635 546374408 1068561337 491894504 747279221 178213008 371777933 999711343 695059379 23365730 405682044 255011379 26559115 94200418 436420846 1003949352 606680519 176636856 922092078
100
350594646 946283342 262205678 660045966 148783305 240680532 760888512 921994366 46769623 508976317 739485598 769135515 573983449 179332543 841805410 531840368 592112206 543032407 737853775 951111048 519341144 635542467 923028614 285689846 899936062 984468486 658067602 488502734 821884904 792643175 379767517 865534377 320410214 307868146 1045442104 986752037 1010801258 203694069 763571031 800022627 171287497 67473541 308021587 532893832 377969405 981796599 763924006 555385404 57472422 882159207 951547698 173171502 422392580 301829684 1037205947 767180173 270494847 752701057 457245544 580437136 95368736 745016502 934613702 937865456 84119317 157302782 910507973 68185449 1043046961 519482823 299162681 630248253 15930985 117730884 621597786 813102768 314568536 751894766 174528324 891880333 18611644 903246079 772706168 83241375 617340918 473270774 563456857 424253753 597004942 449584150 1069905328 177246127 555258029 387928294 889667113 337998811 962167970 160174002 254464468 986841753
100
7303688 227230628 196774730 144766455 1060718653 148129011 298073173 164481064 647671270 803868156 264798114 547719888 121810527 95802976 103245597 682548079 1020983623 30989730 176892217 533100972 859219714 881329067 15641962 994830289 65342774 336720198 356067498 219257677 781886286 684839077 755026421 921877809 186775290 579900890 692483788 640711348 935768237 9885535 943495094 301524399 862758942 468792975 661320891 45704482 113576135 296310826 516006375 975091117 475235945 16084181 762117069 769948184 724935046 262162840 427602945 701914059 618527718 757862494 867167645 396671830 708164883 460417144 150497725 493809899 685115100 431834907 730252291 1042619615 625703382 766461917 896646931 690194477 597019094 727356732 390766872 816420082 324362872 208363799 1026596926 823017202 559487900 475196723 355819318 215231506 343801315 1035740087 170162613 67063004 672339766 332054448 369107188 390991102 708009792 669451662 667207729 439882699 13085679 991431589 944103725 282367160
100
271487661 305506477 956968928 174665038 574778947 27919098 682254977 322428337 692354406 397437024 1012565885 1060758302 78066426 784523698 762079194 866184792 576695880 623908036 117988162 363960679 1052861308 315121904 491452548 1054198805 670454822 392301458 456676881 635908209 102094778 425100 916904576 111392592 119272464 685411011 461610250 1014901959 876824036 840161439 705844750 977067186 612596055 378355855 906682254 68699953 909529708 852251011 246826417 374072614 941966732 327801712 980248383 776666296 813801474 856656848 974857768 17532370 1049182336 620534303 463742973 85532324 702144409 272860255 475407989 459411489 280291396 1064491925 515952618 233857664 213246047 1067130954 26884057 268501436 331178282 1046720266 932239206 657125908 286433224 404798696 439164373 696816779 821921218 251421689 337940754 152370025 526080387 881115092 700481066 951013048 133166812 657529368 406469072 326516936 1031116674 632301286 1060040921 325948075 179121035 571560291 160237760 278898873
100
790304824 362614819 908930830 906854688 442530322 772292420 385666567 828157774 99054114 1073645705 268234441 376392490 477267101 484325628 841584570 498906174 197090109 1073686731 46672134 169927547 139227582 58948553 1015783707 942191541 1048040034 693105131 546459949 846117413 1023992430 529385421 309336499 109752037 360136363 844637995 783714024 72705399 645965797 779560808 128779595 126047551 98565999 323640842 942351903 702001668 104289182 340066107 147256300 41030771 645856329 345869898 935941884 620278428 277595984 974331432 278563295 698427507 746468626 770318828 597204455 626643024 925680885 629329231 462032813 529902448 970674657 371918129 572418954 24959601 970030789 168681490 19857950 813934042 916599569 644003481 850504909 78255761 372647739 356369425 495952445 283516514 770408762 799299303 298998490 41570431 811368718 918982958 853050706 842738171 664747318 629192987 579144474 553970254 202403640 629545352 748299494 1055128532 939216924 1037529717 632454964 179432526
100
577173891 764047043 237565279 1037966151 655092343 143340820 951063824 272274868 975677373 281695472 560051788 148179024 899574498 317650657 118417765 178013496 117802265 128933303 994126989 535763214 707342264 1054370564 58508382 642226039 860613816 1024537505 574989395 575895452 817985335 30188583 665380684 386629802 1036469241 656094583 525129742 983303762 985436643 290369843 810125761 741373257 18614912 815924802 155975792 502525897 332984956 727133520 29747596 1054407183 1057090091 587013451 791405674 268056283 332086787 735039463 193223360 967193587 811779869 962876955 818473260 610813599 221207480 940768418 450647981 312506414 459132854 114393211 404169256 930906737 450725150 158290794 246190308 274979899 808357016 392556660 57303310 371774951 748901876 531578983 479526198 865125841 771223715 911478352 836912592 252003547 878763068 614763522 416606644 494959338 275998969 21816982 49958559 621181799 344565815 163048165 835520944 222147007 126086394 846314000 977135595 486039011
100
679251449 270894778 197206217 967642695 164203975 404782182 515676393 59719050 793227878 211292322 544345792 309201090 1060813573 419005697 592261456 339100324 583807382 744353147 652927646 494981771 638091089 723818733 679679027 932914421 1035604273 356649365 520205212 805121027 718572661 759528857 597731051 860811261 929174305 710346625 269801779 543141836 354719866 95434425 731928335 699437439 979191182 38883345 412842780 242541254 896265642 603264572 340208250 774498682 339251937 679813716 49946959 1009271827 681114252 1032899668 855330628 584112688 656691653 428385181 949699590 943152403 438755818 381712242 106867654 7100450 648533280 746188667 743168954 466145639 766708430 679064646 967667354 702380561 676920350 434710465 349958435 468152049 957788287 881241538 1021353623 736921854 295158309 291931263 285420859 803290577 939815560 415640854 714386136 175771690 726519521 246703111 227109179 227184745 573170864 848275892 884210358 1007938837 615646776 530406120 112410268 1013257049
100
591092045 283475400 888037250 235935830 191775732 1039308567 11197826 18763205 114180049 499071977 574691696 345248162 219435069 1021000868 524124166 798310787 768229235 968680753 923291426 135916229 283055891 1046178173 997791301 712179462 723658913 83517946 724158231 872487081 652649990 389568539 267081185 256855893 122800654 112354011 234744337 335813750 454398185 919524151 49192634 156913595 697958571 796979375 222090001 773067670 601293261 420988361 405342961 354025919 140560297 829029518 290414424 439895985 409520385 49335051 1072660200 783014700 833964152 648277970 268713575 24231601 533818647 564706934 93108543 327833097 1022880458 2505746 917045759 480430783 159005409 651185091 493642456 14057633 916874384 888924969 210185760 1014667843 7165295 961445611 338304722 388337019 390842874 727330608 784681229 593807334 171427345 347690022 528784017 215114594 378838394 343601790 111930181 981265042 40864858 804407278 305438131 399715678 730259392 876308398 458149770 713434480
100
67561212 866654747 940763831 182329278 226400664 530178781 568768488 810305379 206921288 1017199594 189726456 881560229 743701333 499274879 279416227 133732996 418712332 968456576 326681065 559545317 115472447 555460081 595054219 27861008 207817410 348693374 412815250 565579056 773096430 1062255348 112488137 342333142 494062368 103806150 256104510 1050289783 118467131 570485129 980664005 601822185 914528802 789127800 745648245 765365738 107355967 834734576 9763624 6165145 183776767 490302453 268787967 690845691 638832468 58754732 768859356 729580663 1005149489 979938015 783775463 1037768538 255618834 693267580 652224778 308666709 625237617 651977494 613536629 501329146 816712530 127564387 309936410 784807746 736929976 20370108 418200626 197236746 992450861 262025632 160281270 1063336592 643259198 471466545 485681894 755328507 1013155325 7988661 241092550 155080145 945018238 581882902 765599132 371843711 300304218 259640419 329782900 311212501 991708975 756028749 39429788 548022151
100
416746922 483070248 136080813 178929738 93949174 283475055 472886595 502769504 970511309 1073649292 1048665770 290406666 538643570 806373854 736516645 679242362 895048524 327319944 1071214685 714164710 66027363 28900849 552899294 187525894 61801191 248985926 389450904 910912408 704117674 225205235 588728926 40351709 788093857 687423790 179090282 890394393 259707238 880970604 945951191 910018582 483539129 1017170154 889457446 115142049 1055300346 683714597 1025714362 262277900 644005809 998587490 806285404 619761835 259607815 243159591 485199031 760576087 534542410 967103424 10749405 806547950 483083885 860831163 498796992 832184272 810966149 428876652 893142202 737944420 926834765 36750186 240142854 564771217 453896355 582593552 674565188 17934149 240188937 507211773 681371129 267400690 453782309 180972180 381039116 492945420 366288193 215520381 962425930 168447372 841929931 989095970 1027346916 233062512 655058390 410768947 500537836 59248952 211110040 441993762 717594075 687807339
100
350273192 682629646 913537552 426879947 643490366 1000762948 592376886 949536221 768363429 1057154594 849017196 977139175 571326047 754766255 666086985 721817681 693272371 1047997912 346032357 693436587 630569133 969661677 195099998 12847654 111144859 1033203490 499759701 955226137 378963857 851016463 951252334 889101949 575100774 926254641 630933459 193301106 312626613 24149351 612801202 279364280 152249693 840088949 506373050 647149623 346892802 145140612 802582946 180979319 576392329 897834400 609421475 12592168 512018336 298242873 98242297 751510428 450729011 475479459 342853989 745603912 793505272 960419990 351250350 998641223 958244837 382915246 489267483 1068747991 268046516 175228395 964337915 642647257 71575398 752369715 147833629 446122581 1054793661 1011735499 874127448 1020731380 646280896 288155618 914877188 753117060 53073723 1065787655 68459391 755032696 873139772 384170413 1010969770 473399909 829804439 259191470 1057843306 159730055 1063324259 435717061 711935015 730397498
100
915346450 1056787791 445373568 610778110 736985754 712713684 84591746 469127632 933412549 1064243370 958446855 852047895 364507358 822840906 125121278 261712318 210449047 50334002 915388154 552790005 1069209474 1023578723 934497713 206421679 732513689 438611426 279138429 814946594 282418615 474296119 938728923 394290763 83063836 607200753 868735470 765103464 364566764 793106975 622755580 480457339 665579697 598071512 202538480 818023118 22076629 609423541 1001172695 81019242 29013033 1052769874 640438627 244575134 389892961 598337744 619109739 126455166 699108758 89009750 555836265 469347937 295068866 625778827 226852090 1027636579 609235527 348713246 840158562 827164129 313972585 698166847 649466373 1026651135 386289103 867127075 986890991 351267109 875941894 230412419 847528781 252141694 396464638 1025990941 878027250 912335736 67307915 883531314 1017571795 966479430 184141541 904060934 773522059 585032801 10935592 1043273316 548479192 934540547 52222677 591901976 594265884 478531498
100
75935858 1051153885 466176155 237302367 1037863369 662842437 1022823773 420163249 432761846 1056463010 734791994 649230421 402216917 697620711 209836481 185599551 1043030216 114977578 1039225670 923413958 297531699 298184228 919672161 418401065 132009729 1040994740 528625515 534198789 859879453 938874716 102552836 64773600 903884538 117072578 246358672 865155746 102686476 897292849 232780213 219258134 644858189 172463893 275234270 394679150 120146105 314402435 772905147 135689660 709959378 918198702 724971199 998850170 158527516 296887923 400743329 874148611 768886946 378460110 270454491 423844887 597131376 373509731 1023426606 762990171 815773718 455708918 981709852 740999895 4711724 764685555 307712109 141033334 88010440 3335911 269238443 320622473 723180041 892140292 257960613 632736837 292882064 655551905 160477936 211400000 849443586 587852728 317395297 315316472 139673991 198359911 772388244 1051430220 952095822 797850736 376568680 95401985 387160583 878803128 679735169 996632382
100
576406731 418259909 105609744 1035424424 993882198 35099615 857331943 383906310 51087020 707893696 364887575 208242243 377560899 149156376 85233240 572624931 785497652 1069863137 619135303 1051047921 1012155582 755959253 538991075 117291513 335278531 1011364083 721055504 757228299 96531017 482936574 596853783 645242111 341475834 307865086 760705316 260016939 820812708 676592061 839556039 444774127 260782522 738078794 158220148 112806953 599074514 923745914 650708483 105735617 371744293 1066366050 298889264 694053407 263322643 377954782 515411484 480606127 115064476 992824078 258377674 176873828 412685799 747138259 101758371 901692211 374719679 800280918 935692530 883324563 503845137 355988610 463504489 221351684 52986991 607287429 699237531 283592324 162610320 908995155 448567423 20935195 914803661 988714531 11037172 882398801 49064358 261532656 1020343863 744199091 317141819 283112441 281957998 220472146 682441684 341037889 60315681 838296387 831204698 12115983 464364987 602092320
100
304498288 1022607117 395518085 266999562 846150832 257360332 850305940 470407356 853051365 829096462 51538801 771770220 541724772 546140881 37141191 883381687 527337033 776838773 928306242 511844321 980620788 286945084 186480403 7535695 240725127 477693905 672295791 166927371 302795881 860220350 315957008 1064155972 95285701 348305396 1039946162 631300554 885622540 997354311 1027789207 52802454 442657135 587611888 606160900 528634176 571342182 819793673 203756994 828852359 898356011 685200148 932593566 1073386701 42851136 243377781 87976681 357707672 681749221 282583283 845343224 41955603 192139426 623034171 943970469 533889162 432683204 62004061 716327116 640161010 906666455 259372365 495943375 947766622 287056177 263621475 1061633555 924101003 887797607 158515932 110568833 1070860885 804779222 874389590 171252742 298377792 262909467 1003032664 421973267 602205680 458670235 15744968 853292317 559893681 236578556 209110131 241122846 676901104 572693930 1015862664 942304274 430252223
100
92607517 779655547 48055893 680673643 1071276969 203408350 773410956 236247209 585650824 38332484 754410337 562597256 974656123 429322170 114268280 844904647 411304229 864988113 204967830 519577578 223592591 223470366 876056357 315443638 559079332 352284091 299054259 38462137 881070774 994730436 583513459 359379391 682818551 186273755 849456826 365796446 608601089 960925605 260867715 562379627 517325391 247372875 410868716 404717443 390165953 129073402 1050380215 864249220 156503324 42358115 772320458 44415760 925515656 565692988 879384751 138474257 551957776 333759932 634860565 335743535 326057765 229117987 856277837 149125980 222306588 554242096 502970061 663962697 377874603 110598057 1011141553 540604910 269571696 478461911 16006197 585821446 719115882 407557639 430161980 580476560 807995518 666261514 84483532 39502927 7461107 107086005 726878608 827071819 901654774 486007906 721164117 225924687 604768023 399089006 1055881869 41008744 148600778 43092153 489313999 1017416556
100
527372841 791863380 913403505 49255211 527438119 269257852 413481041 657653941 456733984 227119687 602574381 75564937 715096581 85719773 489598439 205449489 38067403 378028551 53101222 537288599 243902444 287016627 662718806 71194315 459632613 843533171 572851493 719467587 955819958 113559294 973014024 398045174 887715173 27378862 166998836 92486849 819826299 651760897 500499365 567476450 379790469 962104857 1054318234 732454528 718987668 915840060 731195926 1056705568 120911037 202990164 62594401 499694897 361967258 496069231 65185158 357587586 1034038728 610920000 171973075 882887366 381393767 737181596 18645083 663964439 404977565 796309759 944448119 803034992 837973523 705617413 722284864 600974130 826239606 969311217 739605015 284795296 307873015 310417961 899558174 514465379 740761292 517016247 667068349 321742342 804640429 393997002 328166685 741506682 290897239 209337139 226100912 294514580 164614669 346437865 640881319 126524298 343543570 460406149 352605818 743253882
100
239415238 321708900 973861860 479530292 1030980623 602753765 1042130218 128301679 517197028 154526526 857750551 661680439 41147249 824777720 851099221 784023140 872116227 1021567582 29060853 558515411 900037260 490608126 261396204 769849830 1005644579 645205291 544857488 164262402 325784194 670181758 1067462943 1007729936 607490694 161446993 90324792 1060852478 422174387 746355522 860585311 539004987 180112558 275039415 642498941 151405117 805352640 221967444 630549087 945112063 41067098 32081798 585635890 980691579 862131339 938201595 390722829 513474868 204328588 508625448 91327848 112334512 345520181 728446402 291649693 579721462 620482181 681352773 184357230 521781780 471737373 670348656 1065909886 306467995 181957061 663716295 611338966 884877345 166770407 854125328 868240994 182322622 415656463 647372503 555460210 909907087 364165489 387384554 607288890 165025335 457988963 1068614620 871917394 583971673 264695518 176838022 874332726 941217823 1045818369 929573762 76199622 195567798
100
584836015 417873096 669210063 897111147 867634352 1013429345 479066400 7815715 17300076 744263328 1045946849 1067315043 386640527 39814644 79292752 493246845 499628296 1023469232 32155437 655247848 138306697 340486030 419315262 765441725 527344395 765039145 109263053 518271804 814892615 813677441 137262373 841347141 575418429 885820539 812130840 518016224 951621553 1071782495 986434428 901904054 479288489 233410392 116225705 513972885 232287472 832791287 922078973 810427631 112867479 735453873 266822232 289903195 932853359 966642268 564063648 317018131 830175375 1058909366 752924990 40447093 137842900 576121822 906298784 1039521667 842270044 539328985 857049013 897839970 797807882 598071566 208532852 574141662 249728006 780465355 925999701 683676645 976676922 788343230 153627606 227314696 312413654 914450044 97727991 471756029 94686156 576261117 214906814 615824159 865628244 766400030 30496693 1040818156 843050346 315708446 1054103655 184314502 865471819 397504801 558273766 508239923
100
533695664 189467976 951950558 603800259 606774071 39813925 140788627 642637483 1072236166 754558491 30162694 911934213 381691473 283988042 642470413 414840546 945612976 481153753 214251553 40985754 172921503 901534319 210540002 681639495 808861823 1054159802 1010923920 717828682 540864147 145659884 282028946 631566278 269619588 676981048 183308019 147290912 754237150 1050310490 197087712 493900421 529098129 331555852 461516331 155656804 847124080 200089490 660142539 1005701616 289365173 530167087 1034438490 582381471 977249915 890316717 446387861 832284077 781401411 789618138 683087072 230203034 518180464 93921029 865906112 682062248 334922699 99721093 761113438 692809566 391883775 657333554 285452043 308119047 786887454 953011178 523078070 863024692 336931610 289559054 736386168 358651702 780969037 175248642 923379977 1062988709 1061230066 176657840 318859847 637355484 402396841 262135046 796495030 304331898 827073783 891943027 946929403 293449442 790380483 839485038 467685984 251107772
100
516838127 849734484 92339058 623942509 731055092 999801320 467224756 579704974 223663614 299676242 475459828 1040661430 316041361 166681966 668627691 1070638402 23042743 720148792 929005842 483055857 300709758 202338643 1004418602 99632744 664613493 947697541 812538293 695787950 544814131 499131448 1054782586 238603184 836187857 865928955 724727044 1073449662 435974762 1041532671 381068324 433967884 281336226 79917979 262252907 434626354 157705756 486122697 242147249 258627757 128021763 774695846 912800145 601870428 49296258 715756278 722466282 877971203 310844236 279080861 274490463 798508491 624459541 704807207 402110936 867632832 411903766 732045889 301331711 864234834 446954893 113363261 330486468 53120725 581618491 971790483 734647002 152931073 872547300 815988570 106581047 919106674 274571986 192195027 420057496 450988328 896866131 1013121503 712320506 357399305 51659062 1035403139 218562850 853313627 782204242 195496299 828236823 1029841994 962380288 863020389 146521506 451489640
100
1019721954 204218069 755417127 316102919 750606712 559202177 1066236769 671709224 595602786 35787454 1008958673 904716902 546855934 12708711 108842903 743794992 193007182 1033777307 456947384 273248885 952205176 692691518 163448220 1067877676 99065158 949005685 659146895 723183054 285620391 86004014 678788416 906379991 43566636 829756054 598973252 202600776 451849868 184811936 508767380 614283560 914370336 298831237 728905227 472920574 114215527 14412095 312782825 79408985 263407748 791658508 710020691 222543177 322652091 626784753 269179344 707144931 947412215 263442485 794548173 927248576 602063943 162296289 366363418 631638398 707895645 454326343 694195307 643842622 13291534 605383544 872438489 752745764 288113876 556881612 514434142 315674587 519109967 615411038 584218204 543338510 39026879 522370702 818730519 997748720 324006028 353499773 120152374 152521397 63416511 735004308 1034188358 473923862 289960070 202711549 341830967 634258897 693713588 889543208 778788829 959920679
100
1048776520 1021117040 573356637 99086015 907593940 100469772 931150395 498744565 903649798 574992178 265646480 849725249 285496927 1060741701 1022695596 270357035 907793953 911423502 986903780 759046364 856640212 210634809 261682449 813409699 461087681 1028466646 843669009 232833649 771162746 161477081 768214853 118004060 960708432 589782937 510306066 372305184 782007771 807268693 406335328 403181977 43372919 340010666 1018116638 437808202 976613825 548636446 111117756 234063065 105250589 182074009 458391983 58631568 453269299 287388135 4647664 922946526 112032110 33480503 756250749 837003476 629996412 813203102 289576919 924479913 914918865 1062465173 238631299 920600631 1062670371 310122615 360361353 253379451 601208303 609872132 333156344 813957144 271399667 857987297 309708128 445964501 431564722 946210070 1047496534 44455706 115549683 591714190 417825011 619154295 40133954 473710490 681048918 805805598 446631790 794655343 654514717 917993316 302107913 407727011 188360688 342173764
100
293963188 76673783 1020451547 61090224 916013697 802568542 7033581 380902453 1065495503 298722776 695598687 825901599 422867909 706993177 948737467 633647444 637410672 33625435 821316783 260467071 1047704896 837995738 398234254 427378832 568695177 988150872 46490317 387583802 599053059 911173786 386868615 569406836 149323083 298876392 536223738 592793337 937082720 48970897 993752328 774422472 303322150 530003301 805156279 275415204 240755430 281646649 688062897 283521940 800090060 608323175 888584133 560318564 66448488 456135499 561821284 706474275 722849838 863890631 3943461 926459555 102850806 299577791 658765889 1037679869 331973500 584125598 141204247 566855690 771566561 24567760 227260073 566071274 313419304 848806470 29695774 336024961 536866490 190516213 840268606 703145717 844978915 717353559 436106489 67175474 557830482 93074664 588020192 1048286054 765547165 609606058 946211754 75141 325095867 469760417 834969777 42912454 353852552 951491928 595137650 28145444
100
203794779 861775889 901330653 485668372 263117499 752325330 136999671 497546112 330486669 810164897 957564342 602200819 88029035 77425803 37936935 338726975 733206513 62557507 549517721 69834006 540078401 354384286 294870559 246817169 685799040 736911127 989821199 1068960941 309096022 135042124 800718469 788481226 439639922 207427967 901160673 412211242 1007930628 368224534 1049217860 1047039352 1053541186 585193499 193890840 642059326 711029731 19383996 205675397 340694381 738452135 815784140 562638332 964578265 189440461 488058432 348873392 723258555 1021288090 401650612 1042276888 516806701 249953753 49439460 150225007 352045489 598739030 807410483 48558644 294297771 798369634 348535335 616009899 19847394 922808658 269859818 296300121 802837251 435701248 804514763 495106955 50760990 315194184 283092155 103119568 14510887 764844428 806232529 830571899 193105782 652257329 153181894 757620770 503268168 257886752 588908666 552443682 110292795 196471366 40303981 575118104 275391446
100
271867462 442643817 217985535 911062015 693907024 1024830651 866079619 523996161 832209912 590578042 468411281 612501526 971458897 920349268 775104319 83936960 51874960 80369853 51389956 445057412 673734799 836078956 296555068 429625707 97865038 134462684 981647784 179538818 123490414 183911372 848016875 900369754 445738420 127167423 288371982 9281928 799264652 522895229 158134780 319513638 322336643 577793936 620119303 672870225 598638284 757384904 777647201 397236137 483976893 389459640 358714532 175536340 927594831 1017660470 1060587851 975688186 588790177 295730143 571444534 413577802 936698996 878499472 39381802 957674868 233046192 854926830 632602191 498896942 395706335 119759071 372921008 506473648 983887533 511805455 516332990 825415479 485963118 569350765 1062897358 104381061 298444952 320051627 919191446 43183199 379889988 52797121 624700596 647514638 431560113 444202602 960749095 391996639 361744833 612072869 260675540 164462243 673509243 403150389 726788610 339121712
100
543083298 878500318 999982045 314921397 1058737462 887233016 710354442 1066245494 1004416897 682349252 502766998 7637601 984247254 210893595 37788263 141635760 1041692491 64503991 533313510 1001417152 248686269 389054650 1018554752 1064718485 1042719562 123981863 240973606 662655571 1030434517 736367720 586680781 994234054 278952069 466103239 983779311 934889691 916291910 771007988 524714505 612902693 1032261702 863177861 725020443 229966937 511752057 758758257 379844907 893554642 667543574 619071893 337713602 442039822 817436440 1043104047 1021232749 98306350 256307647 217835622 224685373 647004538 186360332 983423423 1004372296 691236315 374350664 172895401 21731110 589610080 676701821 470838771 120557940 411534009 867501819 583247952 192666964 553242303 328748757 548846810 887209707 809895658 978340706 608127884 30125538 313514713 508047804 739584967 882295270 1052689358 521753412 292844750 534589225 950539567 548463132 340268618 1038340830 632986887 649708971 736035014 243060672 409851010
100
216915507 250690188 267821172 598154721 736057958 1069799042 545497555 699352105 548731797 341762536 998446649 767572845 939166430 419361415 429148259 401021160 713952449 325902892 436637876 1013903897 742279584 593021736 101180851 731849028 1065477702 795350225 132447368 206412271 46730333 1011388415 285014403 565661029 975938294 593142671 457879702 961584950 779491078 1053067492 765818326 562031029 416723939 151033953 203128317 913576569 950897611 507028976 134729451 109653724 524349533 100691326 902152224 200095871 861436701 742461308 673450820 1031197124 755017204 946314592 871984288 81795667 267973551 36222498 679269282 1020760982 965650555 996881087 457384797 899224892 753275503 120316602 553943814 587256250 653550083 493639830 244006520 55208645 699142801 209634909 661534385 32380377 471720667 541125148 846783059 374198453 328228228 941099620 98754084 572827101 399503765 482345675 1069092238 535429399 993630970 926900329 152718112 94049262 759307011 580030044 891922699 480004658
