30
100
627758694 256972966 577485973 1024864630 631664828 589460157 541595088 264123946 770822633 568235060 608883545 398213453 923079423 870222423 314271708 376775767 946126822 525517671 578916892 193309937 31841754 397064473 726879086 15366011 909918698 22506262 960628283 73372039 1066219386 745711993 339819650 790752347 1010857666 269823828 595611219 410820467 797535052 1063619883 900837461 852228862 912444026 682222455 10054209 501246556 519469565 770075940 461170020 753608358 95143519 231922195 290327329 962509094 139848059 590379417 682341229 527257050 893182207 936064254 689005393 739169782 419075313 128932351 902847340 397998687 862342695 408827213 279705199 607313456 688422093 923499788 926111646 388935993 1003540195 137202517 389179734 378737275 856200893 300574900 131345281 513688237 532382081 304850602 240144931 625813178 403742124 6490668 910046161 28318273 424522126 306841122 786892853 420975124 1031725513 975570409 808547980 658673337 385656790 475760594 587232295 838393580
100
693766048 706704109 465252891 738556518 539670798 840294360 343079656 31796349 1026298439 528216436 441196971 318430348 1069819500 212518499 404915950 917966255 18075666 149017563 841831919 795274965 217361345 876323878 1020405537 371622210 231465590 621536545 751432363 998313741 586925089 1015072445 184668903 641331619 687747624 832678274 434214628 251111490 292674019 587537671 618800357 348864127 681852702 819474043 647867616 734921409 224564890 974194463 214149888 877628611 790327435 417782474 614119972 1045304342 496710427 602482276 637154909 976426652 351102182 173031019 635809652 1024347918 925681532 459353457 892611425 197720952 357319139 704570011 317536469 369849272 1059232531 113422372 625332657 651104258 306381943 1010178520 526847373 366370654 644641906 302511001 359179314 847621673 93966552 492228574 53035040 903208080 352119153 225099311 904831241 106661144 862863993 897079722 469208660 1050440473 421244707 222766977 946444699 858614078 864009233 64308602 491041069 726808582
100
139618413 407274125 471475270 640661396 520891082 854043889 993172901 1009155382 824552208 14468036 736773407 708187704 120879703 1002774820 505299843 547841 136108743 368150628 873197557 671707248 650595871 23894155 692110956 796186708 579433519 598675156 35827253 133916147 526137694 296343852 13275246 793506692 607737125 990902456 959135372 671673781 1060771985 520762444 599697622 385134117 676433093 1069456116 993223911 643737067 1018945910 223729263 114590768 152786957 377301869 745033135 816167539 361833482 344552201 251467610 728618057 950263889 560992954 310688844 975797661 797525191 665085319 947505683 530602031 248522054 733857161 445724017 437674515 472153112 910744174 782535902 341027887 664421504 268711927 163576580 578576576 545858865 346180730 352196929 913512917 423815893 157982560 303796776 884967379 204395143 911499176 552375296 942893039 1007920217 963920482 840831811 533187255 949657039 769110325 921492769 929868426 659893346 136792283 683440635 700764699 818903039
100
918020072 772281074 410631557 461868005 48624947 310758379 359823691 290865827 459006682 427933620 964387223 593847776 125253393 459619155 312684839 273083196 340383677 108956831 997081516 914391656 111265018 566806722 1015543371 75056041 1012312982 762700477 977729050 1040100953 298272659 422908388 663631529 351991654 330340009 225413214 517265014 741779410 550034113 838171046 291424119 473926449 566783099 836071693 871385493 1003417134 701128105 962066485 797324587 1044983046 607054802 274304407 601691531 875598347 812237488 8186622 953226105 447054882 795217586 737123338 316714926 810419525 292183931 381346991 1046236502 926843139 648436321 702216115 202149010 616426235 265567471 613842227 693728503 16723300 798502755 97544478 893153294 573171592 679962416 877535672 847713234 1061977157 117512573 304870937 1061731637 286355595 826490277 888792236 677182107 391256544 459612086 825930161 124569180 601922783 136430322 88034747 418156871 1008942004 312218704 882412594 518069530 1012593826
100
312027601 880092939 682586237 526050514 262284073 766108226 22692144 981726439 439573277 1034699356 9138233 196143616 167416164 630789610 568417576 833529625 408594699 481947888 881716260 494483424 522534640 981788518 42140773 275559224 864063560 703141818 138436283 968879543 942911769 347211085 303866886 78838823 802362049 84656881 354671547 740001288 747068013 846327153 48573030 322496525 946374563 244545033 684318754 922363547 916941497 771046634 617600803 102740045 184511323 392002488 448864812 300085362 170565385 475136011 507710233 336441741 324153238 473118193 928407895 984305620 934613418 985530986 2300007 79543219 50268993 570322411 472462943 1050692678 201984554 519904988 842076776 402809314 855886473 129082394 596960065 547608716 389139798 537104246 884841914 876432000 466460380 585392179 1005396794 20849324 145976634 734805388 883933242 558530354 819785445 1008959788 126810824 765649898 232954148 1063457204 786411781 350207197 754787987 1073057080 583370663 984264907
100
908280770 533047416 358597542 470845202 965935566 746770645 281037077 704005245 623487692 1014804527 941729522 795866830 743613346 787256974 230811596 39158982 939199783 840528649 2891110 702468470 550096553 79503951 567710518 209679048 56520808 676662561 577032423 806533110 983615001 410523349 204958935 135397393 57370979 76274645 875802266 181362811 739968101 443760670 485294453 737057645 969698350 705711554 161101539 664168050 475237188 179528550 545298708 1058275562 557128734 886158020 129944937 619387528 355283882 865931050 446793465 462162389 722246600 727124986 820775184 925520555 234290636 846818088 884898218 141393082 1011604736 621665215 788792316 854997510 667181343 718211164 93506284 401726822 512749788 569177521 560442260 171319559 813276249 26128644 380096451 916405480 442521520 275467949 861016187 145378652 25953646 1024735387 214575220 411437451 799625491 1053478096 1067955864 487836144 259414419 654003169 410194053 831708892 560606168 884414327 121234702 1005598450
100
214450384 321236666 636769705 160929300 842557246 1048442436 684300749 343841826 1013245607 784360729 529847295 707915038 284841475 934848477 857353520 345758005 426857954 465707238 900226346 814714249 82226915 782068415 868495623 660881069 677953598 193178279 323903928 534455083 957627963 979481360 404601471 383401470 748306617 862254624 172461941 398850328 101294504 725895219 126911493 998477789 905292687 904819287 1052746095 745425318 1045698567 411604174 818789702 751404096 1001152061 384194960 422260722 75075178 242372980 602273478 194370351 168645210 547753857 525992272 725188748 845336633 756236109 929763136 471099373 829450402 1053400919 379267677 886724106 1039988519 413721647 47518369 80728814 961592524 370796284 892424379 911720568 321460874 525280247 1029380238 875380957 24714189 1017546990 918485936 1015278884 180408567 772182978 820866028 982014888 822442459 743489769 802885057 335214234 45383746 608389613 334027488 366944893 905658986 191116266 215880881 276346024 979217793
100
910034639 1161672 462792750 218349615 514038151 356682843 671436041 1023625493 118273118 213269301 205911326 107629876 440365192 195379199 1016992367 189633805 934484849 595625395 342350447 369073078 816253240 881245986 179486855 773115225 22099759 608046446 984203412 960566707 592363101 34338448 92830055 736673430 297801212 23440339 53024580 780050023 985343483 642949207 225775204 638162592 620571004 507211663 843228531 1064002127 67526999 71242691 1047089170 910341270 269063830 1032350863 605477206 293775145 978939127 794695010 900685383 957970643 37586285 233212928 230824034 423664625 22638751 668641025 64813080 22025461 34566504 547380303 1028198221 221194468 361303893 1065867180 1073335257 834427865 709851434 405070122 758710794 902217600 396212062 352228273 819578656 980586907 752266906 453993340 16522192 925051521 399045181 298808476 28010178 910441370 531261147 415449460 1054981907 831282660 99988665 415797563 918161108 630386801 429099603 748404349 484103560 366167783
100
290409882 392442538 58140670 589948071 749720390 887758885 176331782 381328347 1020144391 38139098 842730334 22246589 824835514 910722846 1055108350 323457611 53909519 546776889 1009337582 506969272 557060360 675113448 148320972 619074539 597082238 767410907 632279115 363270654 309790108 329969464 713170862 420781504 901995874 135540758 232180305 703982900 137283875 676222211 483290913 511539216 706053383 1071879807 436945182 642529855 517082762 850673790 1002436064 65177183 876378875 429010154 708707343 862496836 827203070 937496095 832385514 66672499 237207563 939886958 307655617 601356712 81175788 195895706 1038883451 54310224 1072407107 607711581 368661009 1017140240 139036162 919942628 893579281 615642428 435784944 654813519 597922332 1063293024 874948907 29273395 384633960 446842811 236411041 707478807 202975294 987990719 404474773 955244794 358855293 407373971 346708769 359528395 858249749 656896657 589582254 3961328 781901453 158338760 184350589 487646144 918425215 299440762
100
161847305 824317462 890174623 932998659 912681610 156605846 541280353 967581917 82735738 186202069 801804190 566930496 664829184 1018339514 733087082 14466318 484726712 1073302469 58126474 688135424 668134196 972440199 1028255225 550435105 391849337 573657893 814220135 161052752 69842046 604344025 777224629 790340035 752718000 764876913 779532154 995988351 1062426481 558121678 838497153 931924192 756118932 531365735 270161737 392638744 538911203 161717443 226556291 172348840 80750490 716559618 821418136 837210344 609190121 906308693 65477921 747295877 988987765 548118402 276376685 353402877 211833047 770810465 973474558 957138725 953316635 855010913 3575564 169453732 922824003 816029956 404710144 1020605557 863820738 604383838 168548346 491446889 1006878978 375819162 769689677 499202210 178013662 129656181 859818493 170246682 75372072 122246849 500822344 395400474 840174372 798960356 26436378 1017031107 207676939 69556310 359298967 479019144 995154570 536727334 658975893 342530226
100
1056511862 371107871 649836251 323816003 717340666 991202035 392231795 521807772 1066867838 360977157 112085311 172550086 221336669 555421178 1072790484 934823987 296272138 946903982 1021390368 976684999 763010187 163692718 346935522 1030152539 956628984 784189631 716116269 551327291 353645057 730626389 904367849 575064233 693847398 880284701 668525394 44410456 82970492 484780403 241301367 165503729 1043480239 1031944940 161589948 724402833 9320698 853093838 337103193 341242953 809151088 279743891 679367384 544930973 751164343 164273770 102043802 1056763910 83241096 390086582 827948115 502316400 529124913 487956109 342161034 249579708 900860435 637450298 258690330 737252671 1029933091 313109691 521376180 985120833 181805421 76865859 1000685659 691587968 30272140 529986233 960738790 150091690 679973428 948074552 1051850369 451309286 258084777 714053005 492356652 385679180 161456453 410344892 847840571 406824296 618142454 291308924 1060403924 1052649147 636912829 756606390 278316916 656604218
100
910773769 696829290 256036045 16921592 609822537 427306331 506509265 381059156 981231100 322800828 228683671 499726229 471485660 592088155 564601827 566861728 172851031 434800343 856702061 355039599 157541394 462384931 267576163 232902544 545806178 241501959 489644005 192091300 16788945 161768863 854802568 945459681 631670431 6409690 629626324 39265681 646934079 516871420 183663814 907497873 268226773 908777756 356202831 69900755 118439103 551274407 139600082 911225564 702313737 1030304731 703534250 628949062 601215991 1012120909 149638306 842195775 581467519 33736292 551694715 436427017 855728588 188906203 774047593 106391928 266276796 403449411 1027434646 433513847 442193763 496163454 548573086 319354243 51821702 634283589 1049981458 336066606 699382049 268344228 388213493 6467742 435146722 450946681 1017197890 730121483 429420203 1049768696 872478307 54562116 754557204 559359017 488904891 995373355 331125478 532978280 280639006 268084 42721953 906136037 420237908 522494698
100
354623778 171746714 674055019 714338895 348667768 96810784 1026478567 507343683 1049705362 608126859 801587236 676735266 638253551 398297973 241997565 700200303 488395620 407057896 933840094 253963103 438881176 320983783 572767306 409277023 308516743 625471974 160129622 922826893 537719808 533373005 432327979 766694714 160680999 892580856 49238663 776567662 601206771 895411641 438167100 774724708 385292977 753908693 199051440 221862409 42862975 346702979 786531676 903145857 454615506 1010344049 913621325 276284835 536586225 52911422 495016358 94584 914195831 35823617 609309212 529435327 192978901 1035870145 610079608 632679532 451821261 458354682 247691801 609722661 554779384 397810462 591737967 392668612 123268161 786894098 249393537 408845272 322826344 987549101 710008680 389647395 994304385 253692732 39057874 758470941 189850738 1038087425 739092608 950763887 785758072 44557743 707997128 884904570 209717410 98295280 267674899 717073102 477174869 195612383 543641952 778693811
100
673035406 575011776 294109347 686072707 25067650 18457048 509994957 157010411 18469938 506279010 876895892 925799857 304843659 618735020 331681550 954657885 899028847 255494167 80761734 886358218 8169521 147291289 43469051 87746985 319301658 120779068 94237087 735070205 870385128 18984861 385296216 1020214686 69717834 624081773 320626242 655193014 787913573 339542260 638269226 869658950 246760786 723800969 361947669 914325922 30045853 434093083 570118327 687434481 259228103 512432043 544225533 533230766 214764742 1016989135 903473028 355352106 693537664 832710449 68018719 141878535 695896659 973253646 780229204 328793022 484821136 835662520 384266208 650891290 230105851 1049359892 358957871 243794363 1020415565 946424861 994432996 103966869 1054826930 981234783 576178007 511789934 885076300 450082428 643744530 740550243 697071790 209703083 692250452 140788067 390714721 384611892 770170254 717051570 856461666 522427893 685100776 127895912 673725858 953180384 555624125 769485808
100
371468411 522593562 293262985 396581988 921660766 843137347 265833928 939860491 680347065 155540527 1047836948 606561083 24773579 897762055 46098729 45453609 78586988 852099499 112488086 387191549 35556740 979993900 456998975 293965908 451353745 978128467 1049604571 297733055 152864037 78181401 168114807 217369922 742162278 802895405 2394865 531242197 615204493 694968177 282555517 315477223 970024807 844773501 788995876 49124566 531947223 370559515 1609792 663370615 841451602 820129737 50561282 802591125 618978401 91470394 167609580 158022762 960036643 889905621 116621399 750342183 51060424 677611829 944467695 977648242 677716503 455937959 950565425 183991523 265463529 116503471 296443892 352499590 590434475 496485763 921250013 775586652 634152672 518433166 999436009 64199897 501072797 398043887 713257959 383901287 986583564 80387575 633096187 739936994 852385001 641618607 393363485 614819867 195357960 207411023 205356184 621193557 600274893 153062088 51855243 107719115
100
1031733052 488952683 233076520 603896005 749382784 478724479 206842893 978975527 445936289 246700131 421665422 134208910 1048177756 334725766 284542645 747232707 1029018020 858582188 554152190 946179365 862038559 235961452 785445082 1071902501 253169578 388896434 455319340 73803720 592560337 548320831 922095822 1006729768 562381656 933876260 1063969037 825530099 539678389 89199691 501206057 227031786 752055954 476864494 940399063 590683492 747089232 786442270 327243711 858336968 945763967 607655485 788407293 1040590614 930771303 795869316 998819748 670262367 851944323 259338366 238018870 408754504 37620481 454687115 987062061 133876620 1048101187 376807262 126159478 548872823 349924704 350915711 253878513 743638379 933938851 407689418 963919858 266209887 650307339 853745647 635625155 996029531 953511370 792438768 90216736 104923645 542732743 638572453 660146617 711969783 580338716 934280507 749073587 824275854 444203672 330392753 718766631 767779101 739310141 383303258 156846242 345232016
100
209376605 155068324 331839977 11842580 231577144 935129633 391408575 1019663054 249783609 44558595 146562490 814307524 642434308 90768805 762328344 198882429 25971984 743248985 1067902251 937550515 100724777 992452324 1052876249 704020694 314217199 463054589 1033325083 596160391 897118806 377827537 641818238 825410845 702863909 58170754 71563173 375312419 663464823 135583139 657148100 371845592 408236860 952976318 418929191 896489645 242077881 191405774 888608681 623215307 903801860 321881285 618114878 1064743051 189774985 767419655 723861353 624926459 380133256 516438765 729011654 350085728 93404820 408787012 299875714 108533934 118015509 342917067 347610589 891939858 914975687 867209144 208595119 1069409641 981075257 218037300 120068321 920587974 920809039 940038618 243417327 32269808 446595009 617232444 259156333 1054351073 445207962 18418782 894254975 616347208 593159609 73329465 307729247 1007801352 674358867 959353914 561522394 850066871 956564591 57297856 98880467 753539360
100
822871457 786748095 953138881 631281263 450387877 788711720 852712526 274432263 965110794 658999339 1068312364 708776839 455494655 542675705 964419319 803204764 332438057 211010905 300965884 291471556 468231456 931287589 912852415 58748115 226195955 406655432 908516727 795951218 428195488 362553543 101099661 600275611 489315485 206294581 6795041 1046798879 908327762 270588476 724198021 71380000 352012956 860226715 552652735 22147735 315366732 387771171 906682891 403372751 1067668390 736901177 347632983 489737192 901748195 229974360 397097158 972526933 1027530415 499791244 485646638 329803102 855823787 302087159 649735066 625389471 886438380 865854031 579416008 217064327 203136122 826014558 451248811 200331994 798272210 948309377 713795818 499492912 1006848357 88305962 60905824 394734963 850869783 891502431 9310106 913744485 609036992 947015736 1063480924 564618008 757766062 694454628 1006596636 670998132 276876833 751402149 944927621 822303924 232817358 4609615 91421174 741922281
100
57613261 728325633 134027381 400032235 442055196 14498796 505806738 202550665 25257038 1057928755 299268553 148479675 203342345 29722628 256253819 1028264185 255684102 773842881 997529948 669497905 758793362 778779010 654726898 675161411 242876944 208703888 79303962 274914436 360034676 920585963 960672900 597845052 91646665 700306885 393076786 249693480 614097325 84955653 14418941 780166904 452805584 404072902 817894160 616495826 840820601 181303253 727817835 452867533 551242240 447882806 710622049 123116407 27450965 314450079 584006170 928553040 699018104 38328059 806136850 805121101 424524543 960663528 39762584 705783125 653219731 1003359033 788548944 296135111 384670578 844821622 594411698 911332083 210685679 380380503 194014344 155391900 553195246 24361037 796441204 494978685 915534697 124709625 715754600 500093120 274664941 137089203 606483243 319628424 239228957 736285956 465712347 622253929 808155694 286133804 912991078 929833194 731418986 363356061 812040975 573646090
100
993946749 29327599 256609976 805242091 540760616 240728434 849934938 643954600 739992237 812142294 737685575 392739198 393099084 155520943 526331725 1071172251 735261438 164982118 972556076 1018963776 861494509 285672117 639533848 937768515 300759799 336816684 718840891 244451214 784233519 25748656 283372592 952689309 650593116 894521335 791771018 826811652 1021294969 556887309 802875467 1059287271 520540211 41580241 903487597 191376257 600525934 451414136 185453661 509823901 368996545 669275146 626310522 962754592 1736693 11315424 550114459 51017341 738660233 420497964 74202246 631040319 925182513 600020337 95990906 264724099 768426579 880900359 117877414 30781051 480834696 259340953 1001023151 845261292 697473569 145132966 875267118 517609648 283421600 862059011 337116464 226166838 392360762 651661911 440272052 529623549 472354652 174717597 861319472 337904156 960349475 828882598 107706125 73115069 215261922 187234452 159413030 876923293 406024864 298534752 877495629 197419150
100
788927830 370162375 752486902 58104247 64040596 717261002 629772366 597431840 483895182 187848454 755349411 912352172 586224525 988666393 888560663 425008226 68881195 633912857 418635873 175035652 648872664 378151183 529656905 820526978 901804377 253975926 294877997 438836613 990332483 843556032 623000192 220791525 126529668 493644241 472070213 973465651 571225307 696032130 1040376216 378965296 251860059 130592543 110252325 742763348 191890156 402488042 1020259759 915077192 16854474 590078102 632641675 884144236 255889924 522930124 811904034 1021223250 46572286 1021372585 172952179 828689473 950747375 188081726 53377934 889157811 967769956 667302159 166534170 493805271 232176571 227699093 349412303 796676624 645104553 289282748 949554173 579269491 30460853 27616357 187563524 84161613 419624378 852688357 811397594 513681563 1032857449 815872133 395973768 400140689 166555845 898615808 60575405 40781844 755647141 160982791 765043449 414846783 644101429 470560192 926997683 771430114
100
46391363 667586100 339273214 466450616 137162524 565927786 805807434 957159719 419255244 405908566 227484081 804009532 832060232 198734734 226467538 794213959 577601656 14259388 736000383 849083885 568194745 812211997 903125566 328504995 695108700 835022850 1055438795 371246391 190057765 935387474 156199316 28899400 77737164 154650630 540740156 990557897 262586751 201589420 374696472 349951618 557598302 323835878 902648245 1018036879 186449406 592372968 849466448 1021088223 880864487 99343356 454390364 187608502 965780502 481137409 359861248 1558571 158784380 369418728 898540438 538993323 169532540 216584502 397144110 372319348 533576817 590125190 968146953 448413979 913598246 405204228 1055468318 150023943 284719452 914661362 628331928 278834675 856288072 895520039 948601429 137829744 813402897 301652362 889861481 540484448 214189910 950632860 699410073 503227004 477055399 215758828 392315873 295960784 159703303 21861280 959185902 796507706 859192433 985370354 651905189 322984686
100
683759025 946278810 943623668 593979909 430728124 730463898 515492776 508487780 258405259 272278050 747183162 183281719 80854182 736863205 331104812 221025722 606536235 381530953 798044375 441773085 675344716 286083562 355586790 815636486 64835535 856047126 183771352 828021260 859339404 589768016 907446146 792903997 228176883 870221518 338861707 698209688 95076995 598466043 48246511 1013127828 146071380 1047424245 759335293 76730776 370996366 164355856 880422233 391414912 968436720 970505041 221560442 832839711 215600458 644654835 433409069 899145399 52391171 483162086 1039067024 562627202 293104275 882120523 84642328 749297709 786415370 34223097 1006193675 466598232 129440648 457688315 152562439 814016279 1037457347 685595664 627089529 194761844 950677636 635455530 354568231 1004423402 435967529 109676527 615241383 949519083 624872229 936414267 979312613 923640412 141857404 229362332 82177441 555672340 1058123336 14753749 696477167 850372448 946630198 277873244 465289653 714101378
100
920618203 885805872 184152877 198222870 595208370 917363823 484752907 1034444743 432111731 597374422 147019831 920000537 602120805 945177757 510456259 356067869 121400067 614809935 356528180 324446074 162303866 314723916 617146625 228316393 584089646 733437511 359836695 84015288 658578229 199256776 269622872 200112456 390606554 135133866 38741015 190991247 1035127836 956430494 624548765 937931159 917203244 4250023 311715752 515197181 163959795 510727068 479955431 755198323 1034351753 12772266 190319999 882430782 787636159 538600655 969081225 972008888 1063762326 703985248 205964177 160159183 626649030 810218116 560388633 727481476 1055527992 181580982 748199700 205722990 263225228 696381511 580303467 521770293 985473940 354703065 1035562107 131203095 505030103 5672677 673032341 478759014 809114127 408451638 145031037 698842375 586945707 980536428 119036396 795297780 456101198 266531195 452428558 6208699 1052905806 396117033 532644613 31684350 922797622 305501331 951175524 274991345
100
434110120 90580916 856734175 104403180 759959724 129080306 460166310 303423827 431899063 581692175 648529462 630394068 1036761140 165546863 935873557 1071892351 326721634 249782123 186512094 796130453 230118102 990363599 343450813 961315085 443714295 162289244 319817717 886773267 129428865 662521927 120548698 919092099 530292483 297939128 520163031 281334386 200518241 273902412 17997290 1064931238 939325266 201207444 342696483 453131801 864522466 845248148 123348905 27185530 273628146 797818693 523255220 1065633963 260136371 82939667 213959956 704077892 984166959 744280415 440471208 1058739471 813454016 86311166 147376616 521991818 54627479 11805368 482329437 514410856 63702838 588025802 701821731 97581584 960805622 856395876 676911981 164323100 322713474 628409900 1058354945 859687900 415152730 621831866 905705400 770896593 879007058 426133018 927438080 841750578 43574544 887075149 501656154 318116970 881891217 576329927 290252252 2893463 799785636 561285874 402867887 907187981
100
2227882 462531474 666053073 199546852 659189184 295416149 744841503 891232084 528793464 525001055 472682469 645953244 171148042 358625321 299220037 98155761 177109540 344378305 1023365655 609717978 23262054 46283336 158639460 639881011 227865829 1007798388 612844780 557939819 984299176 295913487 340794529 580704069 636480814 1009720950 671246378 764008795 703620071 525837082 62551393 388692886 258303926 489016834 762459861 343559351 432963958 33371720 201696841 787404754 88735857 44130455 1014036275 418929358 846451946 522608052 1018337598 147541222 206912149 1055308018 788204232 355939626 732902170 47756988 588544869 226578687 438947989 484238095 657210970 712870555 523391001 870313981 476581155 73383818 798098472 1038738475 787552749 771708716 805834557 41195859 475984412 864495924 980414018 681806531 648818887 1070314538 1010750234 238482397 757006647 415343594 341954328 626278037 667906412 953067556 231132550 8241654 766874776 133077722 857366048 89378973 6911393 484898532
100
939071292 335468963 1006804591 527243789 842287897 749130348 1041232250 194386335 581511308 922820863 664482903 135174358 566411652 860317714 1033848368 936356661 53025795 649866895 304523136 84465583 198975645 168276502 412536982 359109422 508418301 376211834 245356566 551783181 1058405985 654186304 738879863 148488095 236509209 507694115 417205125 1015049894 825977355 602683794 513390304 251514332 922678066 428799024 645446780 581670253 681425947 411321940 469629984 877746811 478360934 643805831 943680231 543144345 456746571 279070216 262924737 863392081 304458514 194362187 960850931 918457502 548324250 58289269 193555859 803552626 94777811 174790114 948025869 1002243890 336521284 817195168 129467041 30644533 530270341 544107761 167953634 1048820040 41710022 143635661 678428984 139337260 928833351 1056071262 481706335 75700759 60839646 64546433 922185446 914822447 390276980 1022413644 298121649 876337170 418559880 284556930 983748216 291022417 238642090 140650529 578985285 45820144
100
986822869 519139322 301672680 195344326 470338690 569479369 952834470 714086855 784456894 331006138 586118025 43972837 1051738963 651869736 618061415 939424150 106990786 342891332 740109321 293961059 283155131 729375889 243475114 977252715 978949799 57841510 589633404 719056095 772125726 800778351 16406819 907534212 590070641 108845613 350710327 1015222324 638227489 722641777 15535047 1026763613 752756581 287368677 490608593 306422144 342405801 450999427 54930379 691705267 581530122 173664795 32187165 816651296 430656218 980602834 965960100 96258180 932527650 976360350 633007665 625511601 1013361435 831131339 153181448 99280652 822698420 746347641 148540002 153051407 916686096 109625371 30156011 589913544 408108549 899832825 190974020 848705624 884882845 556087215 696477570 24425078 404688792 109450924 655542189 328970986 179977449 716611252 830655042 916083730 719666741 1014484575 357156786 19612256 621362775 420791191 708721121 289762009 1061924063 440390174 371586727 556005783
100
822864390 184695378 1021290569 930810331 389828150 232948259 997416110 1063695729 224697068 575157964 524687134 677912239 831724598 761603832 731132161 769266214 931099767 62837187 223472469 1041309727 813142761 453017918 794905900 254074643 512031253 151401709 859132459 699334192 59004508 275405896 272394509 610936795 975791218 975200573 229392926 1054520360 740894685 585499308 596176321 611003236 637825402 848658154 285297387 614897804 506246649 715296319 528139685 410692563 41759836 407645544 451306893 1068215584 71462012 1045248021 20524117 484720269 675931524 957731692 203539523 973795049 364135540 936880260 22380208 164076599 998486687 602861291 655270537 241346093 706778157 930236193 328600273 157806774 726568602 317941019 267523357 985118321 944496437 431655617 789897238 552545071 722796962 990302831 203676155 5435000 755410521 371018104 464690972 816139783 844626212 372300446 487270496 361912394 120010661 980224156 31279552 815513315 269653965 1034778781 334463178 783190313
100
950815937 967512863 785159848 514983307 682708639 1000176885 41152924 880202539 1007413694 373895061 330166650 631324553 618788378 887070686 804269416 642763710 975000230 717137088 842612416 896067638 495079364 583738818 705909649 643959599 892922318 84089213 677810462 191043389 106091409 65066015 239421021 822088137 622350541 476685801 354152056 167979405 1059446966 352438705 183436112 1057033497 983873654 811574113 680566773 313626962 86511016 456674934 989328175 826714093 871968991 343899266 337936889 238790136 115111965 827630506 456604160 693557842 899217756 653753640 514544680 819426350 801969417 912118730 1054410503 1007270292 500813955 776249969 573311336 112954848 15663265 970359443 666363082 726353985 125977641 457271994 940840927 374004283 180014682 47561987 665454861 334579238 815530339 747152800 417253616 617899436 502847721 250857814 801285334 1017446479 981083269 808207360 875596097 719794657 138515012 638252810 847721577 853614857 938707237 549464054 107362488 87688645
