30
100
528969004 186071505 303329562 117095104 813944013 900981278 61046746 65264654 612070684 873859224 518121927 287640289 319205821 277157787 679341343 339752638 751305511 537422967 954070581 311360865 36070695 999244274 749260269 451853623 60417371 221997763 867506241 820803556 495225272 626580504 100278974 463111359 382830341 835454993 526123783 360321873 114607965 33622082 611124561 505576922 203735217 950376501 998140646 428895180 728275780 733470694 916093090 1011270734 575973421 984878661 608294265 1051422906 139405272 300598200 1040595183 894037791 192372869 692735126 895248798 921023679 906560712 203729837 272599988 747004050 760605191 515667132 545242994 48741826 147853056 631404282 567676846 938972717 886960704 170801037 873967698 709580007 309541036 916143124 941788378 599226549 698852348 731194654 257763034 326293138 314988859 540842161 518243446 258976814 781154121 351206596 12381929 1070891626 598080857 5964228 1051672831 180281309 476316019 632028435 194151834 834259794
100
836113284 825632304 361897544 598197512 894252001 305588555 7513968 835415350 783343973 811467016 695344435 577176020 574017091 560163225 536666154 925904015 685655581 1026398147 818187684 455181541 968255629 434665312 555704867 645068459 784413599 462272991 285305823 969439368 775773781 901280959 788106561 588321400 811664162 1071517719 752635753 332411977 282008176 625378577 252085417 768302113 978437402 190704747 56736520 274074870 44263154 37313781 680820417 498472212 995135804 879303189 285764801 626664603 335330609 343020102 414192940 1021096959 697554558 931704212 397848024 386742918 87201218 644279329 394499280 360297677 483371795 777508004 851157714 640842564 519026810 634532581 875187666 1019373741 837688434 691840578 465345397 445993121 379882605 229965870 737665943 675726859 226197327 687141548 93741765 378745259 875390961 380505816 573807812 451229844 298237855 351736670 842174216 549024430 766304411 715426561 1028109117 911372597 498446488 195476246 676385218 276239672
100
415687174 778347561 1043674651 692935853 694011344 776226745 182622229 1057168371 115184260 681082860 433468083 351163797 591988937 782551281 1016317779 202252 485620824 207239723 560187306 4523076 320414334 737425584 1032948798 845986846 675885214 210303434 63560429 1039005935 277301933 674747770 206814565 1017679871 850575796 299854064 303933353 953039628 900604498 629508372 215543442 617034436 187405111 568001793 1033735756 538941774 724992938 612710532 953172181 868725954 1020570116 236416673 356836481 791738796 425218611 98964495 769077880 923919757 826145848 824031671 267633975 635087194 447695529 868738872 113995531 354722811 990200112 1034403174 808116377 111586509 233034506 941123783 758161241 712519201 97042824 626484245 240864278 799870907 589810321 618957502 262814063 596930899 678307614 467794791 382358106 589575447 42424765 865978981 713642140 156981799 381504784 1001358402 134824785 346367768 671990347 5472318 258893162 881271922 793710520 284033739 1057047594 270788402
100
98578448 419378601 492612425 584064182 270061160 496181073 261864986 593527997 710880 934317156 1016183040 832029414 1022615996 415962227 342854598 136458333 412894450 77861352 845633325 1016250980 117123757 1000908926 427693929 302708946 73947595 127540163 687349412 646061198 541448800 729445789 854220666 289787417 894134321 485981378 649758588 42853378 333296954 986577726 815262125 356358511 102464553 685724913 104282376 220990618 545940192 401829390 408621815 764284242 93170935 73458078 133388765 744176502 487636535 605390843 215834510 147355006 84897056 297356629 865001426 875665138 719725924 1071994928 909495014 235702000 278125162 615088100 1024909306 750753450 1012386252 450499356 20256691 242560998 877989337 736095832 596369067 373740412 858128403 302309995 174465004 727279580 898198450 141978365 1033641849 683988869 479432736 729330954 163718342 241237903 588051323 8648032 697431354 198307362 266929431 994447141 337190580 275607805 587108345 969050704 360059395 64222192
100
1057675819 120458605 743878498 575760176 692646872 342218537 293938891 868907670 1024865480 898058213 444331835 189934181 626563397 907912512 13563346 502935977 874529513 653446225 841522758 673211934 104812325 364325918 603509088 59497145 680918460 46043174 768402302 370922016 55387973 345750232 942340883 192053549 477692844 950325274 789233443 793092463 954089649 917147587 809850312 155112360 1054042215 1030512672 529969839 244699728 75012022 345188467 587871643 416183312 532645083 809302895 200055009 340033097 603837923 425955774 429731819 74401675 906217267 1034392699 349730230 252127774 82911747 4896696 995486547 980862588 54690526 358786297 349390441 792860116 818999331 126793143 333901745 390941833 599638151 129662431 372494713 690850993 59036049 230106704 819492386 149776535 380571165 531994465 926119586 720319802 417285338 233534296 324483331 282537164 204689100 250405108 415694562 195518771 506693066 814032356 861357041 695697035 97159937 1577293 894135413 410148257
100
618018376 285918152 335767162 376160360 625866337 1007078104 610124490 329839125 958618649 296539814 331833470 254587376 385402213 243072713 5358643 290494282 634543662 614489065 468364220 628996038 410938063 1016632900 1072595103 162962907 13394586 769836076 883333784 536448853 396155475 480745606 811422230 104145876 236207795 852681036 485614265 382282571 997875430 472667660 638983642 416146562 579913486 105625192 765455619 345736085 409594558 646068372 110666866 374081652 235609983 823347163 49554843 623994209 493053774 1045861147 857330083 477754740 23137052 329083716 833178598 511525658 271582541 653619676 958729329 292232850 636173370 1042454398 208454280 827786351 759860399 980052566 774997794 148493337 454534253 1007334567 1053679464 247715403 7580841 158690117 455839546 1016664982 255313035 262925339 44121001 785513181 184175536 575900839 485612926 85612504 679673001 459110521 886571954 101226897 213374842 459005880 516351476 1057450217 860675099 886994332 248203046 913018644
100
1047543541 330704864 183512089 175075704 537964707 150685932 152255827 1053290599 843193883 334331336 336360434 787061395 772241385 742575911 1029200763 37276982 1047222824 51015024 185716804 61953153 1030384395 377385790 982763001 939644442 123406680 609974238 35479066 582618008 422333160 933753300 829574778 471190793 521554729 34957654 380737474 3074926 848677276 207977167 970755051 262134585 130881623 209496414 382215368 283193045 866409091 453837140 980593274 552329502 88281823 369265338 234334713 686452709 649921083 941329352 647773074 503498349 437016062 290888559 665688420 126023665 817047201 388006865 539756002 117099036 228476466 913044675 326894164 84676495 438525650 756876882 160945493 888918622 406085943 863144763 410739030 407785107 623002411 693580657 365185818 184007850 294194699 247758490 79720504 669772819 742341960 161578643 577023389 85372340 1063415017 516385256 635827719 487001700 131815432 253099612 703510667 1003970929 552806225 1019327335 933926671 740039451
100
407223475 438463696 803437335 336543741 396614815 899851486 152045324 125968672 635176636 472244379 865588505 825549548 197513810 1023274560 997369422 1040997235 246791388 456462169 121688366 996750682 613956743 727813955 133495859 890138203 678208184 384149941 1024108618 15279556 759811715 668320052 605260627 898874103 693546804 234808733 967162530 162413544 895522506 46639775 687121793 57025442 150559863 249908798 647946156 818374850 776425250 438251346 981122003 447798266 602994661 983208966 728479259 92657296 114207886 778616921 394964637 469186780 676065826 122772640 36369382 293451981 698527574 370355202 143007094 593461349 257568533 261427962 1025029697 542841912 62124797 1002532313 553236273 139573745 703616481 990230338 297193889 646624974 932511304 347111084 159353315 40533535 69148908 229093092 1051271612 599177162 583766845 1009853576 114643683 818005706 626961884 717722765 558225797 504862636 437649184 557171385 858181316 8765200 841862548 410126377 265933619 328788014
100
854862285 512493916 803836750 874861626 276791015 228646970 1037182031 642132230 966485904 196849087 711475489 226453812 741610291 762452303 97747019 1015744978 136156944 1039226435 995845990 487773989 930305210 941633128 80132511 718841633 873312410 218619005 333846073 398613491 948443241 730707640 778299145 57915000 9525690 885500226 557031160 476051651 964708462 662012086 37374085 326981787 694596925 342426790 805987392 117719546 538752052 484893206 550311760 736389519 989737777 323642879 447916526 148483901 559210601 360056782 562320872 155898010 615014627 534430690 1043424543 157018993 493803259 656426513 108109833 1071566912 836221152 1035461667 869731375 369829051 833287957 702834774 719911600 271078983 393638644 402697176 203581117 630414463 209962278 68092240 166568987 164252595 38818860 215707478 133651876 862435172 293714650 574274295 963830726 557311178 328236758 657474098 220842754 953273678 430118685 805611133 930142830 492695824 944980607 999769920 324815412 141883746
100
645172312 634212881 37759818 155970547 494600342 104007639 289778180 353417545 85539902 303599083 495618430 528389440 560897929 433754567 234139867 493135691 181984547 639507065 437685489 185464242 565728429 249734946 634294987 734456849 58015036 508140921 1063555623 421343703 974102488 577570886 68081656 550752456 1053041150 585082343 34152677 365276028 797941791 665863886 715611080 87049182 110860319 554335232 168705073 924897709 970810326 130979223 91987169 1040034046 678577042 12251458 340308559 509997240 578959507 620796096 51383590 98674966 666087310 341651561 329346245 471597609 796523307 504640933 934109630 933364308 768122503 526486898 928170071 610237646 234186675 792683234 267903756 928274467 215177779 278484378 991542539 540812468 844130687 759625813 402308278 119669554 706741125 224894815 643530277 152754983 574384933 402226971 463949217 346022253 625533620 717625982 524188202 994274996 505325178 16646545 633894898 196748801 286177076 824041458 918016736 745696041
100
66509651 577368334 1010051418 316999610 133448186 311207244 864217491 461348291 217614656 699634074 515651879 1043493435 644586514 440883634 237789247 276081058 710179187 943236475 110323796 4520941 630727416 203486103 299135673 896872195 649583434 431700950 214523663 838492483 296268968 517890497 880067022 520889341 681471842 191067920 34351811 605840884 384018527 362925620 445954956 1005727203 337205144 443210958 873205278 997270772 662150811 716172854 391605056 618131786 736749321 71017973 326324493 830431353 924864792 908677707 194857334 862216712 787509777 486805162 124915902 252105206 698311379 901232184 289016828 359076658 787422798 29206097 1004408732 892107298 285814793 439308547 524187102 289310493 497070749 447258513 921077078 173732081 417701432 2368753 341190506 812810078 220423963 859512910 56356567 534164888 992275484 947081094 339308077 92425417 548910373 746885548 1015799374 621182604 468222387 96491911 624104691 31924083 718481240 251981842 145804071 1030719875
100
870745850 985281482 290084531 898050448 16259875 250995215 241560433 452514347 777922340 438304766 787468572 842782955 638920134 906941683 426827914 841317190 982901896 106011677 710163588 230609862 767665694 946055936 946019398 284420232 994055406 531490803 268396032 631638462 347669905 449876131 270997847 205226029 563349848 619663502 730499556 470191024 522703045 318351241 255814068 287158707 830692877 36282427 400204742 109009848 272304029 707974815 217777808 1016776150 1038305938 450612870 311344763 899169589 606301503 704354835 509452386 33205907 25817515 1008062525 128074775 292848834 294443024 521065296 901508830 1024055079 979349854 598894444 172183024 148498493 394887605 432389 571212026 220853264 728003310 161805153 803009691 260787907 485578515 76810013 48860393 372691722 715717347 408633513 39165933 687317168 641026127 977997511 105791522 71248659 540817664 20142352 1048663802 1010603939 648452302 604128879 83758937 789671015 453810250 436556707 331878424 779980407
100
818330050 312968835 983339139 549277447 817964209 436207836 9326922 344974697 392411564 381163734 287631908 493858491 35679684 846982682 754052473 317053071 595504220 48525509 340587848 411071532 7097772 156072936 53313953 484423948 21421374 1013235719 569517867 322508638 391590004 733707675 1030688159 842668676 347688192 216338320 165527114 913644438 434806633 686572999 227033743 29475806 695763341 808030101 290034275 876306266 126423322 834926147 507335376 113704766 137909779 325511052 557376626 38497391 352565585 754372641 99074557 704965128 1052625663 458130984 1017458357 312395737 650402077 877626297 661468404 721208547 661837311 97448288 461304999 786317789 688590539 808026270 1049248210 382026674 1032729086 1015551592 125997832 466306561 859842024 102712742 342966259 290315676 181350187 754162101 400625618 698166025 593094464 267170022 431822838 907418884 1003324146 994125565 683469380 374506235 508979424 260394930 582489014 358150033 668801023 619102515 729475802 653683483
100
358526624 49720913 313259558 428203585 669323918 753333073 484039663 444458863 233744773 88499236 705877225 613391076 62897282 774688423 734067003 405562040 727563126 1022395084 545686335 379697237 690595780 765788440 369385989 776223485 544034503 760281381 619748301 259462721 761615434 1014339617 329678993 197769355 563219726 79767374 647670905 228972949 374942023 1040644736 693951076 206033136 557985567 668380834 638682726 1023097983 341296434 776779825 344809540 668333817 1014484241 167133631 92048890 325803626 1050430911 199383665 826261045 808577714 208088631 272266370 493423322 160764932 662355940 50082750 1057139581 133007721 308877606 1001294856 453605355 1004123963 491012052 908865492 700791456 11574698 857285557 400379565 753455953 17364794 752838918 33203120 1000614244 227454787 900203255 716428303 51506803 60860528 991206958 408100240 480981197 913363777 1013046082 582505740 665501173 715166857 160323905 281359600 92951841 965966832 728272938 9763775 889432508 519195249
100
177822349 171914724 135809245 849482886 955691910 773512429 979693143 911318332 1035577445 565337564 179033815 802863721 197130493 1049859564 758974887 490036815 393130420 256414477 457150441 505119528 227518979 656504416 660101902 561952161 1072714487 325592764 550992736 120876890 547083699 459789100 300263033 400769383 634028524 133317999 980159946 746245842 434146411 374146167 649102613 1036031766 739646863 229656298 635435252 465277093 262320072 700560804 838939984 1007194980 411418141 800390707 269089770 627151658 239518375 251409754 202402517 1038199364 507938068 565315982 986886905 684717044 813414693 1009239420 386866834 804992749 582282544 1044456065 644245424 737173465 398051486 76016432 247619253 1033227219 417700462 706833872 712696026 854942445 34944945 135249628 917708457 541033132 285354508 23645057 749286020 223393927 979709497 929905699 871499549 390351979 410649222 866723544 551259644 215849786 532579668 831033835 527386109 466764103 134685593 873055835 13570511 473896155
100
1064792665 501636726 651292852 478606914 575970254 665426377 695357057 188878838 870605522 173930740 494055783 933698751 301438006 1050906360 429187199 45333496 854199291 3912486 963309909 627458701 335144921 667269032 987701867 201283968 660769209 300675064 32277940 57207911 686123579 331024231 701659929 974940140 715832113 958244760 709688055 656558156 1067702818 800485122 513519775 587528153 601461448 227686257 727835861 533790072 642789778 409775237 396965970 914127652 594241059 260125233 747712066 827325545 301725137 1059199805 376800967 338334953 6372903 311439301 295004532 616255195 577275747 768377785 595943378 503966087 1003759353 375299419 32907230 199813067 112488974 390654915 244983433 69922457 805076989 430280030 1060381239 347435894 670874838 547710571 538455361 113949437 263015386 887850877 514447475 153429850 1056061952 276751356 815859086 733861584 994279540 164386979 1008701895 425234996 962778898 292749827 467783750 607062895 805918447 332718847 974378152 206924799
100
883284814 60132734 531772278 386767794 670232061 616017612 883123706 308449089 559667178 398158987 162204356 946798176 796456522 211748135 96271009 726326695 514293027 419503105 772275828 404447712 733347283 774169582 659832242 656364169 606813575 174135734 38862052 16985173 253844421 981716630 594258984 1017582507 518998243 116720318 269108657 62953253 958041229 396496852 205716547 537018899 390814787 821814128 1030437304 766705398 557646296 730991006 924315005 601836037 618959348 789874527 828975893 1032729515 1061679763 147227943 683350165 312750854 499069317 749455712 269888806 442353770 1016736492 268108518 284737415 613150684 761561024 312402826 206824585 301753240 1010949198 483396240 836083089 934784652 18648757 756137776 198858521 603918042 111177064 303790872 262125358 791947354 909905327 863585512 445823987 504661781 631392805 451730100 114502174 502460875 931535163 668576902 709249910 249072750 1049277364 893757146 617807195 582470309 916589351 37276961 463540030 337326666
100
461743166 544600356 435809772 782584448 491023628 227062311 161230670 765541432 562769621 258428661 179921382 481368978 422351324 801591375 490351967 558520264 445090261 895203723 860375063 463761387 699519080 369772307 227940770 1014208861 478621617 169475300 453520709 266450519 73899203 137692432 405435516 692034660 917381664 324525628 236673396 271100644 606771778 218618403 467050897 756199819 791165462 795536401 671752170 948184799 382397308 739952488 886978504 493530813 500004808 768429598 308031275 340521172 166363716 606883645 391926085 977977128 947540652 309761379 472244476 205163665 202338224 314852672 757783404 993735481 639371637 554208282 260672099 93784866 921318421 170565195 1010689764 467488926 762376730 214959554 707578789 527620821 936382215 313671806 443742096 890446402 343722447 714714903 497147973 989566774 728321884 341300021 869553303 800802900 95487241 22732310 1019539211 1004591379 26452776 632590092 676354140 503367744 264839038 380527101 990730745 768476793
100
1027935714 98877573 138337458 358280225 337990472 584257111 1006117556 769063357 33823442 608042488 980993433 18539817 577495988 663213223 666869330 495125743 945390138 650806488 526751777 332692490 390213183 954507440 728114975 873911404 140304822 708975755 907022007 555116921 323553061 1007346039 903378985 953787018 443316261 580988854 789207304 261291372 748866531 261738816 747383228 567929054 119010722 781720638 1043721217 842297111 57160503 1069008272 544309607 1027321917 392121228 627999561 773804496 249900270 485563677 252673837 586760692 180019387 306543742 609917242 32373216 671886504 586244819 968981020 674134898 979472814 347565142 541881783 854067423 498940730 594126548 390675873 585390894 91380139 818327600 19751844 378153147 1000164567 778839263 5680193 133692341 377921158 288906859 194195752 976443551 142265590 783647217 496718786 631649491 903931222 510123682 501710759 23379194 748285515 437886021 76266792 1005939605 787685997 561887667 100864966 328560504 62192331
100
118799544 53699145 605620579 586836411 876422506 647646981 800105387 844005357 457490936 226953340 92691723 26552855 284078007 849465296 17060192 128349177 1072244653 815155962 543768443 1047447396 963232020 482593605 165049248 818748093 52397019 608166865 994083336 999845759 694471461 623202321 818729311 560373942 266008519 57223757 879097158 703496580 366605006 632320545 412145874 119491487 660439031 467657468 399292683 591879633 1046110262 778050210 822603630 216287863 732251184 978325419 552832108 771110403 970297024 203413506 121618921 502302074 533587830 525188966 504044989 648142071 64265491 121613804 688821302 95252006 57006094 175300219 693131925 225416906 254385426 645653838 828871052 157798199 767008637 143722102 765116358 864151768 588440547 60349526 308485215 416849066 235352714 838290981 723429736 97216959 131226091 1049810543 838540901 847365053 901988663 97261973 828613326 842371420 129551056 476171336 779835537 417266412 296388299 259713554 57587342 605784268
100
508640205 530952986 896176628 920984011 53882409 455130749 353958508 167255040 518780971 696946036 108413395 689028091 1049432488 13153199 791470553 922407894 24902094 907349588 886570181 1044851296 437603740 736755322 1026579439 901436828 18755173 709587887 778747463 101281088 958986322 574015091 648115917 341380407 745162972 742613691 576936726 406005792 79189333 163463791 868352462 785197516 447648096 248133611 1014583600 819128771 1043309941 592382082 386555280 186445248 666875231 935417590 1004771282 1039957041 393279165 571301378 955272175 839351992 56399748 372144848 53047159 76428460 1021441147 356353923 50446346 153400729 556146621 1023411631 1036464606 15352763 1049474875 423762140 659795516 863530631 371919672 931483910 950477315 681837859 89822411 80626976 558160932 1031395561 822590560 748354956 174996516 841043944 22278199 122433188 747942045 428787555 429525732 629883701 681379261 120571472 1040714189 762787583 802030533 838533081 88675247 228737334 109337995 126756319
100
19549956 386264824 356748146 216074480 1064717828 453921675 6920026 505850602 962741961 468622549 33949329 822280723 887375701 710594811 1036975815 849368395 796138914 943593783 390328541 438881221 784327197 808499287 454052714 758817673 242700837 1063854397 773979449 557627379 691534481 138569053 924698569 390944818 837038631 481424194 572219852 767913418 837739558 826713353 835938728 126481170 677784253 847978212 212412409 916830647 885438865 132480408 389685773 753238327 266475579 407786751 962428006 846224743 341945544 377028231 498937148 664169710 1068537399 860305330 393412345 72343495 592860926 379719828 475226811 489049539 906776454 672279128 768611029 847404293 320342186 28394939 496797006 882358404 1035226684 558834063 377368160 862541452 764615041 216246586 888312570 664801085 12733360 682128180 110439231 506299147 779958390 779325325 980358405 368398652 1035272308 254649956 664442455 200711789 291093440 142435953 316960756 128969486 330200160 570573692 123011021 917977569
100
381191395 684405642 197166719 451300999 677422104 588466950 579636179 385969251 1006893857 992176847 528079516 1045439807 670090007 325582503 514998255 869685863 214393511 659155973 204372916 192269853 745737364 492344469 722093860 61197844 858238515 314681524 669166417 763735541 264187373 771803637 255371166 97784285 168819136 435223966 638724163 143984861 1058465215 95022891 810765514 946927481 202267277 684917450 629800597 706105898 986502118 391526366 841340758 589834204 855944983 580705149 676747156 58948720 222251393 566233842 822701357 1055224635 632123162 1029113403 583289294 607930758 908531947 114119307 558926205 254615820 267680659 912960714 242723088 664312447 121267650 645319696 558288051 36192258 52686527 86176813 781506150 204390320 790852835 35870757 180669565 744814100 988081180 807554220 838766622 692963503 801864811 762792622 290972614 894095478 605319270 717996490 547865029 934007889 1022981047 295156433 972948157 155390877 40640922 530598476 16340007 575168683
100
132240116 964001486 647301951 301932278 210769976 575405393 344103697 1063040333 286662842 102818469 435575375 25874678 373287122 964038801 979611674 564266130 771220746 712949297 1070549764 580630872 927093920 1013796468 672996248 303492495 509633543 624260766 523443922 746996503 809836390 704427207 498792611 983653857 197539095 598939225 864837231 791908978 506628137 713969301 470438286 362931301 607687391 610344207 972892622 314725606 457611567 923337774 1068724207 316571959 718187332 225202093 393447462 16486702 270039037 851602205 394800283 214005173 42659691 86018145 745650154 362510153 429372759 629446192 721829798 183243900 951215033 416843414 730496722 846082164 687709506 44557683 638423142 253596009 328724435 1065467642 126974416 339783466 45254404 708892212 516588912 695062937 719040158 78916475 243232026 94732074 19342625 291623679 718558360 282868585 236863039 694033220 101356582 210605425 10605919 1047593890 947868404 1026721397 1059590171 117703364 519238056 800399418
100
110239018 560153817 1060866971 75806935 43273127 335716245 820270852 174791568 958673379 722841052 340661496 429015127 466560217 163716898 419711628 33723725 643006810 723001553 841723369 17068482 641880713 65054916 856143053 460884158 767510622 49975246 137589515 1054616444 953744931 89160753 312985862 77814761 36933881 699505703 854123066 1053994793 553616980 806826077 66388916 671285267 259457659 924903027 516860565 741929392 643518217 970064765 12319378 54149568 791458159 651779717 395672695 4909876 739676527 166603526 146680991 243013813 432664482 118199155 10410366 200730396 1019227124 378872750 968806936 434960376 10492963 145621905 869524615 35181579 230650435 357368169 73641080 100146637 1039823676 634874997 63975854 120165352 123469130 340574059 451532414 999875514 139452029 323820276 509646418 190991318 509180727 293900331 917410854 160960131 361284784 843397923 206960910 877900859 203915125 609889630 294396590 196943406 458807781 928852054 195830208 452028605
100
253306871 805996690 15965695 430763879 1002683683 17074565 588331071 947503837 219625517 426009999 895775867 472695748 764912478 1031088826 828273895 721351455 848072052 442483363 629355368 533779144 343516190 363548924 79774746 851586024 857742977 804971018 1057974219 160179585 525531062 123889959 943320701 664251108 606599497 921505601 621406696 453648955 810522044 707711321 842018805 289567488 261985026 1023110918 463351108 310402180 470582532 681355503 104236967 565189737 751179807 287428436 16748709 580150568 284830628 1050845318 239175672 902341773 328121431 797931371 943369743 794139190 468885233 979945979 5449357 701644311 1067256479 645396421 721070792 1028323064 1057223552 1013147755 93981770 241770741 940782890 280492577 121800532 1066722301 258903333 868335666 402974038 185293397 822633838 55447931 505048952 841156370 265776886 338749166 726249749 993565858 1001720865 178752017 137431610 754848580 1001294664 32674684 643895852 321261451 441659703 348207455 896584159 497391839
100
826797561 846569087 419831803 213042149 622612002 210320363 327275888 607111425 909139906 608644917 1071927329 713157281 797384791 1064065315 208241605 790711123 24929140 84029617 823461737 541676318 918159676 968873357 775662571 21522938 137647339 1066070682 288973440 605848147 197659470 239235182 445477678 354841482 307446085 926742483 232194899 922625140 191099464 136660041 158067740 61965785 768980703 220087939 8642831 133717238 905499433 89724646 405923458 874962427 52204886 411482125 883300385 233379470 1066861613 1053796679 963755884 621881415 128179591 406538519 482851382 755127090 884270290 598804403 854798631 58904656 202211726 553478534 75406907 1023310870 281259475 746903983 382018370 92557548 578827466 244206720 199766110 84455855 597180720 189772287 610499207 1018594351 442121174 1009137768 968442378 39394226 581433891 497311400 1055975686 371782511 238566544 157275876 820107758 243611924 52002091 94976240 629456394 1013196609 22023701 815236313 382010357 981741579
100
252802396 445429280 279443322 153061570 868131436 923050318 862395914 1029947819 84571056 658688790 811457326 7296563 614654722 836843621 96823240 707758686 505220849 674694137 1002387635 11125062 229219648 36553958 350030138 540068761 587394405 267207957 313505181 512067097 1073683211 668436416 442951059 1023199258 896520336 210706424 1019971267 654615047 205121927 67229471 69146442 195226589 466543928 1035051886 833208376 432481197 712124699 867561072 67190802 143236127 921965409 657402757 911385938 498203370 382524779 908508768 674814178 371132253 113331792 236269962 82442405 753518809 662388060 730381533 264602095 1063122261 583001227 749083657 864898055 891400153 556663570 964539666 282284716 623286019 195940311 711921360 258363533 691938181 251444212 571774829 633809360 862672548 989791544 91339499 552674956 21739707 583080101 442321308 905903438 993109942 357745907 425864872 242658712 633992600 585514252 764442250 256256605 241620725 618457742 838378899 297456775 55189880
100
969629286 620610930 982047327 12795085 358045818 903801198 56759546 31362252 325035676 704178752 1059266863 107920822 864308586 309848481 670239225 285282351 464988632 437062590 488596452 164690573 670508975 953733558 96758675 921545563 416008201 139871263 468350011 563960792 976943063 143715714 460498469 82342518 439563867 120562906 560794927 880178523 178523054 538847257 28440396 640077027 952028987 1054836388 970498816 739202588 404340290 517168082 837107172 936035656 1034904150 133683568 742929192 859887711 200558559 754098752 537446924 374495626 1048380569 510293109 959779942 605221289 955158035 1056678968 619785503 628804302 976412722 38888999 532661942 179962560 975958955 154003920 903743931 395832697 90113164 460014651 114082645 579348392 525478067 406792797 643883965 962558256 295056981 877362086 653610177 835880871 313981561 71670900 832041026 120084696 495697787 574529693 306986678 701146433 648160137 852903402 129820070 278788758 448610089 786611862 922148401 793488956
100
492260307 487050120 803708879 364018126 410232901 966371696 832293788 167438334 277234309 921029315 423865640 768682262 1036732319 77146095 874607015 605678268 439516564 881065333 135723653 700763117 185986521 690928235 806137825 808563577 439050198 263077627 242230029 897218178 1010475881 793864930 854884624 886755073 727886688 318897137 201250084 380674625 167213058 829602960 526916408 1020172130 440586631 41222710 293544558 622525911 380752539 554662898 880033694 565511144 490291935 858804453 899207122 320486705 804962664 286559942 18647752 637958433 74759998 264169564 540190067 336062844 969361886 588760072 684246138 184654042 366454201 93362744 288997048 756429094 408729779 879010805 497430458 263524895 169755813 416340310 668785220 1036236762 770765275 668811274 905763532 102592830 540617110 462522835 792439294 216229510 16695434 699335429 24702774 727117763 1004237154 88723723 898245385 657996632 541992760 165380323 57147836 803423356 71112733 665380253 849857995 480582075
