30
100
54606230 239257356 331397424 932907847 904673590 745747535 375707933 43724528 301865793 618829343 409969214 249864815 97841023 123673802 156366611 653871196 1028431047 1044051922 605580912 482558403 1005793160 147949678 335940091 137021606 319322179 227566601 610221234 1067244152 56818190 573449922 857686370 701280930 76818707 335091179 462537009 658117889 1004927247 224891531 856345108 424044646 655080403 827612124 1060574553 1004708117 530599879 663790029 46046751 505412423 634101346 565569408 439584729 86869416 296315571 308393421 679957712 747404249 608923611 742727102 1065381022 629502191 846253968 28445457 99218099 254298610 206360732 143681209 444067027 1063323743 385281372 434440542 395950485 1022059687 90059330 1062501848 699717350 422525102 1071246420 72061879 511834244 273660492 313632682 196592062 830893700 351765967 758545907 511268964 518249421 346781815 340243697 33129554 855129243 279862009 744271096 697180391 579353852 515857405 678305651 9788087 879615830 71129760
100
510861831 721777375 628687091 714259919 819621203 684907044 843034234 642755686 202132425 18424195 266941101 208291808 469157836 39740848 7493498 649109641 610113905 236325428 762198977 107685572 427206917 1038827497 215514583 70850949 497312133 744872831 219297284 480003288 473420580 870546427 345227525 835588184 207922633 471793971 689789578 884465080 584113038 1002459731 24151993 405321534 459957058 145650778 467423657 983715395 275544808 790491294 858148840 609700276 113173046 211127108 312115958 271901844 857267479 425937353 424410824 940694648 1049757225 540789116 869295429 89960457 1015738688 553510401 855650508 417541510 387423713 550809551 763743917 361582911 844478920 926003891 155552171 992310299 710456162 475630667 552092800 663210515 446012500 461165196 957547609 97726644 284744690 261573181 538266454 209014177 705671624 1066364282 572015372 741080335 384796693 55591473 857257730 995496008 952440395 416776360 255188791 976051240 288707473 896666101 421460634 96737187
100
748727940 766097809 819956285 962942314 996099222 987461747 50989712 884092239 600313532 669993486 259411146 877817829 172847712 52613665 781058348 429783129 855899708 961802211 642105996 680566920 313966816 314128507 915428564 327148422 616558384 255803781 277558145 166875160 467655396 72661907 943616036 1057147705 294402311 221207722 839508196 1056547481 208779385 903060161 639213307 923103001 337766509 141112902 360437045 87934800 220688107 195466392 363978356 39436809 100306767 274524813 148288558 969164995 848298184 594491118 833924333 804796976 293344474 415108343 342133454 709778614 451161565 718417624 223336963 648487153 649627003 441448502 699440977 345650223 753943350 259889322 367548051 756409074 532800223 1063657025 659046709 949504882 621931296 1029918714 539296953 795631640 563213300 823679051 240097589 580172292 491388201 539443101 223184851 122567561 109450469 439039691 116029777 307528363 1029852702 482455975 100471935 189934504 527370016 883708277 276376771 606528364
100
945135470 120144024 720194075 406110547 927110975 984172554 552248715 985059902 557515143 1048367932 466772935 219037546 926064220 73038050 436694413 316666180 255664071 856069319 499468497 491606673 337048643 1029133897 911936312 295356137 806150466 926686936 434248862 146698551 38563240 132264058 354077072 1049709115 350690382 558935114 576234963 614237960 152204928 387309812 732479195 834490246 376366720 115337531 396074581 890815729 157245953 119183988 56433821 135944280 599516332 955040520 939787080 947286303 577288862 741259510 1011056540 678126461 832346856 1026832462 518546707 817542911 148869646 897814967 969687004 85245187 1057799305 30681322 942159706 955283262 635490629 15614772 510771363 134860343 601848867 138814968 757801218 855644105 312051832 1013744939 995213429 365882789 513661836 78528982 273959983 454775757 94322461 847083672 414886167 344928026 379124697 780001314 199865928 230493112 117195751 508458936 1017962383 608580517 120614239 1063945654 426737648 222106933
100
616293897 340792354 889059729 156008370 498641074 108477710 335022899 996357891 254148679 626823764 673229931 806130088 786071666 199443653 728541 739276542 622439536 746098922 702444801 766075222 258135442 1016988028 631497378 224413812 30230975 227115498 799492448 898325520 759943665 281362646 350495790 871992920 40992947 989422232 146324692 278195820 26333354 306807737 542749294 587584225 710284041 955255673 767545323 413193279 639774235 805391947 822751886 992581507 434285501 562069588 1015988337 271870110 85858272 1009809391 890433277 405841139 895725324 248135723 216455540 191231453 510745816 461601611 903653223 846093095 413862515 269391173 190202688 519505298 549272862 696174148 585326778 416416082 881132720 247063847 120181603 178434193 311900689 392301055 504509729 414127595 855707071 140574868 544398506 329248497 152823372 176130785 380838922 674864806 1066307293 45249428 52494113 72869893 685094317 1057452175 1072882211 683047033 267238024 509334890 472905750 105923170
100
877073902 804825431 358590359 183786620 769857691 904491541 189363167 955044756 660363555 881985749 872195959 707176886 896785133 674944236 982585743 473546772 559737747 712160520 472824525 858001524 950056292 169809320 394797000 682929070 502374883 604526495 712063886 635963442 991464518 287082133 375218718 890216575 258327543 753033094 869133039 1021239725 424664855 198616897 335260520 498559460 86662390 917360873 256196965 466523875 505288860 615773304 640429497 973497466 969771844 1019548983 166379174 177445648 978247387 429373512 955042406 63655454 224776325 726911772 448084390 414296753 52912921 363846141 771383814 774116844 829514144 386832006 721629338 112761732 484422105 441888293 865018988 682404930 187266744 310309024 148052215 310193285 907018979 604554893 123003053 201446077 290036532 769849304 397389683 52811249 957483322 946782785 445338912 748153914 709557687 782319579 357582849 302750022 408306467 175840655 207781720 283495638 269729832 189833623 116202968 225366335
100
563872259 797502507 132352493 1041909674 961809207 608674668 301990364 210051841 822154859 267257773 484264477 788303011 420106282 359060083 943499351 991595967 200625875 767061301 630854979 780888760 227670299 403143648 312478511 513693093 609008777 577779542 668378236 88731855 220271609 566269930 430443041 407806261 1072061978 626872293 320090661 39891211 921764848 333157893 581824040 696533558 306310994 605667321 196823515 688197842 1002328429 367045862 1049835907 146015660 657045823 609746917 76716154 106207433 635206173 735521410 490895278 962855901 191914541 601704254 596229153 883180757 232636653 490325007 319032679 202698830 549633450 732945627 785912875 289657883 147783178 27190784 480708778 723478978 160275587 192505551 1064276278 699734272 487026401 135595020 1065218228 428165697 435657924 840776304 902006046 626477352 176981535 238217511 573543939 146208525 988740027 411216979 769880834 814108026 873053105 467404679 995877458 709669038 743136244 865296460 803856189 774771226
100
414763167 856991905 582214374 319007037 577608049 431955822 886167149 884169670 274914598 338326826 30438588 7853218 231377431 1060121200 470252823 994254947 440765712 709713260 647108725 533638769 764978130 1029269601 526834687 579688328 976357266 704761891 847092629 912766007 701097848 1046839965 468520009 591184737 245871393 1063871821 841627361 610328768 190199070 715142083 752073305 311757661 567311731 551530022 531816031 305167385 846306329 64821166 752645590 460753960 842083196 40568107 605786451 944958353 116828925 674397053 554697123 1073096623 135113073 117530137 1017817667 772571571 402964384 956837259 301048806 814290207 746674887 211883502 691416819 742346316 533878550 595217782 405173765 96776421 390818355 809353958 140845161 827649642 548625846 118496282 563131555 699550894 676272555 645989503 115657449 859593818 273907475 935775126 870256550 1035403112 29889122 106910581 110237177 209436584 103052802 410013509 831519283 168785214 405976271 578867653 580310109 290864418
100
174468037 644414128 64995230 216557734 243145388 897258522 973457108 536869934 797984499 543292096 920069430 678423773 753996456 103444086 252242956 243604820 1002420204 436508489 526905841 159492007 593082229 15554550 75802966 460904416 308123405 994013296 43206398 499119739 282521617 559312990 834287744 767419113 762170866 900561306 273214153 958627341 615734456 841208499 294707351 1071047874 182839162 22104428 492509439 555448914 835069671 135554363 959694311 817939200 492298176 1053059530 33968781 543297152 463982939 481372538 834910718 62074 1022424098 64661467 705506720 948213002 985335826 772443189 572328873 703055683 365720381 398025731 594027941 102756263 336162888 141145459 900814580 419873968 278564077 593682919 948529993 751884107 32798842 519428214 762664236 567995736 849027665 464885867 590656633 534260779 716843110 407733189 132295903 1034621710 837588420 702513590 619383906 477316541 567144712 873722149 755876314 966403816 992910052 390425388 300589938 719864500
100
779244954 198149417 250448187 628688526 31343985 465739604 994466055 110722723 109916521 352535834 428300699 296132319 503477356 679144183 853157354 83526614 216899608 30965049 563398366 838069044 179248960 55576198 1062600146 830063156 517908587 305702484 762339096 921830441 1027440724 872601456 78527605 1053157625 868125800 809567864 280518560 516776860 160314699 163346529 984192198 809234594 558111059 634421489 765003017 602453162 195596043 646318405 254107900 319548140 1001912242 287925837 491445033 130786224 936239545 408190795 571339403 171037397 924973897 94848088 885329172 929410635 369153211 212366559 806019624 172121241 778728221 92845600 446936352 94696280 771797684 734132654 14639049 571196853 896498036 30225394 591539426 962659059 683194762 677929638 780042914 755672295 453919699 220652378 671702319 731491962 740518498 289806834 433297703 213039659 2126590 788555557 250744347 856283274 916576673 819490560 574519567 93044414 678257402 60206946 926627580 437142784
100
150169214 885247823 488781086 714046221 371640667 5525095 467691769 479659304 920226391 133263386 365705479 600669627 573550496 536582704 639974098 20617850 216512954 427206375 625102710 350738634 684202492 1016102766 466616871 36061255 785709330 40928874 51132073 215610686 117984636 10080883 374941654 1018534707 1032208910 929708184 734115356 110069597 981986414 478160599 575211004 389727013 527848346 152129190 908029580 512614059 15713887 729554797 873904118 612471617 850493922 983437577 384805367 93402605 1067427867 817413707 307948129 784792043 895845973 49270647 818359193 354288425 543697840 564769990 844540697 790907082 839208863 224211172 211156975 721831844 274237547 848671602 63846717 913212610 1006686637 255361925 403459255 820174818 228614872 441760293 691524904 210351607 168875437 117968079 114499821 880858024 830840004 37906420 423530616 187709392 991349258 980572536 865682638 910337532 594421053 392448819 647568906 959318256 311464562 132025715 502532568 309699874
100
834941305 724869626 722475837 966809555 550024183 571742919 714816160 256376905 117340056 330531239 776446941 296245336 30019448 122571672 866532154 756400950 486824360 138425260 63007539 628799344 1029007788 41445769 237778678 910120292 840057596 800329703 787553509 102583750 774333318 152701718 227199256 35264543 249175594 168959861 508598232 539064649 644531517 309420028 318826533 519723508 937534727 525724851 844316209 378531109 814796357 592183608 565982691 281618098 856993959 1066816318 667764054 812155335 920487251 28557576 282742615 548280163 378243424 293359602 718210538 632685788 648546396 762280681 6167749 718086743 361051847 739102957 385108947 422971729 609148054 978838422 907616690 387476249 9818033 952927628 707241526 194295635 618675828 696277262 126405860 708186742 772327986 455650924 786020215 356293711 41316781 506704525 900188255 460981884 1064782752 440921450 581731645 867859186 541593909 197464209 531843433 485741176 965900431 169874851 512936044 934615849
100
959753430 837050502 43020022 589415638 820378483 90389801 544807458 89363783 933800537 891111804 894439876 540361608 634406008 1038086873 840481352 83047419 683271511 613071695 529530350 1049360122 640563088 1026661408 320844618 1000756050 831832910 775501892 1063801794 674111683 500337877 651615973 1054540308 985789057 938345210 60710369 203284685 825987510 533872039 117941323 422885586 383600637 97225817 521549034 463990747 904788457 211244194 747399353 824430323 97390972 824262823 592740709 894048506 1036990640 575126946 654937042 1051717923 878240754 608291425 969544343 1044517238 421768353 880809413 784244861 696865103 680885140 606301509 352195331 763984861 763921297 140671848 985251037 624195236 101125079 830002766 1004230769 866891771 650513045 301555240 176081497 801770895 141070192 563997628 49394659 61846238 14024193 267276002 673371540 4896701 170727509 207133961 413876640 706066131 538827115 43306930 668687988 830921756 733224889 728609524 158710061 518601574 752691112
100
704751646 916092631 808572435 151625593 551533902 1072084325 651154124 19079244 613026039 637331804 625701656 436030934 212478985 531982044 637826094 134019727 955202212 673499737 711427515 550433414 650997410 389361433 1038525536 919476701 462531083 381662649 749880371 916380488 192072094 98589353 930958138 978970259 294307663 427695275 752212979 383794969 534883523 776041304 400355279 556964429 167007702 225645979 593936818 182849077 794886933 461180980 667814005 1041240041 396606532 67644470 419692900 306430489 51151578 1022338441 833047233 226136965 274289792 646263145 120294975 620899714 429784470 618616037 710671239 466203260 375634862 187435873 381850294 749227118 606777359 390184212 985546461 678890347 297214515 149456267 290570368 286790681 752128585 362138148 502622232 63249969 494443444 378806420 435527825 910115585 208643977 349275490 170412492 599399402 788360981 47047273 50520862 127676641 337333846 174318938 408651216 762230514 993945213 291907127 358526877 781622968
100
1028300249 545512759 800125671 532619087 190737516 512423105 279742147 115241700 138145774 1053589590 200996006 334060082 243083955 442939521 846392446 526992880 971274723 923885251 180212300 668748554 695573499 228747281 476753062 164230428 3737416 730691411 402678581 363849979 295932015 635971558 514411832 418404140 198992104 465381403 626135040 707542635 1062944126 884482998 274058610 749960742 412687569 544505455 772907656 167033088 1036848596 435740276 670660048 320276302 133131855 438929126 453514731 405240221 998076765 859538007 161785871 92564266 985069039 108174674 39282310 57713768 676375880 615788755 669495085 653806974 383029632 834190539 12411382 1049735366 774548481 283529886 346001254 673434960 637807629 975032228 690648855 693942621 287493429 335865771 513201719 914478308 985042403 412548979 128747016 790875152 72070610 403101489 419064414 459303359 134425744 624624909 883798052 530332165 991235 376389539 698506199 803077287 430832353 197425286 898050057 120973217
100
482985656 992916447 182106529 423704802 625484084 661127572 199662729 116567064 685435237 804799732 232642544 221987809 740246956 831521250 325669794 15465623 830753757 852851410 904849948 1062233706 1057356738 1004433231 938576657 687197150 828180887 45296247 358821351 918595659 678262924 649388410 273847354 650800732 134088007 369189406 463395929 868327057 520249439 19796286 278586308 650522045 117586146 854866246 264927668 419183496 879171280 984131769 136536467 659495150 1069221277 429433003 595338623 807313086 656543411 212210504 34781388 802214939 647529453 482161227 39119487 914482431 213916190 436030855 223651795 1045194931 558224264 112132450 59903672 518256729 153795173 6403413 822431823 947656034 343501666 650799725 580019055 892690456 137523231 423483853 307267363 764091925 108620208 618652458 592418090 293277898 776801055 652364621 281355382 895589370 726918119 929876629 130775982 113523772 898103930 721972082 505172907 981749116 801846973 430455019 997288446 993272186
100
598293785 376759145 998794825 402019877 509857706 426475106 371186898 111447769 724055135 503485843 287006543 110435670 1019251086 854323804 826292176 66321990 953288352 154234704 94291641 35167940 867666580 980052659 972519746 143652579 1051687547 339544323 190320630 207582245 561442810 953501548 799749428 902476804 564934603 792452690 506749873 572919404 731029564 834073547 741481716 679473215 152147886 597597730 505442265 925566416 352918295 458176086 592826127 393426280 39154817 404978328 787756954 67594693 521947529 262176977 107521873 98708630 909965792 943552793 720560993 985338112 301878733 460406849 955223752 1061875228 743666858 66044490 887001307 921495926 173167459 272706796 56609728 291918224 431301370 220000784 916464373 1054820445 679567109 1043503702 821088711 961953222 942539822 659187600 428020188 706230824 1055071922 988268357 92410282 956823764 581740771 249009455 84228861 45994638 465222054 441724349 949274997 164263951 873005814 212422802 825929989 916880515
100
1048695556 576312437 555266060 622802307 457777822 432376801 756894269 875191449 592091038 131300153 1016587423 658400489 309892984 509720767 375014703 459104593 184911697 856376203 709490910 938182339 507022980 503630346 162446864 117562053 824715553 73121915 32751390 720908783 105155177 428984177 124099796 46169712 668716883 701391444 79120627 669871754 184680715 723582432 861384880 847141650 92727149 697124515 400701235 399148529 484682638 517721987 489947161 187017381 122309172 745080887 267389427 1561280 859887193 980190153 729553093 256022632 225610668 896700186 12611720 139301078 127971599 137054 1043619752 745809111 383601434 866705564 134322566 646884686 981048983 971508783 508059895 380690864 542278404 448458567 114197187 817337990 644121876 464664937 245571623 1046465519 215079214 803039979 1065437523 247532571 650386924 100440953 335243245 1044715985 1003744926 934580371 213481869 192343786 383796677 968827916 139729471 507710163 847228824 844233357 647388932 8589583
100
137726480 254836817 133085107 1020502945 306606181 723866766 449578473 548881737 207296944 1065130647 167305837 734215551 466073321 520361023 875033107 583620223 989496410 405369033 124438079 357051191 418013221 456591213 1063476075 1051265481 374452412 343761369 800516005 996648461 267361127 489920173 60553486 395156492 306809537 890795006 480109660 1059832454 682034491 773749204 602899288 79383917 910283672 313304235 854016865 76595304 769947503 373164022 813597672 667595089 158396845 258619543 586040562 744905399 403298576 295733097 1036199321 593755741 383238317 1008733111 637710987 153425849 228912746 989232577 1060897929 929980022 365519237 101703998 362655465 867670258 119613707 564199381 577437205 129187521 67570273 41333666 963282442 624421672 42825663 1072955832 656933082 301309859 1047516849 751371417 690191658 983619167 880154260 111978176 843570357 410870976 625252127 748891415 524460743 124988893 584212183 849056129 395776706 102147327 419406233 946711889 428252829 474947622
100
562246609 405316960 277150340 482386252 699759805 608928169 646022911 335135513 455745221 301525034 510317235 726427302 406346254 767006248 226834286 1027568626 60904114 501501950 899989043 195082066 279255867 1035743128 863523256 475371501 733908780 418530040 924369127 840703551 1007680888 803895989 1032163680 821447318 885695241 368306295 754557430 993639320 219870522 203181436 155295022 964535483 1013169246 880212246 813579203 216077516 131202615 451999531 872175397 543394921 93567103 437030580 739036149 726262919 960195427 320737342 419835018 1003062508 337277954 182711404 1054491503 242477749 865875698 1016351346 736716258 203194066 787225276 515471004 117282391 87211141 611340891 645415109 328693492 650815463 1055094721 253309664 385289234 852333667 420935251 217007987 730484418 973945657 1051215208 469100567 464228165 875766268 120779469 197147642 265922451 382095637 818511172 60016220 936639958 968972862 767491840 986207509 423909100 762490631 285976618 180829966 434141416 580994900
100
289665731 774741392 724539356 904605232 310891720 290436321 649517228 707757986 753626689 227440519 601136035 391292587 936831848 679102822 472167155 340772539 434366986 953871380 908158886 797255728 989501450 131203420 627310615 510409440 948183517 568024508 385848949 725391508 722235661 664087271 351289155 84135815 502086327 24762949 819494875 503053547 316431884 351659886 327619814 858470244 209162963 1015245491 67045605 798345611 606562278 263551893 368843436 479018092 552833456 995976011 892171233 937832968 505579702 87269185 799059841 404688852 297695243 430879636 924266588 1036089656 744061913 770821526 239060884 277387794 480980959 318584400 1007594274 236339504 987860462 311071995 749583441 524339929 12524651 289341830 482287169 541317957 1021340881 1025304340 149691493 660465952 549644844 39827067 553279750 1017419787 577173406 472606917 719420349 85582619 732389085 431608242 396015613 441194328 983568051 468697653 145048455 655007295 666773885 579074803 712549619 687446081
100
992079559 358580782 638469954 1036431945 137516353 460633846 1010714907 113002857 540249378 129809248 820748824 550431420 969658081 395663955 215455610 414483460 872361769 620083210 547772917 803741077 221475161 221816982 87916596 607328474 116107778 493573722 176640337 783269584 124105069 844773517 241491805 304029321 92497427 131488188 618197470 833371051 782876450 669838917 297123915 846630127 25145087 134953692 324500626 461228706 196531646 659081994 624274835 13176103 340263852 777123753 810899875 132332402 1053658054 648854889 384172298 1023854990 535127615 475128655 663971973 26396441 231023358 567570737 206975940 363019715 862563357 1016165947 936202221 535224275 269277291 866262892 728378903 537659041 399166955 428482073 804900304 694092061 497103955 769416810 22321048 477344327 171063182 558894552 1027540836 401899444 636836411 469758390 482682652 32542736 683677739 583929253 513464605 474175894 332421350 505780765 273347255 267354266 381858343 294996715 322905775 1015481856
100
150726061 300597183 570082754 492940071 490809432 413281042 745227629 230069215 936705971 753488584 47501988 230513680 695143897 222480504 984674716 873682423 1036550331 986300329 1005001631 696393990 860502172 220256343 833015177 654351462 585711251 411023733 503637582 384805232 833325836 485063525 125195634 926727731 445586503 215343745 8526223 626280434 1020091608 953641366 994348755 806215075 531946021 352853092 865996159 654066288 177425131 474432031 1009178729 566966330 610919866 210884593 591551355 630530577 208013172 385866614 921418289 559576765 22555090 623928638 655732255 906298169 1000548831 86938446 666350953 564198706 308141691 605635487 1021481290 817227148 564199129 1058512542 209065101 199834333 758864129 426013098 710033943 324336624 675698767 360339866 354270043 1010563652 525655026 111852852 50036452 285605003 3562862 799643575 784987855 112046379 529032986 702026578 264591182 369782976 697326243 542634922 111627558 715116696 555190151 556912728 345898033 64816437
100
102244201 565464541 418780367 883238790 496046044 830836652 717281744 217516355 210842664 643195314 843044182 608657059 399572147 468514074 96784820 193289673 593953372 885168801 567629041 934101420 1047601394 761831705 1044046663 940347544 1071014330 725255144 988352933 223916717 275494381 79128966 1000564782 730978399 1040548151 857534979 1015878840 904671476 440398906 907892094 84700494 825848073 923285257 868930223 564937391 1049405710 170943405 135425374 954532556 756181957 546853027 140508393 569879373 391595207 280308572 960858819 541363213 225869567 193061564 356516079 147315098 48970540 35807644 217262217 581308342 335402596 365140297 444004413 116532185 1007132812 780295170 445657806 521635756 50782944 627246973 535713169 613546895 1044199026 614727522 499701487 803025172 1020406434 16054223 410367206 935738753 515128235 358420434 64181129 495508563 556931350 450477042 413117308 90341814 570833989 201359527 857131128 109395213 919523050 606960861 1047697357 815033200 1009508748
100
170264283 1391145 754840073 1013746373 653095320 511506742 662618639 200678675 319709453 902249931 53378465 315338013 241211865 851301581 1070543256 962653076 670726828 207390039 585667103 239366812 949660365 167420729 244191543 171966541 103356565 220492148 962676017 290816309 1038698482 391009471 889888566 23259861 204992741 516675077 497185218 779544095 435023364 162821349 566511397 606095871 549616377 278940209 273057793 574776783 424067840 510032495 1037070799 322444256 1045741421 1028094043 566779226 676318200 51078692 86841187 1062491457 552209871 565323807 166358569 208075897 1069890449 454934508 1000704261 236111050 423611487 393236524 114617473 245200205 882605773 441373206 75163611 655229172 831214437 635818993 914929542 321826050 43407139 962037661 529758121 742229903 337198584 275587339 4515486 868560389 653315400 732267712 674363252 223863718 1024923243 821773911 318846062 589756419 901611823 654046972 1040904578 917536134 497919572 621462513 1037913819 201150441 133888527
100
508431192 858352317 978273928 182082359 50603786 825266149 391902812 185302768 295916986 775503384 960114459 201318086 704856416 483915618 482589643 657845730 337419437 50648995 372164451 844038779 378930562 717060878 108422993 744039521 471512951 93140140 811202037 68430707 686100053 997561559 452803875 1028402729 623302812 854671295 661876901 614678539 741964286 487265256 499054775 308576311 599776738 902013098 1024461961 909801439 421804514 910093488 172760257 115525833 119251021 729058426 791154166 976825293 806970022 22808795 996098870 456376155 769410083 399480187 13727873 749381106 830438447 597628757 311520587 151319722 851020008 864910138 640573182 405074347 942854561 775052365 901927798 103654068 907942241 49937030 143602563 519809941 998031715 364740911 926201194 325811381 163109780 565026154 399054692 918999436 1031736601 763978920 1029614110 871595818 587350214 811305779 499133240 322802351 722676135 859302565 1064169414 718716880 968201595 296966255 153476818 1030037337
100
940559443 729824215 456867237 926830968 592893675 611008840 336820520 324340003 886859808 193956615 677949670 471427011 535029171 770134254 851854073 880674330 358715831 1041396042 849959694 2791072 387072276 103893850 1003327720 941221887 140730886 391145941 234804956 319141781 686117533 699333985 46839892 529159157 557975355 6956829 262858829 19664742 821166361 710349592 344137688 1017676386 405378241 689300183 260852892 591240729 246972565 514287571 419893074 936414956 903205703 554675704 978291272 471756530 940712543 986666536 221020127 794871926 938086585 775798966 292798733 185591926 45294852 151914476 274590684 900530470 987557956 881379973 908294633 918428779 297829456 910476851 62725862 845536865 913848916 73941530 467760920 373364694 343525713 666716499 932840921 745810124 434941080 623031658 623639 487731963 49732179 254019809 608009939 21503052 343525884 801249707 52774308 787833183 100256484 834046897 721955122 245151750 396995246 263986001 18155963 550928840
100
396736473 484783504 330239583 539020313 1045327377 84711321 731557434 610491174 413934254 51459533 250189052 302113003 227482848 912523195 904236027 169432112 987259077 657779973 486765762 904241425 405854707 456944607 433232783 639860606 411784690 399777684 513006037 593926585 721112767 234417921 195201211 463340250 44729675 638608153 689521564 641793358 1022847994 42685791 106723974 232657236 335962405 432008815 141874363 721843071 189774232 949286005 593716018 567262007 720673556 416836020 366584598 6678839 769959630 928742144 33509446 308788752 1042183150 1059962436 691013588 973562021 966056466 814858494 601537158 86594733 25365448 595912382 703393624 33276213 87654679 653563818 594793976 197134107 279818743 117096189 73214281 633382804 643211476 901486980 696377825 1068333735 320877839 733926431 140818570 735589807 981427581 366869062 105806020 621494748 267465446 270677121 917644098 1056236211 309228167 1043027695 335732841 23112842 631138449 184172480 23446228 1001999117
100
993559995 115956178 327980988 454230628 106395321 86840294 772538474 650979283 471885352 279081286 432225727 1054993397 361778057 1070728798 184506807 69876543 286830833 994987594 312477218 162799641 597684620 155077983 877478690 960826720 416991254 564790178 642471343 954923236 920202592 334671695 308743702 916866539 434144977 690020180 615800438 376864684 116204770 972182995 303644994 1045685205 74781089 584170148 98496450 585088262 575024943 455220688 314796177 114658644 446277186 948455959 423970336 377948359 532063396 303818603 304342322 669835228 985557938 178941299 290315102 789993987 427536093 74835465 582466961 637648929 172966444 605650876 399849097 1042781968 781457593 327020623 967732571 826452507 487887663 688367416 416005101 773776771 124460627 845729826 561100156 762904828 912793976 633415019 803699992 842594864 450313481 653628071 499215395 395403067 20830467 577349403 644483286 382560557 812450679 965007426 241388732 500688523 469802765 548246604 771373877 650442191
100
430187674 493275125 1072205795 356721171 677863491 93457794 457433770 928708660 1007496851 100455353 190020472 910469587 137943431 897607241 176701844 1058269691 924397649 14924598 167067837 944367433 790133210 259975512 184304546 933866095 581449531 593948377 922959465 30000306 64140867 534497211 1065126185 800935533 8156149 1039324240 265022063 141440396 528436998 1018662848 30568893 880991250 839486051 121411206 355148294 887686803 267034537 542571763 543321140 761273018 12050859 553514410 313686435 631025093 116584176 998819874 604915363 484401924 1033630771 54859560 8752377 756619869 467255009 757036890 323714654 66481867 1034002334 458773932 350899967 694977754 59317440 192884199 661491707 614541613 925594834 724439333 445471209 289947385 617410835 759135319 690243407 550534791 103155701 913866431 544882476 335119286 763383710 501297270 690884463 850209910 462372970 172325095 415750013 691423054 229558119 731391314 171852463 992907734 493988055 741494602 989369041 767428414
