30
100
908898498 337247830 151607381 163228236 260600175 545849887 69679505 525325052 39397880 184922103 232313086 619971594 685923776 1068417117 68731392 484584135 58756685 575705236 1024060513 431088008 416635849 700675875 536155339 385256487 908539267 873474135 69410127 385188992 752261740 797372 513134049 189093621 604694939 492854184 635514073 912789227 402178761 271287216 967272307 615682891 711194326 431160113 158943824 320017154 977209410 332619464 756894195 445153665 311049141 287527898 511646533 1063068477 584333431 1073372429 197778450 326511152 503199992 583909069 107924362 860512854 237357898 211121096 706384577 89255473 651567522 875245938 886775086 201397062 551744218 500530306 804782384 178263710 898558706 242273651 926906500 898771270 551529355 938001668 583657680 652043471 759258218 317943993 360053788 403036110 752602107 641769303 949963092 848142941 792403916 261047660 1003588807 548151960 875435277 1062924740 91910315 672018721 385601815 1007899125 534504854 11627933
100
772785877 331418374 170695477 798363277 699468030 280471515 972492054 442570713 694345041 953168600 495002353 57968814 762304880 606497573 321901948 844986006 64567362 917799120 764236526 662901309 245677682 825412935 205564807 913926135 995274481 1007033311 379489798 582725690 40750960 159285841 736433201 774909983 845642983 317245751 225746769 320317925 1026674705 573858964 1066910899 894066030 1011470829 271580233 497830440 820287681 589545535 496927905 650064517 247781510 606822924 329705158 401463844 293435533 550136866 643840329 35529570 1067185223 421983630 712804510 685749023 174569291 881589283 223621021 545799489 846888403 665712890 617857027 299688241 366232892 842892524 453933807 31102556 625790090 695864602 796350821 1013950643 428123361 162961254 100836558 154682667 565694989 352491255 45227894 563091006 823393019 426299577 1045282061 931852393 24390206 360075226 927656743 1034325676 480517771 368798287 2386364 122117901 1066216253 339268941 312783784 173170453 888056018
100
501544748 41289809 394524011 484718871 453156459 921980114 96077136 539758885 852322286 738173869 861307754 80646466 82841377 419243388 800227784 81047161 794133715 356366556 694860314 1058244632 181188538 218124013 849829433 918940722 808250605 953102293 190675101 102886432 1065134184 25843517 19651813 22839548 282928523 867229906 112568403 63782948 758931355 616268997 1050432077 623124413 722446912 899294284 410733790 551766830 295229958 765879839 143078706 244254624 863501532 27091707 347247645 625322117 126591639 980574755 746204821 699503630 627160432 403482074 45803060 294082483 817554050 1010976746 724773303 469879983 769823309 581051936 261223809 453921922 786264374 702471885 708142105 756741485 129009668 1005378887 385535655 867761913 1044571237 841315942 885161339 663035505 949735783 721491207 76081287 101186403 41918463 658142860 758613984 981513250 564985733 745338715 227488832 248214087 373089846 461369179 265164679 634785580 317131185 561061498 83045685 1028966512
100
693119273 666981106 950600822 330128763 1048388830 165931271 53225189 656593534 511456401 399966946 743470377 281931444 300954943 309667734 1011485425 995025969 76446314 390898264 607248047 556746605 1008573080 320758531 416601627 312375237 1053903824 69758613 463530672 304257015 831868960 69066672 828530222 473962154 924414489 737048346 180551446 744081124 548442449 96451645 784170289 390826130 307543776 733588904 192335370 578912515 325216739 612958604 774873455 344843117 635214845 146339391 121628148 444549479 642532817 1044820669 189685103 58301293 646749065 571488034 926302589 39029088 773226834 151051569 944568316 456823555 178063326 488466640 1056561039 564109439 604829920 1020373130 231865373 820914912 390165395 757179915 732572498 416281749 855611700 564160168 995150109 201282036 319506819 391003092 534895664 1055523251 1030156102 29402028 15147652 161912176 370171079 339065196 901133778 251554347 902608977 41235960 465485850 546189511 819296438 799080532 532332576 373229196
100
592924204 234020330 362421672 587002091 130569293 302567236 330888617 627042673 631342890 721013820 852763652 448344382 217082712 1011553190 984788114 559664440 475985426 294813592 293333518 906186184 577469877 499984879 145622680 362822492 645806661 1010180297 138085429 1049989859 33445351 1016015625 537810252 142168660 331910501 286104791 243074346 430576935 44654765 140327965 409104511 441172186 901567314 443233547 636194271 612188525 601210122 854269587 894617155 433673702 491694638 281546477 453926277 915696847 1038502973 99860501 892562151 852070579 109673049 524665928 772759949 46687396 959234504 6081163 674900222 259403960 857179764 196342564 883082663 269745799 742568812 56505375 22581592 117163439 883751777 723111370 101909444 52865104 46573866 414043961 297405190 814628753 676790336 197372611 40956951 834336793 226307394 447666818 535159641 890338966 598656627 1037341911 99081487 951139386 483777591 128291045 193289698 938861368 351312281 593222417 422937438 233704268
100
149862792 785237106 811130416 385281942 820945081 809908724 117232680 962455544 926627799 781088539 191463543 974747784 130379096 133493251 225865192 971598086 617585528 702741548 823200582 49295059 308133047 871320315 975939555 865434996 919056471 982061112 64978965 536504085 211783391 767402639 269736372 882969859 375262875 920303119 893137054 388620337 545716249 904864942 268399412 1011380660 53979821 644630210 114970330 743560007 5353710 409590665 504269946 973506504 263415095 441352610 309427458 24773561 657499687 618577810 837514721 523877824 272472865 435461185 817520014 840290087 696092877 744605562 180963329 606938204 111654293 364794478 414131000 706690418 1031036457 354809906 539390900 562396831 310622715 270923324 269492473 974524604 628166596 358446314 139678225 521294280 797170173 781352955 103569930 685954405 615578471 641568531 230470771 956495194 182322052 583900732 837685731 77459983 664306459 2545248 737834099 1014997780 951283896 505267664 204168255 859486106
100
821110976 765592552 480675576 310130690 1057243592 1060810004 68579623 435184666 492552804 601685229 552390471 125230092 715080565 617310366 57373720 529966775 1050758591 818131418 769899650 672914366 45085289 721580885 279457805 511145993 758117248 494648648 157397353 898974274 692354163 970637809 950681320 769245017 159738520 890933777 990855935 1044002561 50734502 835316076 350057673 832620592 338626617 491522892 710428804 269389219 690706514 480816895 809431057 657314392 99471316 633142356 448850808 172381713 1007531272 702519330 860105058 767926744 956203802 122273986 664713117 382561398 124002969 249002640 396755868 863637242 881177083 200330349 540388085 349374776 690019863 615386176 621796321 798463559 723503785 411646832 624510399 1029263618 737381073 472806252 934451601 328657032 1033185684 289235491 682728061 180937917 107954778 554555020 297516621 462584519 313665902 298409248 826564079 747139473 802464897 90958939 951088631 658511435 356725544 847094078 31586072 261636328
100
244812752 531408559 74344606 691326450 319130520 114724664 87148650 737863474 1008155685 528875734 335975305 685223742 603058567 692003279 275462656 783496862 569754835 1037242126 848411926 994626237 671592610 702712992 601822164 827600492 793951634 64374327 222470028 352150111 642924228 611229610 408399951 29687214 976690780 642585971 209918325 863180374 100284933 471412015 629069337 701151670 699256682 1059255842 1023786395 621016338 216004798 849680817 630278172 927886868 387987765 436763621 542860037 769559366 972691849 717974511 756438400 575089816 1073140854 351167646 235713789 455209952 880284477 386424042 1067149743 21503317 545110565 358918253 238535437 354281492 145278197 365717477 712219729 1035112092 286077820 333285812 380735740 28757841 732235274 1007770208 242958672 948700412 1047939572 1037346067 330016469 133025609 1052653075 257123355 568293588 284707655 380852037 802816363 618504415 93117420 196136171 804136729 854179655 1029145231 48010602 142680030 942849956 133613420
100
350078873 886013266 671625764 123776666 355732428 721123310 421220922 45541290 971242525 528848860 13457303 595676495 434793175 446890692 831470342 920249474 554769767 731381777 869824185 152284225 885296351 233368945 549998274 246831629 145831542 855982936 930589083 92612203 512392197 530491772 1014855839 1038264675 916264075 1973082 560443534 891537156 151981227 334044336 673894925 698592222 971986729 325647873 885654051 430627206 477556081 17182996 96055998 779830037 69042192 696888693 431938348 756251050 342079288 882271475 541900962 645589219 980747073 170706976 799231673 162079592 1040383266 1047157461 573571051 693780321 553408252 687298731 720590362 6439674 402742416 164915586 653058826 1062314214 1069024195 561669630 802152674 914146521 358714657 780020741 981621424 1069068301 592688216 388662082 438887650 593405374 70742200 566366629 381740493 342419374 439305658 39542753 613117481 129663650 424092534 831057389 801808786 451160802 248502059 859789188 512995081 922233021
100
833325221 548886898 473912579 548723244 334168595 604180500 199304585 445377064 81276373 157062940 349227433 479273597 844940215 91897882 563173055 852093343 704396744 775533185 77792429 887617057 461921499 332874795 699103831 852340544 926006534 730325460 27994664 470687064 275151397 1060603802 953269900 273312364 724624472 208554372 79926900 546239138 503858304 983428087 576868821 739370181 1044754630 391777346 711618089 754283202 565113109 356309268 1014493932 1005556267 466187163 544889600 541339168 200887479 31936844 979651840 623804618 560439488 757097055 861963503 945961842 303034819 631857871 152300558 573278887 777652451 523970267 616826752 458060665 224503143 846978950 875630797 862642173 411671864 194801431 493526627 299154381 488803684 446418330 476109840 844046469 487004830 769817950 791958409 530551367 290439611 69734262 344343783 368462904 343947318 248821816 88837925 663002369 869293229 307295168 31729827 902976334 963819361 234175086 7940006 312752722 469404346
100
149117653 595961410 558068673 848716553 278688190 860295381 763140773 130702216 930919759 889439691 691630903 762602834 474435677 478191459 598347117 162965912 507979808 401986274 408745442 869456081 125715637 664128787 170698324 905072442 153733531 123936450 926582309 488524113 714898998 539457856 68778715 123349082 145876560 1016969954 512362657 739362522 173795987 270601090 40501956 793632030 1024266512 879954172 1035586614 744519093 570508731 610993074 182003725 150696434 329724652 564153097 442341893 232988267 279718367 593594858 807687930 917428093 678206261 629879618 159499632 642366917 986390385 772734594 481332747 841317032 1001394044 675181599 602029079 38868172 817081634 86673939 278097409 417715357 766827411 682250330 906335707 796670153 727607267 182103414 872434140 1033566916 819782025 506014444 758916318 659694405 809960164 976998853 521746143 125054663 595241393 71833358 42141056 85934601 762339222 229300312 941890697 680029838 38236827 701720632 608906851 792397598
100
215198408 153339036 876479555 612188440 472334885 539263079 483489997 206121749 998492911 768928537 515249743 848621625 130296012 223139501 556843423 918475778 574677732 990858817 775698266 145244496 656904294 958600855 630898781 1007014630 698569986 9092757 666498637 897051628 417885550 377372613 983210001 200138864 24431586 101199574 1060007506 118861280 907527323 820542489 702431234 970605457 210946651 618578948 355063506 372398908 31800039 616443827 831787962 1036116347 177552264 518841698 172823413 17821265 193439115 489752820 306995970 894651807 943260353 334318703 835535908 118986672 459905536 422514814 408879587 909957550 529435551 909120750 737891593 907267626 77200894 942520625 164944038 43558296 283924988 532139230 835686029 437149392 864065407 265875502 567636949 813477775 1034263024 683312257 444147032 550665460 316054716 195439831 43553847 363783171 763670484 545709656 603048532 571658789 534987822 390824141 115064534 142421414 134858817 164437796 127220393 1026788918
100
354068463 467389691 112821609 711813137 994852325 599576512 1035499319 558544083 557848672 215120943 333054588 57080924 98759646 56561476 928446841 752024633 585503361 687341116 524085841 766995067 17091727 213072667 179058573 398590520 742109426 755534121 59818137 41394184 512964024 534307184 60234308 939355784 710932628 424535872 811620164 472589018 656052059 780364972 37118128 133712163 640739465 489490187 247651972 60203276 1064516538 363443063 529182752 30116418 385780273 20417361 842003657 1062895863 415674196 37324987 1052550183 831695454 136446253 952195868 645379782 1062302002 737706219 701451168 1007083157 403452464 309893983 66728374 736022377 481491096 561215872 544307088 709105531 914246320 717414631 193670822 845055974 670697025 106603603 340800563 270609706 484396312 99066919 515401143 621336492 1032814982 807296743 948495731 368260147 323113697 337318335 1023831792 378565741 439933441 796223740 669891448 355567464 931644867 334086288 342095515 536142361 675977098
100
147931820 982767576 676458425 1042792892 483872066 38961890 1050602042 1068152299 987100088 735329494 373132026 197374115 984610732 483829561 173029994 277869449 398574467 571818994 341725696 377340647 272383716 131571150 473413812 415536683 274051897 703332605 16748419 360896616 671268913 638632851 321908208 782448851 774463553 974003720 531148414 921406279 545258782 1023579065 471550775 282540226 59413572 295955300 1030081064 387923942 40364914 628537264 11450850 554812793 308335916 255750051 945044987 387658981 711689528 623384362 1040198539 908259512 857011489 829519764 57882032 312316709 797071543 42919959 467216906 645316226 75276941 840017482 1069038911 926186952 783816826 600882857 1036871544 737555734 768210969 756450581 57135330 1026630190 629025609 164928849 655707695 38563063 998182061 69243782 682749202 58640377 58801196 947586240 707563719 546283748 543523698 799233902 1016241800 257810697 486722158 486147046 1026865689 793656799 596253650 783510750 653693501 822286720
100
56444916 740015422 469758761 71057782 108566056 623093097 236611517 606396783 740961373 562464143 718979651 487693382 37997531 795178374 321789028 831430145 321374928 1065322150 671878894 250454123 625560778 587067469 217182803 307781524 944442174 15289435 425045802 1024269903 1056878085 156885943 712122029 754399923 1002877914 481626824 286194490 588632731 320662237 361336316 690381011 492992550 507476243 601697860 59366813 237631031 105280739 821898646 736694885 118039798 908332442 321121130 1071375126 33541709 5325800 814059838 1037186884 256615019 724120161 295030546 755714724 318585925 892659198 177776621 32935313 695809552 149538457 349195862 748688777 1045908936 94146420 668602587 285908398 491887021 967497651 604788366 60364614 154520769 673000157 652716930 99207740 822774603 977514847 854383954 717555100 802869078 202336521 745154459 973168666 534338867 405400974 219246718 662669452 768493555 655216905 409572639 849323628 100697581 178357363 191677992 231885399 671978814
100
971371590 2551440 727789636 940629117 207572139 217712509 37687842 995281417 431211915 270836777 361810752 947444318 664124063 659529409 669623752 561916011 899455397 860642583 175282730 638644486 380346077 915743010 313545624 771189606 79929742 408349052 743785611 218575271 194113663 497476067 378653500 980498761 508444286 1019569080 412378668 191126449 767139549 143689347 1026291869 793276071 458265071 344473709 834543382 840166615 922886544 470161092 956535778 394145360 217976219 696934010 1044161426 940585224 694945905 893455527 969912695 659943765 538837880 874518275 75746345 280121973 378506138 457270381 717836802 647468807 113522114 760892774 230860196 908487056 836180835 41069718 603910767 796226808 21849840 473792326 941162763 956534026 645787749 62199269 397155301 857106167 530573757 517788804 22086569 638050772 710056825 667583321 76870605 885251863 330314015 811151168 857519879 318286622 104699321 673684021 912640977 750515624 776560722 751057883 433559788 598104665
100
103338488 488026585 61307195 521788110 333938935 785132386 404004664 1023231326 430670948 72548367 397672097 285463627 200241012 519931058 885421994 983008821 940244346 870640860 1012003051 1001513155 620393075 393535333 372129760 792481052 344034171 35986152 630628714 57640047 512491350 1256004 4309581 855903339 988647144 560867612 809654192 4572103 803448253 233216088 993150880 89947835 100305538 831799970 929718668 89895813 339222409 369373418 239642314 166409958 833499978 509652707 684139281 26937506 467034332 166027139 702895357 53751812 727285888 336683399 145106575 311994455 52733975 105481196 295990698 67394926 1072544679 316443255 377498775 583088157 277450202 496730671 396749442 278936253 162893950 712517085 53689338 734637484 976688390 115036819 972645237 683039691 1047665927 648383522 702591434 912514814 349813436 436965794 858681013 857078960 1054605699 901841390 1013928278 808915532 204179038 52629541 252217522 69833157 143159411 307578923 347165745 823954959
100
344089381 341257246 943019939 724713112 951266305 456030762 144713983 330743848 569209836 351396330 442098468 577172211 831330009 881989972 751098390 172720210 218697729 886591814 291156320 882366148 982949469 649932287 588073101 816327276 744257838 964054948 187217840 948897166 371725430 645687997 1019763677 378824982 903279996 839643317 540079021 575175952 182851404 1055017053 1067568062 1040961841 366567221 171546217 661584689 942615885 476913993 54859249 326545451 890040798 465810656 397410546 876842068 297666692 100735253 1021380811 242094427 21783679 621193543 872701632 923737455 8721207 4252058 85871739 945125319 516676789 800666484 866671750 965766428 76706855 450750976 1031475922 507608106 307574880 1035083438 184956210 805769779 759137365 861388209 370779105 259151739 282693537 824547968 851493368 404360141 123854594 297505877 334654969 477917940 1018447065 197577393 471304775 511856963 971010478 879223254 128587179 833943566 970069162 963467083 107926481 75063855 833391644
100
638289352 635592834 431760885 255786136 117158534 1038866024 1042214987 660291153 858128226 372311624 545724890 677190431 328472728 24112649 1052303998 873296477 823077321 678146970 598088634 152455083 564323960 50340203 55130420 780240746 55124622 209203953 60944694 832297795 708836054 309965093 1064660271 950898337 936152450 370663174 28576304 154895154 611074724 383727122 849783152 79836522 649503926 132920017 843419849 186437887 108120339 526332235 626711352 638211438 429607035 683628940 223508832 495110773 526894995 52337703 484033032 416187543 729485154 1007730352 498111128 1016166811 433763798 147290177 642645920 171746573 308106813 921017846 272274770 563575996 949508556 249257841 440543235 693335354 59658268 165516118 601830574 266049119 513791911 768218064 964809073 164765639 595662416 428550923 999566861 804142415 859161048 214699959 73311338 573295516 844478570 1041265036 321739025 578759828 857483536 578885056 760834992 763309026 637750331 587170706 404207514 867627894
100
441630915 137307204 982650883 589692372 545201688 653821385 403998080 1050839190 396039130 373951847 819000232 91299718 649277013 791693824 466537082 371894664 261032540 295090330 340954809 684014051 342450627 1027728607 767176300 524269764 854403044 381491614 299853151 602545083 302626331 756916552 783430049 374091323 544213066 264083060 469587972 636283422 164301142 89146459 780597409 545021984 419753895 1072830300 570372945 656552031 371960236 1008082297 1064229940 888312546 784751189 309532377 706232366 516681742 1068361111 659691076 150731109 991889714 666537196 199274922 393466821 778285309 584621008 409518748 60146044 792466434 223749189 9418449 626057086 864588091 393988944 620720291 91654658 502145667 566404473 807057296 539066626 831608091 842605391 496974009 170728639 134730278 870911458 660019046 632197692 63076140 961581895 859573631 497174462 1064435355 188769048 162405397 893335890 153630785 632347377 211798999 329411911 238539220 610288372 584711581 415529135 991211370
100
213469921 887821283 951505921 928478096 570881601 805879548 524409336 867197311 181365759 180123227 737344404 13005636 525881985 652441377 110603132 769933588 1033382609 837751735 688831806 113117353 215056669 527472712 160832968 646404543 439594296 512573250 1055333359 308400792 866329368 424424921 862142699 657910905 671830870 955297924 584300761 391043114 517741489 517083006 209537848 741763706 177522571 1029968710 965403501 29759673 343842922 23142687 907061567 928777533 33099384 122197905 556378459 614144989 1039747332 765670118 116526545 927022713 597661439 817856942 224388757 1072071024 553918336 551053628 456950271 465008680 194857537 802667046 113268043 427594121 165785631 136762568 127104282 813728898 134716317 440360386 506764783 539479171 134486370 317588086 554224819 390804994 1059821750 947473803 630548274 312965878 504765449 18778989 178713756 972287839 296286573 295091914 1046898181 594689468 107490071 915776790 966717156 235484051 963719137 410307336 263613848 305962476
100
477933851 555377630 43267542 648706166 595460110 874741596 876846305 1049957799 430755172 917615130 824535459 460777930 401600485 822270724 609961012 849011309 722887707 8781417 723849905 127894720 832880854 128781951 331429308 684506652 623688617 503268316 1013437690 623068281 274775402 837682686 884161428 63407862 659916470 1009673157 1007109303 380251733 866378858 446241780 935974932 479210875 173831211 651376051 75396704 148660725 234846431 591472912 353818069 834454638 317374258 654743417 738889391 396175674 418353682 135566403 436721585 855740623 822263604 545815847 374297245 942278726 305703821 853369535 890038463 170007006 360675289 514982158 943699811 689819002 197735703 237324277 939723866 38156574 647506186 34304959 659190394 693608821 924787386 696104342 174247451 783493710 476569329 1065774091 214600090 918951706 355564735 1072425874 70439385 837327728 242811383 576444163 381412029 370555786 870182831 830015515 717120431 102874309 995419844 26085369 1051972636 608609829
100
15079329 135268341 674910414 320298561 437176444 1946672 857639052 36333493 646194390 372247365 100121676 235292057 1049192543 381381041 831045281 672729884 154159275 925307510 280368704 405607986 231787954 510262169 550690436 615916562 779336272 851749539 360265707 452752823 552699078 757735713 399526038 785908833 851959607 858380580 996265165 770557457 568840236 7131586 350304121 245432848 452877073 957852563 159802025 925545832 1006221493 379835700 534630414 898172777 265101262 16893896 355498366 87608870 380968307 236344178 1021653364 736830197 343834016 300219356 964531086 715720435 210879413 569992371 823166222 1024923518 163918583 786550312 962872666 617304761 238511886 516727152 436866685 182905867 229932166 614141253 756893091 375795872 594004302 653963876 428358560 836271079 165422395 727212045 468745578 527580178 982303366 549314694 363639963 648742553 8951370 384619928 593893360 450477239 938103047 642295056 256338892 914407403 707192610 224490816 215716534 188495481
100
288504187 251506134 310665191 869068149 1029951132 847039868 1068890496 608847465 975644544 710226330 269660884 803556659 226003335 346102341 967553590 13760812 98425111 564340791 107489597 167741582 1022490137 9194832 479852867 175962363 407840890 400510225 852649961 247730167 799710379 697552159 820568977 808252265 120778786 626718150 208000995 420237854 495177175 363307635 46371401 574495814 616602312 106701369 808924786 891210741 514339445 1044351053 636732114 993344931 1001632612 647793802 253306145 185538733 227695518 111934446 666984152 806471634 362050864 179091739 98417079 557973942 936858284 684412119 936774722 960749922 608459685 406521484 152833599 135630530 380971318 958573769 287620409 625375013 667857532 1044299199 226087168 1068307905 140871959 593182660 735395879 98389037 696067501 1040654804 360240261 685853413 53757032 2305035 20172725 687278538 623923571 372146220 231251861 307515551 995747200 628271645 715432651 238243725 972837445 275857513 555482427 849987488
100
305468604 614169746 168608583 990467293 862516331 746753215 551739096 950467502 374733034 1050098804 128393481 968369715 422275155 1028018601 467559288 726019765 405939686 18968090 440486693 571130753 734900867 21840836 838652147 893182825 409779505 315742572 256596522 38857280 147538843 318693144 434659576 1056812386 354960014 626397843 841002219 387491881 206632573 162378733 226564984 874199161 765701117 863832569 845543544 878897973 90972233 931460814 938272422 142530759 658207167 424057927 504059938 622596508 337485920 1039798403 130782961 946018982 885956180 251077221 535977338 433617368 844165220 566373908 915341066 1007833774 562552446 271516028 876093521 1070928546 683095093 122409164 368508899 677981624 692543 939932407 52645561 423357171 814107125 12344883 884054189 891109597 1057216470 455867516 330710273 799851011 52156932 376549394 723449561 566729079 69182917 688533494 115668412 973707085 411330307 856138866 557418007 850611486 778162381 485297038 208619962 243743368
100
467774875 513933401 1047529899 551756015 137273772 39772172 973200301 751904151 523788824 902790607 86549815 921854059 1046900986 808011267 362126071 745549742 548080817 459506923 180203036 43609028 748483680 242614064 863705309 94504889 760560751 983702110 748944114 914768313 612578056 210277732 1009255961 49505177 6837403 403558680 747059859 475534157 615403610 72263857 347321252 897463152 558439614 321378891 682656790 944788415 651631616 236060518 662676150 397193630 70340769 408163688 993060566 996657297 1025352162 617518614 673453258 652243652 374681676 333520927 953154155 617060740 122731050 204255121 731945879 889025988 512561162 926180962 146697902 866541721 154769728 689890536 768649495 853095358 461564003 555364961 235707321 176765457 720068558 1042560364 488906626 881700884 140764704 976862350 467997156 619238509 739683005 1009653423 94101843 816875622 823523914 380451738 764094920 3833965 325133108 422216832 873095489 997065877 1056008746 767423606 454923326 425541908
100
489820402 714617414 1049110211 654204745 952388178 69003872 527096737 433905317 391771221 1066178458 792312656 582383472 170643103 683031942 1022158743 258916655 724180282 1062868152 50161886 474633384 765153552 718382921 410377909 715927655 666321010 720305495 607699021 929770810 574680980 803527043 765340925 95519414 425781518 726271345 667634878 530078639 4335196 478785099 526729392 32602819 120817759 324194623 75604883 82898641 441442267 584628220 620141135 396941178 216958455 150373689 225211500 814299559 744391872 478662959 835902619 693494786 44978085 780686874 807115051 423912315 679611388 701279419 979164308 607389636 591030652 627448025 935142896 573700054 854461121 235103675 902476157 918247018 569867724 48288431 371226908 728725121 505005184 51974023 1048233173 639901661 561868070 275335447 865946449 512615301 940063466 1018840504 833413726 200179781 1003576923 805343688 115261295 528176939 968113647 340114472 798967834 74313740 222547581 1038918332 898790040 183537149
100
377671407 487568968 391697370 854761691 145809964 1056672812 727873730 42701008 740037222 119570282 593235096 770649864 944420497 829017548 225954948 793253838 366863142 178362433 364021616 470309075 1035081379 731161434 486707852 750303660 901314057 532522957 918605259 926454863 597563741 718942966 863877220 586169754 495511591 722147153 347379025 213384652 428705269 660761857 17735635 108370186 480169689 889266764 354963436 481454044 303260647 1059462173 957001443 313261997 84920249 684779137 919256004 329345870 224889579 819590442 721477598 777974643 566724766 1000502255 202011459 239761204 691745529 666740554 826757451 192042126 375320483 490069208 935689489 425779424 248611915 424602589 504157684 313946478 565613345 317212094 888986648 499905506 408692570 903911044 267289827 752883398 1012224431 505214304 848043904 714146315 110875870 756393249 387008863 967090052 193651240 252339391 199553715 224490348 532997585 121655252 331313906 100271324 576086948 619400990 667856217 718067286
100
346364159 931808614 310046269 152104316 479445501 103408476 118943578 689837864 866245954 300910786 988725593 81534794 241839388 95941860 816957769 213523134 783868798 293804369 267760160 399814886 1019507326 719756891 1029424437 817653798 864021717 580679578 869847748 856228457 866711138 815761513 182561390 4975002 594756775 344479847 192816054 322153516 452177738 740022264 881112709 1072859539 1068290198 775828674 343974822 20582089 467613176 213630512 772058443 157139658 813637762 463067634 829185926 795796248 988927339 14813307 894298321 946024503 703889036 471398786 1025409671 748210738 122591973 148091010 197880168 575216916 775028502 471644474 910779929 633134448 6972902 10185773 677176737 810751194 784240832 565134114 337420782 799882860 321189937 703675813 317774414 915567426 229510251 902649221 353442806 291219198 256247238 1059455828 448961151 536540229 1068516665 859034346 416880739 133167423 912147685 403900386 406609797 146490395 268703883 598823452 376719782 1034080137
100
705532473 729635057 534351678 122584576 352038434 1063772272 744230003 396794889 735999362 679722132 689181287 911579003 235509319 555391921 622160601 189184975 649961765 570087039 939895438 631226653 233840147 357882010 889261521 1010580644 1028763851 61675779 1032742125 720806214 1027886414 316973726 561254581 48287753 833846366 765078706 8392446 634271895 989900803 795198316 865408799 265390527 863348743 11599964 445564535 596636146 770631290 590205685 214883559 143388614 1051735086 237885713 310741332 751415927 60110139 542918508 1023854119 91163233 353373565 446456356 750699980 1010887047 94901521 235832640 328691510 304116751 434805980 628997413 182512218 552181956 788513540 951578402 604978351 290810259 441800564 647139814 870249908 197233678 689033309 144569860 934472554 620747244 172052144 835264118 490538710 177150343 451850916 259533079 616833153 1004500572 1067106358 852444968 244903160 813990287 851661732 1043613132 76282187 628540004 879535601 826844811 947304338 768005831
