30
100
689448943 435238303 1045559163 467290450 690268584 345952238 837392901 1006925575 850671790 824756686 54656958 990078372 200264705 939418608 1054837998 315297073 162824147 107358550 368798289 379617613 901220363 179660249 736370586 633491368 424014531 445639844 602340844 776875656 373963466 501886647 168581727 750648136 58829347 650617189 808491137 93718741 873172100 317682902 4457682 807321136 767308248 34708102 331054918 709068014 350077118 1448900 393999815 384894907 1061738759 9486388 583708337 965525714 872351291 764609613 789341012 979359879 397476373 425091036 224209526 17781693 702203651 393796735 239809230 997954160 23032487 533068843 255741322 413212205 718207064 566620071 139872458 408209557 633316258 495787279 80353826 301275614 31812290 730199633 655481116 1030426449 131141931 439295923 962955700 454306253 746658307 772269643 307934938 275762243 170822310 488965766 78306548 816441912 1006599458 354927266 678208601 828180038 92897978 932268339 189393879 1025867930
100
1034709922 1014801197 786445688 882466635 579314857 949777810 28208051 242385741 112815832 814171180 723063605 981387645 1055451923 99512474 636310397 1040862370 592762642 525530987 766274076 144375223 64148448 611998373 195615031 683259497 419495005 195451967 539682312 685448092 681823164 521767078 53897053 714231782 409621509 162697532 835445784 829912594 395494548 145258196 1035927981 309068703 489242776 397509688 528237223 656859967 903546261 203364515 441980195 959604568 26730979 448283208 490811730 314969222 243006252 861743305 720390140 119933975 867951858 884819904 502202616 259178125 747439878 967473465 235948469 202493472 944002066 684904502 909374389 370882874 841306129 1055605546 980394764 259269881 681273041 43329151 402066661 193036208 953651832 814249744 425559549 1033663334 420237820 902624431 587915558 364030037 146927530 1024199840 217947590 381441900 335353760 725980188 137651797 1039281358 858898002 661738192 1062788835 82639441 389830409 802643291 998622095 605633024
100
254361555 390223633 1042833562 6495428 983955521 856498481 141164560 195425532 30589216 806354253 389462539 357216927 1066576866 785873111 819397219 806053016 732367723 824672725 747614633 362180519 48410260 122119520 784230302 436991199 999942825 576658981 103792058 38897704 588871147 1052766951 169429414 62273214 271454736 439510266 459370434 144760240 235341502 329477834 387909024 323145826 33385491 583733842 461030534 1015598859 369771808 262551462 995920881 449072440 552954473 853400425 546206733 281479239 478626919 292916567 658485309 594210285 960976390 391855805 823214489 952128177 110204711 229794044 152467819 291272814 890019615 720655370 896748465 562193621 818585398 71312624 1048736159 757073896 798960937 947100749 112024602 786018945 393469353 652713169 157283901 530439369 262516442 619303363 985806808 695942337 666190549 776842620 220301292 766717116 1020520998 1051637738 338947888 188899811 790068814 440282382 429857423 5894832 106892354 238414718 963456424 377662835
100
441103075 140076365 107265744 254146979 95924860 421431812 627943487 328127166 465397658 825307785 1020167819 344825343 749587490 546297418 512534612 599643934 970970382 999469033 715027597 621886537 606355692 686124990 995008766 329394336 227915357 286572115 492812483 461815480 551432855 5869286 229241547 971957017 424396772 915161578 858609754 873924288 944679969 879335302 835861383 1020903838 238720832 278098452 1062337983 267009302 493187526 32991395 419571264 553741955 670913358 411380086 377211039 1015554480 707776772 274640003 442055490 512217950 461151274 116143605 260316647 334257089 323842198 478029995 919449627 828401923 372069170 946251958 97220548 172935616 574169211 951389663 1026701208 433227657 178481923 301803039 707343779 1050661217 325429744 114575396 995086789 36681283 125351802 703477202 795831346 582528921 892247920 285462208 689150960 1052638150 361217460 971870903 528659804 272615582 614280378 647754807 986751141 483798505 444236813 534215410 637927504 524351459
100
569554511 127248306 909525439 1017995812 836239336 496656761 326754335 257727454 1008537100 815203876 1032297374 90558676 721835582 749920902 895105862 380052338 329531316 917270087 957964058 1046297147 896804313 1056723555 733489806 501231172 187640523 719503273 550420233 127912374 380688861 676926781 725124714 486086223 622828054 656529174 339824000 582958050 62976177 1047590017 275459729 294760146 19108763 1004953244 504843220 811183771 562646009 903147228 966482423 948507722 549103775 1023367 965606041 485781759 917405849 263653435 894691025 224558194 397362598 801196133 255322533 975885164 333981368 624302539 446147220 746456649 226755189 123293955 502220813 19986301 935864761 490578425 533578229 891652620 886370834 125417069 83637286 1001037839 854988867 435786866 90300650 141388086 497873601 254170353 611257220 265683265 299791417 719202852 689480359 32071302 131005960 955692571 145668861 755667055 282460865 272871738 387439009 120933880 435386539 677109945 372969125 361485365
100
496393507 765648781 189928650 586777264 872032471 715325906 45102193 969866332 119150218 680191329 584472952 168576859 437714883 665784089 542886464 395907576 675433310 693322577 99834815 314330417 739951626 499089487 483340287 1047940922 261996235 285853906 491635869 437044728 505844088 173981320 164254026 875723143 492198206 13831321 917141070 829742773 666767643 537371163 201538304 450460036 21297252 371899547 1047485519 1020596140 579160383 203408026 368110396 973515542 630800170 936898061 452475741 945843298 336751986 807782109 719987036 984100194 320169405 144010597 113213814 192541597 265531009 51623159 664284669 439759565 467536266 342756951 106632663 226877281 503908984 267731518 213762812 442388732 433978686 231537624 390932731 565114100 349314213 112337735 156353398 841142484 230561991 792856606 883492001 245355738 273673620 336354278 15602631 91094649 728828240 385481884 244046789 925911769 920306451 902991665 194144653 672758098 559096135 820701705 292133541 419864053
100
4607869 733682597 828998659 652093530 78936153 439203517 908910707 660317491 162950750 936112684 620516464 535898997 1010054849 875560650 244989913 68337583 827149482 869201535 908944320 564939972 936242102 1040018121 246437099 508598894 907225718 411517755 720158294 635474870 90694894 301263864 397177775 56941949 321156886 81253436 587879385 974372087 253445980 263732435 118291306 968707627 370942241 377378464 150292268 924322420 379084599 594587928 569026207 94871299 615638633 656537796 820985462 238555994 306114548 669517251 155573014 572997586 646751238 716585541 733197082 955683862 15369286 7680273 474479057 450833830 138978891 741456896 294863294 409091669 158514723 129839743 762883864 873448140 212990158 630788113 184744520 285051141 987735745 810017483 803684973 229148368 556971620 811436503 463450075 809140305 38928020 870892529 21489303 778960512 712333602 185601517 883247325 680170919 731876689 788255023 906299803 607353832 1044056668 828891697 333057779 822243253
100
74862337 205825213 640216662 1063645864 60652992 871235330 361871975 591557278 667654948 719424642 641512022 288852442 974739702 323885359 80672489 572738776 698743957 291029168 1049715127 381871880 578207090 376156383 676809642 1770832 611546002 497728587 671589251 865276039 584750607 175619255 348279894 541931515 633768343 221300121 651951113 42290156 10370795 227681948 506065370 16803855 831201634 493239838 442014934 936865291 659445091 560798643 507910755 321277951 1007634158 832959136 479933623 594160378 754812948 761551968 958179678 77083010 937426811 584805155 527351736 137848334 283862747 889752650 759508856 302458252 343546243 505953005 859395878 1039958492 830419668 136217173 1019265694 899705938 181337285 930959490 620626319 303607864 915844702 823302309 996527613 124108106 345864765 354960807 544375488 480199224 757656852 652213409 266330627 607754023 731814952 424980322 53029829 1050540080 289219540 124518125 876840027 815763424 763786756 780234231 231647980 1050104247
100
525689709 53870580 204514473 30995597 468319468 544988098 942726560 627954469 70758727 514405625 180586999 512929216 115589893 790337299 336955904 523152305 107119329 1026255065 139000704 145076443 103768648 451183340 1024193582 32758842 1057281502 717952576 744229943 759846490 742262777 501670555 121682109 235368414 1070357285 177126683 847672915 824446971 761969822 900621997 1053082499 326136570 687392473 629191318 205056840 305805497 120042491 972553454 306159508 741720875 719528032 340717856 829907915 969204947 220175638 209428588 248891206 217374541 939070047 276752486 892956626 449688006 21688883 248129908 574813230 684504959 741096123 976571731 847152784 983864909 469321943 188685714 405303073 631012636 785742489 529656341 655775356 2667112 684630472 1040613267 126836787 496399042 336348766 312438297 287118666 652549969 498383115 725000070 631185082 723958862 41022895 450313741 606851055 855752583 281040355 788392630 847741259 1009659613 577835889 255411164 725400225 50859718
100
887405488 899624378 697376971 468757961 636993205 742621396 477884939 780031404 52636226 1035331869 270154166 662414876 112661251 578393404 273188756 546918247 118152056 446359497 665928316 937165071 744594037 610173392 335607517 874617931 260362656 81206611 367392056 19543686 596603895 174864325 754270371 567208927 581123143 681282703 953077064 575701416 847401910 729767822 169545444 669505768 457656377 149133203 658233160 906113241 934630174 66300130 701138140 617822570 1004203908 801853364 591233303 270988733 201375966 477371061 676269832 949841578 589220213 555337094 1006594512 750400827 894562531 92234556 340538149 309441838 269212312 67066079 469184977 354310006 922160216 1017128940 636903473 252146875 566846650 956827860 6769335 14948309 209641899 274290043 908050025 218337364 11974377 289522617 389400415 923129083 472691849 398880732 303628104 474854977 495517042 462862116 1518566 882303183 771755488 317710918 157691277 760852484 863834593 1029414890 772619688 501665908
100
148066093 306674997 627356260 983386884 185735712 641323844 1058589776 855486953 941613127 571874171 1017556326 924536040 375320858 419800213 556720137 305313973 799446663 376766174 192388174 314431705 640970606 312154809 948521602 700341806 595499556 206944026 728290722 761437540 238071537 1068834829 836357601 301905280 333286034 30489901 290609958 294913624 439347383 63041581 579534731 123795224 446942854 534037331 89401823 976424127 51561750 492431352 563845157 762663075 882697205 144868617 499878419 372573929 565750691 369776009 233685908 1050064142 460566549 136746765 574381894 930445409 355341106 980699198 118124797 891726982 89837401 52410203 992901182 429646324 286183898 398418100 492348101 995959928 526968184 35396912 335470335 773165488 152857837 996188360 1053343377 783040401 396946790 894060809 329590991 438530786 789080323 842349462 619961669 62399935 199133529 236836004 292341298 335273494 930257391 66151805 162470664 400741421 838750916 197673725 715281134 201353498
100
669197336 655550270 1030483273 257567326 394645586 506783239 252163835 155866592 805903941 133584012 254052545 327256091 230572575 323707330 247154693 6808782 662531105 769550550 414647169 735431472 284800801 802014117 1024018885 30167144 557082377 291597635 545443765 617777682 61437782 602043509 665478921 365013184 873429401 33439286 537674956 772399735 96781305 257923126 12294110 347745582 558100400 711433046 939552626 366266707 322545546 640704045 23851408 716872773 571852393 1044608902 751624596 297229018 540132803 950948064 331249325 167281627 434535458 375277805 952861279 679029380 271264675 82748947 811591426 28086533 697819256 5396718 16932416 317821699 618995558 906202828 496013211 773382167 558031944 111350831 964130532 680003150 35713162 909215567 1008868037 918768807 222456238 910973589 102273849 745037208 590792650 957916961 260661262 266584458 462558216 650497862 624365418 275458392 528381734 584184072 772027459 872843476 377559028 159000741 815246565 45220162
100
822125321 97728880 182623195 834210637 95584344 35021400 452449356 1027724383 181896808 612871907 845411124 647542065 636855108 148777903 1016412329 347260023 487735210 761610537 518641332 484630012 467362190 473225750 37272528 870166814 652385941 735566350 129576303 482418509 525590171 416998396 139670133 892922511 483520045 788361376 346213819 119190527 778232080 369046797 725092493 957565513 110511288 457431339 31313197 289359920 844047058 1053228598 233935182 1036583689 1021039546 521835837 789958809 15059261 256221445 493454756 1053382443 785150155 738342905 934847394 246242325 629093827 594603024 618657476 243559387 126019788 13486457 855003240 708059894 199060895 981759895 103363139 794015826 653625737 604826496 456852700 823220176 690881005 985393791 505519630 813190341 827722432 707878034 981407626 107084921 977863947 273575660 149878098 731623594 475499885 467502708 560045119 51065350 341039767 475398725 671094909 953954996 56323021 1013304876 525480970 553683148 599263083
100
664853818 1049442522 544344414 860218367 416210230 79581279 376308135 1043483531 287432312 833327184 120562396 1032459121 683000656 435677077 781975719 421719170 915688546 470138251 1045765701 204247879 967511846 947522691 982043911 985338489 85572711 1025002561 357358292 879154567 76723909 104934525 786600102 585927443 180877619 446570341 310083848 385275765 555634041 197375001 542746271 8116022 1025561267 366264622 392483486 592998806 359584720 795893548 428829520 68385544 220065299 443855632 396655250 468887473 298485654 224430283 173608021 516640236 365991362 1012776384 1069210913 3733704 90616793 540965706 223762573 824429192 848660844 418857268 682485704 29404962 960856293 811581503 14454803 796221121 165465599 289703071 897442117 692727876 505922632 1041461374 808793158 13876156 428178854 833422968 929970580 280906993 982700239 472155166 170973121 493168094 298686415 477678707 908220914 387944753 636110470 797975154 571338338 825083084 198562088 201372550 948860125 862950471
100
158331407 934518085 139391851 683238300 26394596 733763089 193480888 23810042 270035148 71338697 163221472 641326682 906652932 73675403 870927434 62125585 745216956 133017225 89803664 905901517 555548058 945387657 1031354369 451332621 811405109 373629283 447413024 610948004 744082331 751542151 909832227 16653882 733021899 497872244 1019995764 469722827 652122172 911931458 32961588 236024358 602264917 658890265 419567795 308228974 247454706 134315192 802729721 989545117 609791206 203313135 615493697 735585020 86316659 768581669 838846072 420665773 463171283 481886419 398405314 579458081 35200691 813506310 470117366 737812130 989789107 937943009 411224349 1042082507 487486183 1053675289 225815542 310339082 223445849 234544503 503822197 688840741 1058506884 969568090 758955584 731070898 969987290 222477106 232621361 814863005 332602432 13465606 453531095 609374374 676376205 887610351 441540852 1006654944 235700750 442755739 1000141056 472059700 999624197 185930699 639462565 149242588
100
386015700 85928257 199730920 383811608 863402018 848039271 949454780 800253945 176988593 810615646 490978960 599159002 588001170 487537568 1013577711 34624576 968157036 868433756 519457336 215055266 777077240 827052789 762256416 855182061 405420420 771401858 55008046 592296707 783706225 345563724 483459646 236454967 882800566 596206930 361361407 587667666 1014029658 267582408 700255605 936030098 798943997 907822995 330417271 187407910 966601808 1029932239 702793266 128795571 440472984 964435017 419242404 115538 733348399 500958726 831302178 517672591 430146307 193133498 112373202 719503339 543096086 478509906 138279986 249742684 742561788 335911275 401816719 224975560 444824672 75736024 385389711 644797581 773939839 296784927 228564648 1020377596 80310443 774656509 487043238 950120409 952527305 416925150 525496873 982823645 643312595 682802021 946127652 874914356 1007451736 692425706 510521952 523049472 385036535 625395959 246367222 519282132 751274471 1071660747 943572953 202937145
100
682125015 599294026 197561388 641556342 158020163 70047842 436822430 861273059 137286762 715352715 508337651 460491583 454972761 185538311 944551812 825953829 927200340 513305192 855972637 894116545 373119570 880759830 845481599 367567702 710122620 806169805 1070936799 981439672 463539890 122752284 282611557 809329874 338617862 329282534 38816686 509966626 875866942 706100453 171078219 574164280 48463190 1066002210 280253248 327967035 325526524 280570750 960200326 1013135459 554103315 614327085 580521609 1060022144 412121136 69877302 224527018 8794994 544605984 803555828 643393982 712392622 877331040 824297368 710499469 146656448 327680675 566842020 941738068 244680387 381732944 720754545 736889155 265954283 968228354 131291562 264656128 414454523 200067846 260311759 50459939 404126159 79050208 637579443 977162680 45056980 718296774 959405055 551209920 757334155 453728803 480931501 869885871 498094602 1016877846 737276557 628901871 1049144186 487054832 402735043 942143324 731029402
100
713225031 106202055 257031994 826623917 371012963 479684723 606275521 860038071 546328633 571492507 941351336 495943933 279025211 180517354 53440253 960077651 252483761 916807425 946563553 826549958 385134134 796234228 1013699338 441350675 663800123 781246157 341684290 103143725 638295683 862391816 841685734 711480251 64101285 977895190 1001037415 480480151 181022094 312709850 200009421 161040208 640407292 719709743 922468143 412341417 469145348 665738335 163143740 519322392 809312140 49740205 412552885 593772103 415325138 1062571469 828377584 861286551 1016776419 848703079 761121367 951883160 954274341 171606423 846630887 287544466 143989710 866637936 723468466 580270848 994194794 17701236 507156317 234458896 454146649 995195677 423600546 700936740 4912718 276893272 272731855 592663379 360274897 899946757 817024582 176616 1018366654 568868984 620592635 992178146 465151684 8029179 810232057 675935347 300908007 362088266 454415837 358686338 5963519 445361429 576480601 584451881
100
65110401 1016348851 730436663 564811150 1001452712 280123459 561109678 771700569 435217684 753234424 924143942 620165311 190872136 601606100 155833065 89230908 656658231 950924907 1071739189 1021600798 710634699 717831017 120526589 509216011 809538655 74646537 395115208 667947129 76569157 130010014 995025233 432898357 491753538 924273166 650784773 323699677 540114957 1067446865 22925192 80289126 388724179 1026277623 832822832 296280470 520034998 679500447 439825032 608827786 700817225 34896513 934718927 245316146 650491414 882684133 1005608566 238619344 1990168 1006727594 358511270 805165949 638614849 379089600 224393912 487254948 250694389 666589870 181894074 259481733 705661581 1008058125 303649265 183741363 51746262 289698570 240378705 981418391 984758159 463480296 198943239 28221419 143807983 105730428 235200240 624665663 838167836 317421743 376794143 735720055 1063705012 259896832 119017307 1032530762 57013064 308713983 52151454 350728901 856094428 227629523 380162199 186566343
100
321015221 943039273 614409603 696998492 390643571 698714602 161973248 692801044 336333038 446378661 53941404 529913959 892207772 816381400 706239877 789962525 461160967 88678711 855662399 99204212 405645387 1019714087 670829345 573168027 974897308 344453188 749078999 364386615 671313598 709937115 534696417 1000477152 202730891 159859824 184618515 278927525 108731761 1048853306 332157971 125508484 900080369 191706530 327166687 23284723 612717857 490423240 182542660 159488346 402193451 182034174 673428583 307100566 102784972 998644810 955369024 980716920 995796438 215838440 806183962 240351044 303366318 876427974 457317653 307996979 734014926 577107719 61089956 568223217 176636996 596025473 928357648 353475871 77714226 287063103 692844018 810882514 190533708 776940031 684714685 369256722 690607709 850937524 800167218 324127836 728642498 448257797 728426473 673033249 632768749 264794573 850031823 412030533 497202915 511132313 234914722 788329632 934600127 988593197 396916855 327686016
100
137274111 1000901173 104730662 952350959 830871482 247580952 399301444 1026636636 682846653 132805934 873552773 708460508 114932122 625779933 822780933 125352813 558656407 721632091 469504725 502720801 514353712 923742005 768097145 782399646 1004746899 457121993 651075945 965151900 1010423074 184762571 299254419 157944171 841575413 812091076 349106647 279032682 719051093 682506126 91455882 625057169 145882178 1044691929 790019572 334915560 81123566 856475306 371537874 304795149 587107136 322161623 220585684 290457011 500173139 370329228 507735072 375614749 897627636 131092424 598252749 34310567 363774759 331285729 674839657 652629566 982475938 213007868 292683636 618848738 417452624 1036194966 578366947 29376043 256907983 591378942 531242398 537640385 321373683 683613656 958758145 121144035 496256833 781378715 707816799 682253793 432357492 638692884 711748986 785251234 933925884 158575585 624038925 748184607 305153914 289114103 714644034 889702630 186922566 241539869 888419900 998220696
100
1037529966 752174479 521806955 260980387 1053403867 215107523 742977704 913170918 321260967 631679188 828322094 371124441 907284713 175135669 1004466413 209797334 573413645 471221448 899926892 525790188 370544723 35746919 574942021 761684829 57527631 512962911 776493219 462866977 425445735 830591856 453089226 896528226 153593689 814116302 322279311 1000874238 949881266 222644643 501084124 111791624 322517335 94056586 900034606 909834567 273161216 523863830 83361303 581991350 294484664 532363081 666878908 660018946 856791135 696019741 489270871 687626255 35657768 616503039 84622518 784419188 380384283 65426510 499359162 1050736122 932529044 13798369 951197402 844413728 126194114 682127486 77327005 612395930 895845417 713869668 513480483 693125582 278728992 622791874 326173853 15901270 782075476 498911805 475401169 362262144 74293059 601351534 731937943 568370897 875686850 568959074 249359454 266935677 334202488 80508440 87151783 1012136177 535239521 830915846 707297673 201737802
100
953174421 1043681324 779738075 147657052 383543456 664354126 970050475 916339594 355682809 1064747969 152741364 240070433 329499365 540281579 677415846 471777345 345510043 864314692 629477601 114821982 676815560 800267995 268365695 577481662 972961293 218733522 216893832 520700414 272072320 1030407901 673856443 645089934 184590887 427675592 910262284 914834480 117588864 134363630 780001312 758392445 373808124 489110210 527349715 123283552 761276031 285239370 60082098 155637401 993024482 896645022 119445377 618428987 553923441 86821742 48146615 914083630 665112942 1050251898 199588093 525142702 494951820 1053046295 979981491 411906506 19695476 967465137 904264043 417382374 986566467 1048683587 664668268 165977401 774742026 802269408 803752240 427255120 512309837 947587886 502447078 661978505 878931589 268829414 887454705 769555353 887302046 298985814 1016033894 111696903 562611577 67213279 923195538 531171502 105138027 741955190 401050227 39956287 859195069 965810727 85535034 312174524
100
474764173 1011289551 202550014 854897508 490114396 863243084 346757425 1000178574 666704600 777257345 770019411 998456259 52434523 223690607 764580536 907973774 676638675 243512781 721091976 475123568 997378881 330299783 989400896 485319006 818409275 75765305 716946989 271543616 250184554 242233528 640573172 885526131 274751245 395901321 473864973 1009546056 549955445 892465000 8042307 323143555 309919367 418214339 1052912182 733015772 857735485 879534909 318931673 156766081 382670373 81337387 1010474740 1053224083 175082464 336751898 792605090 313331876 531040164 1667399 49519060 1066977343 764167099 77820197 218499277 512355424 851779074 369038555 189135013 337870072 1055389291 397747907 53605062 126225259 708468091 479143405 912369266 18674961 740758220 686663834 667766586 250113464 302338956 597200577 858483592 856578592 822835453 1014170765 618578711 817625726 797370099 331175132 372161909 44197114 716393049 399412162 247728264 630706224 264972204 577759492 295931654 690466227
100
440672926 153206523 656118917 967188212 1071937342 981999687 440859553 626514505 429756614 124205853 203408498 547659593 603338445 130993798 938317145 489386455 141152543 904287964 295306282 902894695 520141369 950002767 359370927 540657284 716202446 410992995 624258852 860640076 330121028 246376816 1053172409 1016623087 504927287 736120609 111077396 1069181491 1051983606 161936118 960360396 68560627 981785857 374983106 344287471 109277339 831618449 279147309 839474045 1036359086 270672912 893763635 441340650 568874816 623893148 919013795 272816288 266086269 132846729 335795872 863878778 871086112 159654108 132043556 520829259 518314236 731868368 428414584 433245013 185509495 924816981 169654718 81788626 524748810 439307916 964935271 857206895 803307202 666176588 568673469 1025878476 371278786 765103776 907219546 866601981 946386623 445787975 78735535 149293580 108534914 390333747 1058220927 715322228 1045802346 168613643 671373153 197299879 129561575 934862248 1006422081 216089482 353598208
100
427118559 169514484 43044046 921429670 223943758 328020018 480755967 244763711 751660663 1030077830 286726996 568648208 315203732 58365091 241662499 833253753 758742197 868364851 1061983445 316921101 44294974 841909073 545245801 518712080 1049608551 800522256 686686192 687364096 539056059 496735730 491966223 144349449 464113817 1026187889 832242816 336389775 488842934 731004281 195587729 412608168 517102489 814486508 340851619 979775391 881458718 635769373 78850220 678861427 21430516 87268949 121225142 1016489301 169992479 138486610 350807646 848111150 1053695094 267561667 818838613 484740374 488765478 884623309 78629346 552990430 174102317 987451785 726564447 254267271 440426720 604728707 635371192 528794825 15185765 1060792893 327812079 907462797 442105402 646637994 51612058 363848563 118419628 314956723 536939619 319477581 447629409 181586101 232331399 762155426 1059697615 1023339521 1029056600 758607404 1001331906 1058872923 682021563 201673050 70074074 164139132 756369835 894788303
100
39081360 699410612 567611361 381578522 238140857 600740728 717372955 543470630 970424458 864658478 906675643 693339934 879998860 595929630 118721589 710900804 15902908 10598438 324105902 946475696 69493003 259130168 891169921 490633423 118169309 1049465050 980593086 466658016 463244427 907720100 410100134 735621494 293587681 371844037 1072410928 1040492537 261245856 247220607 709321096 121271077 909999101 1032830887 964098698 648298376 635911968 654968870 820389195 931209224 604453030 819813498 545873553 83100764 548071200 1044401205 377043286 592117646 225611410 785574781 247689545 662232703 240186101 176902539 609996108 314248803 194503349 373516076 961991159 228971329 337350963 633472323 668484628 990957172 225886532 22635333 274692897 10343724 666484656 510973371 89883601 533993198 688795060 1001381060 657527435 537498640 756652928 709919376 1058817513 378856510 589886138 809437670 177748283 268520696 762228986 919923871 875980546 977217553 48099916 740108840 705682293 889887282
100
358606340 490354431 453155157 96761246 320034376 954892478 724190026 548652667 1066140190 187681030 936281141 165444900 587616322 745511900 621415694 343333740 820209032 772686716 241277471 36376726 590566228 1005378260 540182922 860746714 317101600 665268230 250462657 185241318 474014714 129726186 458811404 708999258 946293507 805686153 5236486 858717771 908304369 205096099 1002489120 1057824961 624376973 272782890 568052509 241065016 416747062 95896517 246545044 59261987 522908765 952722254 398185586 652012900 753561351 710438740 335703925 173418710 91266382 941042074 786751154 579702212 417434592 518622614 1051977743 297489518 725275518 384226035 94243530 818282635 409569150 195641359 413521392 430758850 851407946 517327998 631017190 366428207 174173663 906335109 911943652 437433061 629829199 276502176 481527414 692702822 314065983 72175612 668211705 238943533 119837034 234001661 555205156 466486308 756767004 274024634 326894972 177429806 521035447 1054629500 238524382 434135454
100
772910147 673919225 292111550 923719829 852495681 119976657 539090506 728696446 186864732 322740286 471483634 181818015 121900720 194896747 375666907 357169725 207164939 666362967 223043103 636830131 367588208 210693975 107628360 674480877 237310357 596568978 23482329 757533677 813219684 223109508 56379077 166825290 755368573 1072681339 843573494 267442348 788150707 507861533 384838599 26292049 988057483 967487200 589453195 529817739 360201408 1045782161 155578884 199620672 107256514 1051421134 160659692 139902313 372049458 799549836 410512496 148471955 422220135 763856273 686762415 706427489 891389676 221346554 887035199 512784903 303348735 337638071 347968937 223486929 306230036 767092746 386620904 795049882 6852177 441900812 258836462 825988949 517919247 561621800 74448672 1068230024 619968351 98141598 976927445 813585356 62180994 391541761 398706906 677677391 1042461040 66977466 189278193 957516113 1011844691 916535171 571830861 866034090 67605001 649400300 1055807511 343976259
100
980877273 965994989 1070239384 962189805 26213377 960344925 1031026237 938622942 464501873 185247087 114600278 912688420 333075208 213176600 1067619357 393842083 375525880 51507656 638981215 318085873 751288907 455788509 520476671 13553369 402336348 603145005 68782962 337870297 917890138 99450241 57382978 369381796 585794760 490833172 825504652 53361570 377622784 571733784 626506881 723531627 887211435 975530545 535980776 305585488 200486218 637839608 960187803 599246034 1017677489 995998841 307796229 871806760 3636102 87017141 369051051 771666366 746858182 838053153 418905760 191412401 796289857 788370213 333668366 541751635 909351449 799220895 14124468 409386157 443967815 636530781 548464995 1040820728 1031748118 569840294 221286784 104519971 760655782 603746226 104959878 690959697 240948586 756661805 436194945 19181400 140318123 17768888 542781843 85049410 598097922 458823016 74056306 936557519 400023522 282093125 1054453736 264172274 191341324 912195020 905239634 768583248
