30
100
469999387 533228777 865769120 771352663 46195168 146054589 531364473 414784275 588203876 390849446 950742653 286443326 788347458 810420099 967202779 146010012 266891609 712753688 787277890 328147217 312063053 732386446 936585833 881726249 1013231620 17805553 61529736 94820497 1069407017 1002975921 897771229 238460827 586705580 808380194 981468201 348390078 270423615 364078587 115384880 998959380 823422171 711997915 503166013 24377051 796686649 744020159 31105435 324636149 738686554 805186702 655770141 867982951 86627328 455846797 307161751 558466781 291752754 266273003 340494690 248792357 93307580 576472375 846975708 832911024 468239276 190891748 698449382 625027348 884669910 632709836 548704356 638155404 368073809 749300906 307542977 777521782 585837049 522397598 727304552 335067604 576767467 560647853 492115788 505576396 740714507 902769983 739648609 777123368 622982529 716883871 226766112 10990039 64021815 720671615 190765063 984341354 873935965 856637553 918024727 966366104
100
222892143 624442196 328454074 966569992 459161683 545342281 157665871 42200768 605028448 675173761 951124857 831064652 274857143 666269199 950718847 162996911 47216099 133262855 768311625 699590960 956361038 398583810 185665255 452592859 917457353 457612446 699874827 788170494 249153544 884248316 445102730 653553582 1047341860 8149313 371402974 265765440 838056215 790399253 1004945063 797813200 1040756547 523439143 558644005 493432253 143805164 983542950 233895872 597685802 520380857 566861257 580159617 336502911 1009617463 5904457 331508886 246424551 240178262 1056835298 318656210 343786960 613290474 637584086 999839274 631840365 148549419 751951977 445318713 375532855 839719733 583535462 855945149 966491496 666681481 364049304 863924503 1031690879 670600586 453921106 696436431 427889855 487984385 686279144 612740110 978408879 941297306 1003117620 577784611 738493595 310632293 524303634 314719743 524303121 275255893 247348195 929717944 172804454 440391876 218760974 750331913 323210031
100
7178363 739157457 617401288 602013809 441012758 791016848 186251984 924834003 282597970 874534637 991359147 633787388 976570531 78761010 838566655 457317047 670601731 219237070 800368951 739858230 989373806 26115026 718631171 1028783499 117893221 200215669 16909014 1048650800 112608111 1005948560 319207015 101706880 259980948 11790627 806172464 225737531 785493472 42686670 799127794 23167238 418065894 268173401 511327279 405689065 444313658 832964908 775021231 653890255 242407414 605967319 745165820 1011378185 830662198 679000204 570765797 488916940 221050524 380229536 526884095 536432046 476597196 522353166 653904159 112665645 1010215921 860258803 458531297 670465320 850906423 513895187 315588389 757406308 395170383 888822611 912255372 704275976 816109294 464110397 503148287 397843233 649038925 517115519 821790505 216956447 216720810 895542380 755730424 551920982 402314438 284194937 450406944 129585534 133305958 419195585 594550167 450745908 970395347 989509762 770125338 800100983
100
189086878 686913447 337672491 178165195 217202715 676932353 128919961 1073402621 419338915 176906800 223123437 407719241 124478213 782927102 13583799 204261899 791752626 534297978 822807147 687026469 204138305 1051491449 499674081 346413436 475668715 503385616 522094293 619373944 270996751 1016413723 703694696 396210056 998120879 19532986 462926237 1003767452 267175666 588477135 887552477 577239721 169897888 896349825 858598771 1028847913 661158313 526766011 64269073 762640792 706611870 676420781 632793930 512817656 773020726 578201162 694425877 966134606 275553483 734541001 668072528 629485091 948199386 805008421 894330939 126238467 566075015 330295453 211621881 855503617 543508502 882406196 747795219 45540402 1040540275 920167986 682115060 611298861 868989611 738732449 995023469 945822353 1004938609 1015951313 1056767027 109534591 754339738 541522388 289412444 869622300 352263841 530934786 156185830 293676817 325951780 180531831 434274609 421407499 69177189 269350288 743522431 675473723
100
546184818 20476283 382887382 375247709 468167555 690746287 322620054 962154060 311989487 909393932 138089271 806514794 152846628 488288614 805423611 200440236 183077206 465984758 548852775 112666286 142396924 539720406 247615108 639639852 803216209 428826248 962755038 279576713 727932372 337837936 912439176 830003787 913745608 1026953557 436573655 735339164 81297589 881110244 141814946 148348107 210392037 492931117 373492169 1010179017 524081896 952024868 1038347691 389599917 606512912 794242081 403543982 55866672 796308726 427446369 896819898 670787634 685052147 3984514 811626942 831341107 782470055 168782091 217394218 159767514 670072438 50245346 121358964 843968626 55418886 924651475 1044574867 592399976 888989891 601464592 65365127 875468751 589662043 457529772 956937935 541889244 318956867 310968095 107815665 770771561 373275439 990738885 843801077 247545462 737097117 874043231 192256234 560194724 81144140 417452432 581588320 376748216 519460797 760997473 323000813 489266462
100
842924221 746060457 642468707 788272586 923119862 620743089 1046713530 977277120 385414462 579294119 977482361 436147757 745050671 124333104 859907737 893958890 733281092 683903605 450210872 579365776 98028381 126858659 1064482842 156705024 678677823 663388523 918292772 337585372 799904786 654301826 58771681 868476427 609133537 181101346 941145085 197123385 787819037 169877384 134677196 963281236 1062356507 99168884 906258884 223890448 79225233 1070967212 231950846 973524580 998185245 358701688 595524025 793171211 16004286 996986407 602459351 370580740 367865945 926301834 482649439 618534931 908710965 432382580 73864185 272580925 823418239 320719424 872876149 820805968 1050523335 180653130 961876548 322380633 557334657 192151924 512372989 155703595 70461829 939970979 173028570 87248863 737695632 804360256 589672248 878498894 1005510593 31140024 874476315 299435929 201592604 187063036 724149671 700621730 102564619 729696258 724197032 330518416 166908375 62393922 380098827 1053983823
100
261846585 701772643 103579918 994056370 174370537 891338853 675499967 885450316 907090519 196798316 688642458 946567902 231287308 60069110 432606106 680450214 603540373 920271652 1047988990 456965578 753657092 284713534 213416394 506051794 1056334188 328386861 209177411 371975466 562777448 705631744 917416055 418380706 482575253 345314919 184902835 904741613 456157459 765890619 960266762 31052837 403257864 263234036 663897557 505513797 67462685 708358961 328621358 606170030 58064127 679933236 119378291 304730275 678439647 636515171 524782793 378068428 337298675 237155272 801681047 455064503 980477427 840099730 552202247 38030418 470522524 208841618 49338504 468808563 700751408 718035135 903971406 948432720 776218356 849929394 818720465 614580487 164348593 73486891 672918346 129639704 80757556 259895690 244172089 363600869 1043643087 113488214 819203809 21594681 37259477 72793786 939930570 613202366 661288481 411809283 861510975 556196229 657645968 810689315 634529486 309108354
100
978653745 953983691 132346894 362223453 875917287 554004172 636595300 445251082 327154211 909973550 947048740 966222966 272679014 1029509263 959624146 361980691 827733080 618558034 177276503 842859348 484821570 49599774 751797119 249682996 429140370 931082847 46966650 304660144 526576987 813750724 288159836 1054175816 290845906 873756095 20242078 295141762 994198482 1057693704 383061402 406197863 963146585 1000965658 933985298 178972420 29143561 271916469 385543337 788410859 553538728 155412826 417007208 418761391 536934048 805129426 86179131 652818027 801712768 818442664 818989682 894228540 761182841 319339434 451867969 583413186 141981921 652987756 406514496 651893668 441819315 980458692 252569835 764299785 76596750 454891343 860516898 578457887 25712306 638834411 676354731 373257623 717531782 746317371 758734507 827372839 462660628 1047303463 1038109489 930800391 9036043 47144281 561297067 934220917 382302908 518641344 899500399 602381617 405821086 344046609 594187828 892853249
100
701300545 295469718 811145006 1011956352 580906508 368852885 390490373 136625825 244016754 499962390 347716696 430181938 870128436 60042081 916183291 126055135 733210715 247386529 481919047 137868661 395982770 668997735 424647065 892427879 894989639 579922216 557870804 353338954 972133358 472849338 302250203 506213977 150708670 352280283 61160472 757356785 298216593 393457834 358528248 1027422742 402798216 932734764 598201453 180983789 836270725 854182088 516263018 703611712 296272048 1058288843 154135659 108417021 98271987 610327526 1029623274 862901687 897393022 382797995 986681579 737296420 76736323 522844179 576055409 675229597 928783995 192102907 973715206 887548321 535901471 212455841 157547319 199711058 502460783 497643052 509398038 164929526 1010546287 227463970 345793975 997471607 80009317 236214512 135349683 711694564 926024029 883633510 880629672 31756526 716481957 861084728 600584630 508099691 137988177 745727870 893673731 494416599 907169720 724774964 937805369 253228238
100
941485755 176620035 920841363 388792679 939817814 881062291 756465293 40943921 23996078 839858975 191080900 845556154 454124111 1064888927 1056946280 241743151 605649193 117185809 180322379 986713084 1027266575 887471990 1045853026 896895319 668460603 505829586 706789447 642142133 918056392 362866671 555270842 861105491 437621815 80269210 752485403 605163694 117203691 476107557 835963890 599641355 944299949 980230884 604848232 1057943280 230405416 850032816 387782347 230088873 468478830 1058817127 641127438 341089988 370815089 1048832105 728735046 265501845 421343371 248710685 1067227182 124025011 83525367 32168554 107797412 914973049 14454357 591047230 480309290 484116870 997341482 84885259 411164774 92621885 938891869 346387269 788126114 614834758 1046607291 72470245 972053580 1023411723 327872629 860828649 248249463 482076732 875649437 453417681 238793305 605762635 742212268 836886308 413776587 895313137 162473983 603692009 486148044 557885607 419752277 977147951 158744830 533927470
100
147014533 17388584 696643848 44315392 92783234 422352306 280296956 506529865 952306494 254308652 269739926 12727422 276206039 361408967 515093156 447662035 17171694 351546074 1049772730 833149152 82483751 1033922654 652603055 495611170 1037265580 289951603 529999134 1034350968 834985899 524469977 530194662 480461478 520695507 117751672 68857259 924206549 704898779 929223896 44825682 527700241 943361020 188120489 216958857 134587338 606356594 373869629 945686588 300887892 361927934 799325961 557414945 512159591 851783015 145957160 733425710 108958367 242926836 717355736 989264157 144782076 798033652 114921978 828658671 942136932 252022582 503380630 310031462 820424476 829027985 710162261 706598793 500462675 287108957 462285317 838346788 749660824 651850232 736531481 160510789 532513886 1047853379 208365350 974007488 217367167 768200483 707700072 718177196 1073487030 876767488 401838651 542541540 584612387 24433736 976745121 456792455 121453003 565523181 767368643 821655417 684051222
100
49454440 84019680 110745167 976688035 316956287 474303399 20837672 105611435 613314971 571981310 1066597171 879632380 330849138 424275160 1011207786 168883611 750384478 548242283 53596072 251876624 986439132 645427380 343397165 127061482 415594767 574102513 424388893 338503736 778731837 826714404 347747842 529887505 648685393 1039420823 15342406 352196366 359777112 769045587 395898810 798627531 905254148 804287143 450299922 360134505 613291052 664964263 289656679 397629199 966152522 496634282 256683955 576636772 886826491 338401484 355502680 513653271 999552387 416236906 1070186650 165330264 82623814 816724904 140561440 219957340 866202960 175414510 369715063 802117596 87048398 869885031 827082383 429464214 832138899 764304257 18833212 922856907 281102740 478813807 376357302 1024059839 484391276 64893098 834142489 939408957 865530585 646652268 477768678 169385745 161445949 755286067 645682304 1052999819 521775646 777544004 355248560 529523714 620259238 153563686 429530914 137393231
100
216440355 801809894 252424782 956608136 270058186 544208112 943141217 423162859 879686767 1010622871 284025836 164261381 101208746 240994330 30635994 1016237237 389967060 835879958 513196822 202264957 917632653 733378833 969228307 268001283 562662457 715598579 199334469 923442834 538216318 299689607 219105958 846489238 256107463 78445055 954549298 839533860 900412100 1031470445 339325035 707677039 654024936 425372491 888716245 518516564 623577578 669272308 1012429435 969309135 582556996 1023254312 737913961 40964484 96768695 949584524 1054214703 738604855 266497733 917498920 920846693 195885652 451499830 535863783 553777441 922328936 790820756 569536282 680097410 990372517 328562094 736161014 878926121 393005154 492238361 720034577 801384379 711064985 790442154 670238697 282029152 97306728 242947325 373672285 666575175 922912913 813596401 425002290 21245216 627886073 597687082 96258447 797306784 242146092 154573710 672298369 478600705 254742999 618781640 708866424 571223935 522549069
100
108033992 42375644 412230404 677643841 348548393 120200668 775756053 1018814762 661506360 931324874 941734591 793802302 381390580 387524594 317179620 565568892 359060801 368457508 676063882 31155111 588898152 689732408 416932187 481398471 970835349 272930692 697968165 323670694 555920728 644978024 177550171 389406035 661033509 992878786 89019283 922887075 566009300 444912762 613941766 807433643 917967137 436573944 828627732 798073671 678804525 963249832 846208189 655700119 131794683 631961213 922007336 550115964 959023604 899218028 380759328 125020959 948713059 122291180 1006797970 768892523 457903866 1039011453 1054050064 1003542158 548302924 1071438877 295932497 206364796 64153936 1022280148 65779886 854886508 636462053 896697386 664007079 358825561 382819656 844252076 961878620 1062931074 931917471 523860331 103450133 503173610 832857458 1070465916 708124347 440052440 53849132 156123513 800200028 518078809 785498782 36061438 115810987 856509369 874612349 692976173 170284925 903614222
100
260217898 55278925 882766765 221676994 1017964960 844433080 150350258 514965126 872850747 653955074 681205117 794959981 701566508 425914256 346324016 366562850 95317160 274454124 581470258 487607087 485535337 229966021 771784110 594883717 678368043 731969131 469780245 197626104 431286576 272456535 33800600 352649665 463165885 514117665 680055215 350812922 983582107 388784776 449283988 1052797989 697053591 716082670 779768777 378826918 389628674 520473561 868764558 787308612 311249969 85505140 159612267 363886508 167307518 723103499 640505261 584716526 202222405 668742291 41095904 840330238 251484008 375494175 907299418 779814708 756297932 452948332 73759920 1038256077 880825946 365006166 165722687 128791143 553135871 938042465 947279780 149418889 370271788 212677425 344961604 639367193 962459734 664312082 821429445 826856932 462868343 355518577 1007635347 684409881 947351435 482232160 220412252 171074510 889926420 475938838 77216660 843421818 747149207 180183405 1047039730 700248185
100
874401634 169305073 745414028 900735923 445490073 404624208 787479894 605226474 996507095 276652691 620147168 250873687 511878278 315545727 283789845 581074964 1036858676 876224930 863631943 865207869 100066580 738362568 137225384 939174516 730911099 60712839 439972306 966018142 299556964 193651380 588265792 566152996 183415021 172844780 310344146 984208883 187177944 391475469 374219341 5042300 65881099 397430457 900032985 608391029 1010317072 515961562 449050753 937187605 662969750 158194200 868065206 133387676 771750894 108461925 692691661 375401417 321454734 585490546 149000060 85142882 707686034 499749431 632464993 925758384 297859638 984671599 572773243 615205888 53468509 110402329 166868655 493368355 452288013 119777528 589708356 10479342 588574961 413371924 576931175 1043134651 300739030 316061496 1028907176 253854695 576568366 698020721 741642875 864576850 610847632 573700245 163524025 727812322 665373749 577107898 653835292 288048640 725988221 318521786 379844294 881511449
100
187169718 710561466 333815582 761324574 1055843216 428705122 469640196 699314792 917644399 284415240 619003205 635519540 709704511 924887388 1003681630 668898836 914156334 155969524 699942223 786719935 125846065 294242503 245091614 1016396175 2469245 502611634 437503060 831497474 414588430 244248563 560913534 762756410 762330403 97697457 341721005 1015361149 948285631 105242993 422747382 1058380725 1070362666 226462626 704529651 566038256 311830639 191768083 607016513 786119137 274706652 719001463 476903936 1019364957 357207940 1047469288 819900502 1037580000 361926080 196686433 67939564 39048966 628186281 469371715 51266415 225917970 656558496 817240785 432235536 980014442 486015687 944778420 3287045 252972312 699820934 623807863 475622918 94271563 497189126 405586699 202016464 125212628 184176313 626775365 177992102 251340970 13038288 408102491 243738827 657589350 926593731 60021611 725843465 187273671 755834829 348181749 1005586221 954713392 830950254 497891163 463379080 638103845
100
8618856 944888688 644785874 928534721 864501446 503338685 1067837060 315590471 523447430 791588684 366862381 414715655 800462237 552786559 429523940 673693268 286269793 947023035 528228963 770733767 861060624 942536169 365583751 66374074 583342409 598437367 496150740 331132107 904865936 5353812 663607791 1044135520 298664398 42405238 388253985 385784349 179192784 644144472 406192603 354860399 914247363 194131444 109609772 955808772 461376702 202875597 1073483853 148603985 79071801 775811689 1022005526 889877515 729915022 30020303 340918918 627047598 338617471 824704525 598505278 821303289 830554799 257341108 748136454 58412144 561054759 866604122 481170504 10093017 463896787 77668375 506704528 161342912 946951683 731693320 41431314 642736115 222179051 183007440 286311972 902633221 969743651 948400146 155947199 950240463 665485607 803083000 763267330 965909227 732725975 618495407 34865327 380860216 796334585 595589352 74888108 821045337 122201778 782796377 4155524 335512117
100
565673274 323363044 1029112440 873836165 812005065 595122718 80004369 883109985 12307142 60415401 228821170 563140191 53271543 105357726 333103956 378907162 490239142 149961021 471647920 817004690 856945438 311580006 185922758 238191276 490210865 1013830945 729285722 503596464 518044085 1023796759 925390194 988640201 47354626 404141334 199251417 492504200 469155190 677424784 269809056 80741730 127944433 845893404 822225816 406123053 931949657 832668660 252938712 579444135 972027415 459905910 572187197 1069263343 774087833 639288740 453442277 61051146 348237006 1005724835 218911411 594165087 843465901 610889023 879883727 802763324 193281966 412161894 91513379 1029129295 461814607 693116585 166755295 747889197 43834256 413881022 952668661 623045838 381982583 158742528 506819229 965419023 765695374 856651757 544575443 445188911 817174624 420143527 680276948 898144594 209189631 552270452 990037413 412559873 330284417 38542911 417209740 1011890600 696702 941830164 356116884 579246615
100
200399527 675029518 246168322 804304611 236085454 743607819 993690241 334762898 276626946 518805475 362624400 968528200 61396707 841068976 945942672 134288563 661289393 956008915 296628164 588136197 468840147 1011699567 574482389 622066289 21649748 307414761 124563023 126228147 1040000865 662957678 285962786 553121157 934990540 55636589 973390881 995313451 53162380 934818329 957460358 779736808 306665019 384324584 83960428 463759238 853475478 1046506006 374597204 504405971 19635713 54535971 640624801 97519390 210950657 263856721 686265116 969544126 251313855 232401959 145159280 776158603 22111628 269595376 854489263 897269347 170538839 71055165 569864651 271858343 1033026873 571330655 691318814 204806075 662765802 840810734 846621411 790156937 612203848 1056906053 124958906 603783167 510303959 1041856003 968136744 585179532 495703100 36941963 959678484 281631143 3026625 367183749 806727756 670430280 362058453 810465627 140417534 264378221 185170057 318732989 378304575 737902487
100
61078301 40239239 331697226 976223823 17119540 763024179 274193552 112334137 110585723 85488642 1009761143 330173556 777724083 599118489 461216910 554513862 83930206 605512447 250177644 892324249 813650755 246269473 301619498 918394748 496157677 401670735 246818531 548161184 80774957 1018842045 810107963 731719260 1011319956 668884227 113912533 167022250 920360698 847929246 1047115740 508350631 114241786 1059415149 614635643 640071447 892146035 616066100 909756005 754554590 67373064 522125340 958534734 1040510856 1034340769 1048730161 898943599 897948610 123852008 518069731 972116742 70291934 173631181 111517830 892729044 840250452 696352515 697090514 472099229 810103355 669119616 861885539 1029629611 318765012 379099649 742397497 555720012 535801600 508260995 1049639226 289549647 925224900 1006433739 615283628 785085323 1051541708 359949536 184864955 171042393 598214630 497823371 22059257 201179669 901679747 502817758 736193240 462570912 470179385 483867818 72772402 439484129 616737091
100
523384258 948971327 1000346367 946996432 437605800 629215273 609109103 776384036 211766761 345743246 832108729 281470951 339227117 601742437 325229991 644325182 423939584 933661479 2262056 923685655 981950417 1016453712 818454733 838863007 565108469 522657505 539548749 302665673 576116069 823501025 22017025 655906766 721012732 618559447 711191144 547754920 1033383674 1072789330 66193317 818114197 471203460 610478946 650930684 597266586 311476001 456254748 886646360 329528062 271595070 409982745 594868424 923862218 221486763 182731255 541820158 519511888 322793756 687190231 868689615 626559649 455064746 351225309 108679861 857723413 430640975 586356404 958694992 999008455 54652525 53188871 288671968 112893463 70442824 319692553 367770573 692642342 706412423 549479406 478100256 322050653 13839799 1005791343 736202247 879314406 866763208 130277194 319694677 299414065 434820494 561473984 117306879 163315569 871963969 404743190 530924960 847656221 75059197 562004500 362622710 868607599
100
817527689 878352482 884565736 1048757366 329910469 253019756 8720074 722603871 65171229 683506749 205361053 244848810 683548010 699182116 523786410 270824807 536860810 803321874 978586499 897777802 48101342 16531997 1059782777 539046762 92844491 659459329 73521956 588648006 1065187385 229338266 948186848 504271035 590963991 1070712427 824259402 1059111503 740079317 261595674 135956678 197610218 294739176 20367857 894897404 394763096 516330569 190643039 659275607 486843848 647205878 702654325 957134213 75507279 726878576 1011041130 148381690 17595238 986391868 726542616 508386924 334564968 779024226 462358396 63054936 872631317 949214193 74638137 845655420 217459986 660879225 506898198 892469851 149048935 245810063 990397563 850611388 478714367 430615372 167470072 576535595 487685931 518698959 884188607 232422007 1011530528 792300726 48656933 594686002 648393076 42529961 823548453 178755893 611865765 345914832 841615324 545761561 239246994 1011197527 633388814 1029095358 435853568
100
661024160 697331144 94434838 840726866 1024019484 879446301 698366177 317767860 357764656 844288360 196636113 119614035 952607535 101278873 561607482 728444913 181110414 996426595 260952532 782505555 972267624 651404733 425207100 794675649 155235835 824762210 581244017 295357066 774400553 860656721 460577367 962799998 428723704 165084493 739728951 525112434 604733714 347880541 1043455037 71791296 3236422 729727309 223157753 574820804 127389701 714718764 1131231 393929056 837449958 588622796 693901511 847167608 122469410 561569350 918226029 893933943 700029464 897984883 621042 502238921 591475914 544970099 573965657 63960927 21356639 331555626 225436427 540109614 656065439 910663870 893331540 700817328 749078650 987729435 524909539 42783841 266902657 780145007 600137294 401837891 982352235 153746350 282985100 1027303770 518172050 952294671 143242873 947972913 970816627 290204045 513071957 854620500 437038898 170552678 853765701 1023168724 630848787 879661472 36380881 530944966
100
575877247 765985124 69887428 943909132 207616528 143504336 329980010 302561508 484780194 272054727 278423514 126949471 784401736 307710818 335333177 252753144 950107224 715866014 150125871 160916813 305381870 804422875 953831531 188131744 1022625386 506243419 991921181 608681047 512703213 174060489 597943419 976433788 654894561 845843375 454894396 677129277 823592814 161493502 620413984 336663917 124128773 959875466 916773222 413398529 498522841 700575628 740675667 856445589 956880481 289727518 378621362 515153125 910300376 798229186 414849615 659895380 453479101 420514524 118038395 234813032 548884820 771455027 126317451 28794699 901184290 585313140 1064138329 373832268 92797044 216900271 868810177 371515996 877923289 989938136 588026405 109515410 518246052 51260231 93960938 925189799 472991083 284829753 328751865 19180411 839419019 854663500 648879423 724082574 711484577 354166535 241234221 44155783 999638802 486607440 910923576 482253489 17820292 453805300 223559002 463453049
100
386462242 898837391 112300018 217361501 310613744 616267865 1062053457 811365094 979532501 83623229 486904176 215442357 657248301 382460740 121198927 920957765 969403577 203480955 870022031 590233173 413848092 367462259 226786293 942919272 264914527 617342401 624428269 459959878 465534061 783193727 1048418308 239193721 921390232 575075274 917425773 197245393 362282258 316002882 43854206 1001495009 475765365 233852301 1072788272 1014762367 37543996 1035478227 568766114 960529224 1046262087 840116035 323131541 1036321305 388374619 733196429 28162033 1043978647 658966688 201602407 684523072 352420008 854799905 491249673 499054638 216954872 909385295 1048722608 232689167 715734646 726083711 519566878 502092889 204494292 642549351 492479000 419916837 564418314 164142245 250715623 688059314 919738067 96074552 726792920 605882082 19716654 155575813 427260604 370560956 707435230 222129491 592485481 220276456 439639019 603788879 621787190 490947638 480022047 157881225 634596483 1057816343 290292874
100
662084143 684203810 86112511 108952300 597635360 58735761 907649172 653035944 475335871 663138497 1021038630 804296395 515612793 508827318 289026259 89143128 381367359 32070548 598049918 344576185 447574278 873619239 298220110 265339192 643759432 304882780 279745327 3545221 351807874 1011913158 54859343 301981750 161393844 17416730 403445154 477164610 518156516 15656115 891912799 209939334 625438619 667725327 778850689 139956288 830381670 725309519 1020637256 391735447 991947606 415511483 866535605 425643792 351750529 536397628 991925777 490740506 406244735 790462689 762005862 900553092 874502637 726267482 240827908 21107969 871717869 119584128 988839422 957984427 893982628 1031840971 434493099 1063667325 955647163 1070724058 178158885 365704152 827964127 969972719 205275853 428084735 815722050 653684848 449108421 562381979 573242391 400998248 210479476 557533239 176195353 813531651 240235270 8864452 556344325 425991445 952993258 806379543 947394075 441299348 512574546 522495590
100
339541274 493139894 514612943 412502624 494258788 853112145 720506322 1054604325 318501333 255791778 205585361 633981761 230812148 662006253 1016876439 967155466 199813097 293269176 118533326 676186200 146051076 205853262 593657991 971189768 806630967 798013503 656061879 517769597 350465687 614251230 53745588 831828762 323333598 889225154 736835772 430309065 314161644 823172165 913500782 933537911 768584257 730040840 781141582 675989 530233477 206072685 609830469 879003801 960897281 146923548 950856992 974679931 208491299 601287039 1023672076 642604600 689549822 881581893 297749024 919643219 143123655 370504675 203456212 402936911 1488729 278382862 326539394 137044022 570526386 1040421954 322885100 547571221 63460724 717443902 373047733 232950909 1013396581 908759174 482855654 121982724 247433967 47790048 115010923 671259330 517256097 461699799 949414548 584538837 46022828 215663931 910856597 708482269 980536422 426394015 322476038 254588288 465983947 416116186 882934371 150203623
100
125714311 416029836 274176831 621593517 151804037 136544839 959237434 767555027 581225335 344569785 1027983499 282101235 1962052 293851633 1008117869 500816316 704202904 1038921566 178326045 873845376 789410914 775372883 259574108 531307955 684340820 612458378 250858734 658838898 759728230 704199326 1003938589 328675577 915980372 727141007 420589110 212731180 50381851 275700802 962306314 53466383 907824768 85403903 834931567 1039053390 252789641 804191985 612841149 242101686 474617089 566032809 565875282 557750202 828913400 510544540 1000468494 424661231 140551233 1056313760 348115160 664644240 586445555 294602099 502448407 450352890 905410793 203631668 858899769 887581233 605487170 450257896 96065071 779348570 303205345 318667510 180252143 852095039 714648558 419567788 904864753 147150798 1010426451 367375800 526670259 262209690 941856575 797369519 348452661 818814553 1016405415 348662409 1035417470 708122980 37799872 355428131 737051925 511835962 940247942 699977148 661153416 727614205
100
182480248 128613096 532385267 728053211 774130144 856917579 244080646 406709171 193004384 764513865 613761093 913797836 430641096 944703104 439336289 598499190 101089996 606670097 338066993 4945092 194995844 553695008 151691822 90267917 849650668 70872407 178565623 1028676204 807893861 955668579 627253198 690475840 337743154 216587638 568875034 546193068 839086588 348269252 387604963 107930904 911074127 865719302 626397017 14534830 704082971 685473530 631750222 1055103454 983619891 680370144 304851127 992197594 1020903889 704857598 787989806 378427675 66600976 155908126 87111539 445679578 423936369 267165963 338645223 779386520 310155095 969444376 919478543 266590358 99422091 321483160 491951639 717089374 547953848 492540775 646065484 11806264 832278256 1062922591 349189025 761172150 309845029 678059492 381851179 934954281 902527153 849746521 468730533 239340072 129089487 65201065 976951277 1059124752 1022127135 594314943 958883461 973546367 576888870 997545229 863174931 769160665
