30
100
250549832 631219251 685979078 1673053 475863577 1019898765 225336045 896384798 325735963 1030684029 773086525 656550104 302688388 681421590 879567560 1050464774 370959072 244407002 132015667 276676822 796647567 211370819 63059256 56219306 528706884 663713086 594460453 486507161 691108743 430323371 553218908 800015342 40839988 966143198 80703441 603061416 741416954 410474273 226312079 116855801 879536093 315545904 675277107 413427912 169554357 412849595 741952879 264377391 415634349 527145191 727831945 770440189 374645188 147083982 898724313 137573684 186029135 107454970 456779854 479803020 558153333 759148014 380400362 667867887 913446066 922456477 67415617 836842491 1051132756 698799601 957536255 868101251 102831361 1002814533 534732127 180026126 66119983 314595563 799127988 713450583 1022393003 681999784 21275876 556846539 734770707 1033270323 97620455 204742670 1400924 944801977 375225677 279279990 195185996 12674140 777063349 66760846 581232128 781006767 572913751 906864277
100
484816188 234083195 944204284 1050673350 339008510 140906752 287123692 915757619 23499239 536176342 105444286 680741658 568004187 159284100 191385472 358873275 575411379 814736547 770349175 181064873 774831804 185169248 175715479 221926221 341677877 719772926 860067341 890892897 890225749 172987730 836308406 592875381 611320386 927342917 981101989 775360109 206876058 361798486 973962145 212815872 518528494 649368597 589050788 330004539 457805890 689979561 25811549 235767037 1014030735 685439307 669507503 358036601 702486850 223807433 1016369456 372915126 686146490 155108868 135109803 428395794 479141069 307694706 689988254 1061187259 426838595 818999453 1055004861 380182837 838133338 111465377 731495533 599971287 652089921 684769458 252040522 796603725 387549341 93592468 967313313 895858199 555730950 469933857 637564662 519045897 661925259 982035399 937621632 21803465 285910826 322627079 491787688 9324885 765355609 906700023 796647054 262969466 490953344 708620481 502041732 40787037
100
833736994 14349456 191969014 123790366 971811820 725535214 231339408 580500650 534606724 942715020 519513931 910357849 886564196 445390733 857736090 108581079 608835738 687543239 853123270 43794117 856595528 1003852357 653032040 546833976 309585442 897514181 1003767795 984662072 710086899 959130170 468984616 141140546 248507160 657812811 79232671 306714823 261903619 829637331 136604741 796930475 802746297 1026354783 561624024 869521094 518855509 329636531 554121581 858708070 1005602179 358534213 944124907 667535308 108955653 1065083840 483046286 383623594 554866482 368603267 230553700 120735915 842989682 814912288 81598675 1007800299 56670403 999862237 20314129 778737019 883227447 956477750 656182443 757738719 1065121652 830544473 638744319 622533007 165007410 275507624 849012673 265247097 1035561409 414927675 657774202 811712381 840992896 1014242139 217417732 337124848 857849703 590493960 561865999 70271258 550284926 398108788 759242912 895596984 760156515 666862982 576794253 148797306
100
1010812505 160008706 568079238 102183411 338480570 932432894 703638259 744936253 373280173 602247639 499820879 470613140 573110760 1019556786 588374810 882621688 612534870 69126924 930586697 752166401 875662741 343116084 4339396 363432535 723422073 720199118 551376103 776932409 1064302471 953216337 104406021 894204919 498103162 197646218 67242720 59868792 663413186 297618967 939243571 133575605 101074944 440859373 654859560 716944700 829129100 1020540627 782708706 971539630 742310383 941461476 888376821 10080833 838264681 881762321 946796265 346309438 89955692 279196573 2086586 924713092 498814751 58245023 869212251 497816835 760080860 788080771 326023214 464329794 512847794 813422729 468889229 731594971 828856803 464791109 656886341 171936505 338807655 289147677 994960150 781221600 810783592 254683599 243960884 710282085 616431556 797582568 963415753 686606450 343310222 89998669 857453680 314738052 37623181 787050678 955539900 359016493 767859388 4485166 849117359 826595986
100
522815125 987446083 929991149 806241429 100095774 884835813 318485772 592838842 689183697 1003583988 317622992 448729088 657599498 226656327 715741360 20828134 36623096 14699428 139741491 252777248 461731359 22717258 835482233 778048532 345050070 138149224 301348019 431241052 1434058 1072490915 26011815 100179526 130921337 323636116 533323309 887720279 99619000 714630472 8170164 1936067 401675310 1054650814 242141117 135432439 485517783 1000902508 36471135 904433936 663922049 513718971 915223746 699693409 675211602 591239302 898948772 43275249 972741696 280514719 294189527 686797050 157216919 787003467 1062383041 646820204 39647863 1050938561 814238938 594209127 248714836 284982702 481829681 293147333 891608948 3770291 47092968 749899662 324335220 479272678 749833395 942390401 140040132 367765837 678115934 202118034 446759462 188533094 998121796 463019622 269446451 792393890 238843608 364722393 953569238 562033125 775737632 632562552 603535055 844885000 273032500 617047559
100
115713111 726472132 21266941 989767908 974207252 526160272 974583043 984687908 651678706 478396909 296749945 703718656 1052386458 656623943 103187185 318268380 791128873 674484633 800586930 844401135 529846960 828369654 571883574 339210950 21617587 1040923140 271207852 238126015 20223659 60880508 1027031159 861229711 726068868 348371372 965149100 638245821 908870431 876125429 67816088 402360612 1029673937 900180044 765032249 500926581 653031907 864784573 95791296 973533618 291828496 854247139 738572309 640499124 768998410 112448882 484931666 830803111 415562484 634851246 852085063 1044528265 478149097 813142001 557185525 105402286 105558388 298681897 565377811 340992830 523395862 93574743 636248461 202372534 680690628 152766225 633813247 820034915 865351270 693862400 189703742 407097066 171087449 815863907 295852495 437900227 663605742 799667595 659608174 507777209 748098793 1062386013 130510729 475331692 358564610 556400851 180507587 1062020559 848462439 377827963 468064113 614361770
100
519085302 669862688 451903000 262277386 269804922 269732365 442089226 36841317 577488465 531225771 756768451 283494982 526261592 318319393 620222299 218821022 379931265 971341769 113291836 348991185 571072081 603150771 180395688 503504695 131700834 245255968 771938352 108476062 1034860002 36257799 363912510 779819462 643993619 609376403 855668109 835111140 658868937 194306978 728500395 167139872 435573487 149089608 103761022 86705174 829582594 822129994 88216508 43726937 574231444 703328676 491512945 370904555 1050764746 603513092 893992573 183139271 27846111 831466828 870165011 1028186968 871843743 598777363 629925436 698968831 802066157 749968165 877555538 528525456 169246269 232488703 1045058949 1023417301 265704730 1069070676 378954585 944109834 414703266 410698122 542151718 30131039 678285317 782096701 24894103 991803258 974616329 429825724 543176492 337970674 435927177 1033727879 996613816 546233813 590700273 35363543 816722147 505038627 271235268 792486934 936001193 869715280
100
808703330 628400345 698218950 734542867 617439759 236773014 911318624 298944886 1060395298 26780634 178843633 569851666 644360150 661391342 764833979 151222605 956722203 946086900 378579704 230104992 391436050 796784989 826784597 497595160 246734738 290695283 496085874 817786072 468403366 378140368 228039779 492678293 1021665293 452470245 462274866 547993368 904284345 813963637 260057434 795591872 21349713 434949655 352213837 494821373 472583854 1056776119 263175920 181801942 99443297 551608341 354080794 243362404 319055148 848706884 287920408 154811221 665998725 1052080173 36885804 576866922 164761110 822668042 144227081 864368121 1014159423 800022507 1027374937 263828843 53218963 750958388 559615799 628893631 1045598038 1052565021 26665654 853307910 209321734 454366513 356181848 622407141 15456975 63932111 973093527 100804630 167664405 368651692 736146527 180104935 359998958 743050063 1069564306 817901753 475386277 912764564 922160771 388999810 47855417 981600810 956727675 735602252
100
876911381 537068856 344033716 919175284 693493548 192717673 911996011 719039004 417274780 485519155 514846392 347434660 550925155 403488687 421668853 802699789 285560278 542259817 824837390 130660879 688196891 886812131 898842373 678355091 732697776 441891856 371511664 1020573241 128262114 444028121 482818297 777059539 304801879 527433883 348389853 690266600 908205189 960035495 737715822 654967090 118203960 162536385 991346065 56162080 478757136 735810722 726366529 665502549 946757888 702118006 552105226 321370919 1050110160 1011226463 736613518 434687009 855715996 488843504 6664708 1024904833 131783764 797558450 577297588 665954235 42730042 481375906 26535804 791231732 602480998 236225969 983533390 842151303 219179077 465629763 363020720 327191940 262720278 488056497 564751162 424802348 897411692 159990727 1057322523 770839158 279923119 1042266950 56332437 413296014 318199195 198113891 594318205 160446800 1068677822 703063110 939606204 1052915409 162761726 120396940 76468688 455596759
100
995566022 527357515 70563932 308827396 168900600 1019503187 1035045647 375598261 1069097755 644386081 112007634 1028697433 795586971 477642626 766961981 1010309879 19404505 861753945 768458266 1036261098 236197290 91028763 682356711 919172706 2816726 930452561 1046186839 190998756 165767066 550869018 356271313 81260230 294120486 552997542 551893743 634625972 460747296 222447292 428640513 529776942 357201696 737586741 551463304 136031495 599922482 560023678 74426555 916097000 1006495575 242039066 691021573 411191243 540254212 546551326 781200260 654903936 253466529 1015826100 54118028 571391019 346230026 1045844376 948798498 446762436 833438226 41286558 491433602 613923733 1072522748 226383402 185426074 1006838720 237195264 809688502 495741068 140979383 809830860 944392272 1036057136 754744258 643770880 358392857 107098511 41024380 204865201 507954631 173958505 736670294 988907495 137168675 826034608 908323091 626934302 889673100 814604811 354918730 1049411785 924881011 618611796 566189032
100
145962973 801843994 765931435 178985724 1073572580 203380768 575745960 157572778 962999862 1010484956 595665349 174660628 177091220 303017721 473466176 590010097 308638548 326325973 833415462 278124776 597738720 681948676 356684508 290880533 405289781 372959179 331707546 233522571 358158437 1053846950 224031724 659017676 708104981 205013442 920846383 479757651 970450176 721664387 583858458 931605258 366037362 915945472 344515890 366492372 87409613 255307906 253786196 912854532 914900488 380041481 614951471 651745252 64073515 995880135 159423687 241594416 25287124 224222882 330404596 432860568 166984373 322886582 465450721 992546881 414207763 954351057 700903565 137460805 298130249 1021906422 920849485 4965422 47249731 889173723 267481416 726156159 77100803 476874602 341420026 281987371 625018144 596411715 544682161 1069945372 747320642 573050681 816392723 1010832301 480659623 566841297 792741782 833951281 192351905 813596614 751114247 915906410 292295446 263321736 928029700 93007122
100
503453368 586230914 264748886 622066921 239266989 441823559 863253333 55356279 420726002 1010378608 805399973 358266845 431125701 524842989 701519055 330958439 838237850 326934016 766286798 842063600 614335639 488840642 736517268 223955819 274107157 856607390 303334022 59229790 422284069 1051385300 30016763 694761826 423941384 971660535 566751680 1005734821 622772918 206426224 779503511 175767655 178666073 897141241 1034789043 354002304 904036559 689224482 555461949 78385625 286710827 1022401487 835485139 856044526 159778355 799596727 379756035 860024915 490827492 457196007 113770197 725372972 967724778 476959038 543273278 411828147 1034586665 345432302 722497710 212671669 628843063 833567233 84409731 85546261 32504031 343515858 147277715 91968840 526492319 48412048 817588391 55609048 746326314 292554430 492269306 60038882 66526696 335387574 694876094 72187031 934075505 860074273 666999191 756799422 515169558 970903936 1012211486 186203953 862959448 148126631 43815263 229566299
100
684497212 432149083 322226369 5263812 444532028 1053394823 360091254 892343159 503734903 334632011 796382372 754722521 639304207 333210757 118601482 611472627 292198909 910149379 507752313 993641726 294161292 993531916 827442262 739577577 472938972 695630808 269092636 290725335 550842464 182380819 298541783 800055966 28694881 442270558 489142953 486135368 1022592120 620152270 1027299400 457788565 123796760 393313643 672377470 747673208 403108098 285316018 717181864 902034582 144074446 450930964 685869112 66869706 1011057769 331972469 1055046964 692059556 868394385 900150446 521709236 836419301 308396635 453070091 863995495 644896260 494413230 284069325 652134927 707942316 749106117 295217064 963836416 132384572 379650225 983216455 779548581 731248965 595490517 834957764 824609787 440632848 851758440 839678768 152323604 867961878 279875319 700126481 384608662 780272261 727871456 706213598 469806394 143252418 907490519 673501829 3246413 453162977 224258405 892251878 588764722 445835055
100
624955990 109050589 280116393 495069316 280886557 160820057 101462146 994145994 1035580408 1029322564 689164961 555145484 79780503 339372110 926125344 709418614 876174880 266776766 306362062 931804167 210284458 431942124 925562286 1051200276 782356163 594600648 1038578038 841928645 1035117547 111279698 642242065 192884627 67447575 465445407 941696542 386756561 576384559 692450523 685137262 533009440 810373008 506883265 191030153 1003148536 998024330 56864293 189845034 169272870 43524066 820066795 373617599 631344456 545819730 500263949 587910634 807143507 457692933 305547800 944385026 460309518 825190939 463315375 810595731 108913300 247945003 650278663 983121114 383324630 241193404 159236970 117104969 913551895 33716682 429949876 430572041 24923246 259716680 647042777 41222259 1038244167 361914264 214297693 350671510 725440226 683014676 595034842 171533749 386936787 882753673 908310142 692179142 648212864 934887095 347889546 734025459 887935654 476920786 110837972 465451549 944277973
100
362104390 249781588 552399855 833857513 935793500 955103072 107219629 1006120209 401924522 162829628 125446938 948593281 496480084 778153109 895462422 671000114 519159189 415891023 1073136852 69312657 415522616 588286208 512213852 738434813 545330978 16567155 492147466 858046029 118490822 867112743 231510797 688645447 193309871 530363086 340114665 231903018 241300218 939379918 865606389 795829797 791842265 773275075 66227934 449424861 531802641 906631931 934799394 585072107 12708732 1041438968 777472662 1065929820 248298376 677625330 442164449 748767279 1015015351 855598163 757528318 27460571 467767325 1011223865 270739646 821817286 522806757 1041695479 810037316 1034429647 200423884 750078868 105629831 1020985029 882825892 567798602 316995539 683738861 755778515 529528584 1004709448 547663488 954932177 32405233 336495706 838850858 593134254 697571547 487997775 759445389 144584841 76853969 1073025476 409235900 470410266 509121938 228034089 141042112 494674217 174436111 380875072 177511958
100
289045744 252681890 217355311 343918414 27578128 1034950970 625505007 410199002 742283773 816431559 749315375 976330196 435755385 143553887 627743804 53783528 31818492 884016103 134064725 441618649 496797743 649672347 585936176 1023166972 1056401778 423765645 824936565 265997754 889149527 41739037 693071938 895851025 557771300 823224454 259326885 307008276 434068054 515368529 48183077 147796327 406560025 960779744 395906874 1029374147 1054032336 1990885 195308240 671837816 885466515 425695207 243146185 266659814 810153388 789706948 554081144 233130243 212763161 977847594 185626918 524524248 872275982 520988956 52908176 528032260 926899312 559690099 743729767 1005436215 735854170 145068634 1022089423 341939128 130636188 1016511954 950852064 74322912 23097655 52087340 666819112 62407069 722692578 215197841 458575656 598627568 509824136 713239421 537158098 854239343 214243528 454974784 890267922 932575172 945710964 528819836 1061303362 56815147 700701970 639124650 889857459 486343928
100
765956245 821828907 470069775 881092806 879924444 787362402 502457962 537356524 624260212 927219588 729668759 810547496 964436261 590494642 1062811447 511843844 901112328 872375680 543911809 679323326 952314383 781467000 718443452 591482825 368557693 199053462 877811144 681555276 365636970 365744843 839215510 716182945 112301120 939854203 644625323 447013847 1020704321 578127358 674416546 468855345 1018520318 460664866 55064231 804109477 298134753 102965415 253832700 559102814 1069051812 823675842 373286263 978707771 302294744 951319451 341532162 992623181 179246176 663558863 566226971 439447133 379041523 114446062 465775185 305179491 985436317 1067639550 996474829 641606672 590298430 95060470 343426758 239990341 431413513 42582340 686589708 847830426 794310407 550861640 353572990 920040920 289302418 615971286 452563348 457624959 381521626 930541752 1010009558 557844545 325716835 712853546 581801058 950194565 494791813 1032828764 308528746 860282597 101103851 593047284 1058356660 545178288
100
377754505 709833496 1032539753 1030445526 284248105 526992646 455656774 844884694 500566228 1011684861 866115250 333487376 248157438 925055765 805607627 387308885 320055825 977238646 109894372 714917576 263245289 15096287 791209988 765139297 502884694 415628576 650617190 559120490 97694365 222057632 485529847 303048965 533227511 180657111 849212380 291088547 177363473 975579093 612375785 548680590 114345611 742294970 370493226 425534304 453608057 813754683 910082142 851627402 422573285 428141348 557716343 112241102 1044504906 71210960 927202075 392808646 734200347 800705971 435889190 690723419 706835258 343075793 649642022 903021646 978119809 866570308 238872541 513657010 1007340605 137635513 506252739 88226927 366014893 468190963 733003906 584535489 439445384 89121607 299892088 138861240 505470580 996853535 568611640 826562486 312604560 1037297016 905942025 939640308 1000300267 155219811 333240421 85785084 218019338 829090439 769102204 209662512 238440038 46489501 505572271 86572354
100
1066236147 704119061 254046394 109119355 622557418 910121977 672640884 994519401 663138424 441338201 607240223 506115071 989412775 682851177 510374847 668583416 323820052 422738958 945298475 612408582 1003256177 979070820 251318927 1040908365 170883075 879273529 1063456236 339245798 959519012 843841679 855755155 470640221 676697538 957751326 821459886 661308724 398195422 287402703 516692919 81194334 940906511 665509186 811628799 515965636 270122493 985836873 66052393 550060484 169495782 884915307 209655468 819468716 897684251 395893346 975017812 957224772 694483844 1004722077 79311553 383164225 1048316952 842688447 461631718 44529875 135869542 157733918 1132683 725035032 217967632 378175045 29861324 238295206 35922250 538063474 591216793 264673285 852948831 927746584 814695220 828874802 313840940 533831262 853950645 265712158 796181412 522865311 983759753 1060569133 428416074 844644073 787315695 866330808 603555770 842113662 782268026 599310475 219040800 582288981 332071570 971926887
100
79783833 407019762 951668865 911610731 81527337 788501035 751665409 1050466575 216920855 591232288 671307397 333400617 304327465 865756552 111903643 552356425 861417819 749597296 811335754 3326357 532034907 1003685046 478135434 670964552 142144012 270376335 573788871 961811503 334946308 615978242 37229154 105765162 593508365 1025155178 688421424 637957553 1071334823 820783351 509020921 360223308 786991493 576942638 914495994 904233754 20491276 528846949 566651748 849323595 710819799 1000779592 607821018 961680038 319116341 602810455 417161207 958371332 580573097 248965477 557876422 238224339 814598761 736504602 177919048 412799892 680804577 638744434 4897522 1049235292 815674925 546635837 454279980 56136279 174075554 320816541 1000398803 769431361 1033873989 263130250 638944951 838309611 330000210 159032657 62364446 846231228 262763703 699367953 117188671 963970861 447026326 469572925 763423688 928830028 226913991 36057117 45920345 814168634 509481811 722614604 359692295 74377133
100
1058624315 153319130 558663791 1000096686 277109421 204725583 149085661 271773462 612066617 38171350 72227688 1025628428 366774220 572457044 99652887 983674911 682945828 489392803 30850564 208185874 39205974 642538766 908883674 1054389851 1061310280 346219478 916302942 131170469 224868663 779179695 247219683 231752526 107322675 525677379 952460244 55011818 47928478 1013352366 929033774 391644094 82601393 396544 439251714 945227333 629426679 375656894 374232312 130572207 621380816 722089058 622741959 716822877 494766576 653389270 216410302 346540646 423818205 905047037 272238911 106273302 1057229428 965491755 36876606 1027871338 410229092 107431335 651514822 1001357972 920786609 687576112 407150452 608153981 501291315 893416053 580197626 533962814 695148308 341922972 694082973 655563942 442868822 449188540 862353848 347087800 287541579 804778850 704077623 411178025 61720859 959284752 852062237 1055174886 700481601 109530553 210497790 50656140 780813070 977746759 1064290181 235253486
100
9238550 72026352 405143955 559270653 895549558 1043323023 475240502 639597155 102272556 59807304 835895364 191817461 844911345 1028349206 719735393 5111207 274465522 322359685 178339043 247839298 519614286 923418680 1061967445 916041184 1072689308 532352100 302604278 142464370 726786402 816410194 664686648 415285306 214689951 423002593 26361153 94635601 43144258 849192193 705044333 450694946 619889584 53159481 401826762 284698605 349790786 388645665 616189594 77064773 248705476 287602409 522857941 113963667 659924216 743184593 594369444 351397520 609929745 757877423 579014887 468700111 529745208 637024108 791742384 664710705 1002494731 85172615 966192582 79861358 1056852761 497992080 500016931 687132819 318782055 999257262 222060662 692159102 60354030 476166938 630026658 628200036 319345946 438929058 997003325 322624844 585491532 732944679 981193234 30457234 1067695961 553988895 1058996128 59695461 335983626 728977939 974698136 683176264 688620698 293093154 17947746 461735573
100
681880957 713023641 989393397 876115857 276277481 915427211 121131497 528868149 848401472 302265530 257980741 249627187 1037596656 858082653 370156975 69872268 728211578 742329055 253953572 606991797 493128948 306537823 777458036 500611862 286469512 26443311 1003891905 656595597 784560627 502010454 148775428 363452136 997337095 640007438 738256520 129646702 288827945 388827718 565653869 710569815 215670227 625367328 188703270 666242639 271385107 96046708 184727291 818050295 301387274 508663628 721081224 606327396 899833711 861518694 248616764 194848670 233928970 402833333 817185755 143987235 1063096633 945412320 219870205 259614305 804991086 255552962 787046797 17537599 335191982 1038854632 46529610 132120469 790619923 104783894 897470537 530173615 348920908 461094083 650624113 313393358 158466328 425805976 651131133 179763879 697299406 872069876 173338110 111347426 596190169 506141803 508058071 692560028 586691636 941275458 690472895 438537701 89458162 300966901 898913858 559532611
100
847284146 383372737 1060061486 826556225 484182747 895649517 1049974929 709098969 48824712 911319376 696994639 314513635 779038723 1052608964 358634428 548916052 759323978 675598585 874554912 16145717 947156368 972509684 934755128 30290468 565804220 500017290 445541045 319170515 224874728 405338089 280581562 1040073864 582696163 1008009488 1005592930 40678812 659511984 877037906 1005125943 894180860 770295301 1041240280 467145148 416625835 470785741 549902619 757072613 631092030 218487718 22166381 377328282 641111134 69856356 786386801 1043846968 400794186 869018764 720560543 1025464847 1011242322 418784730 1012120002 929432037 689308253 264676027 294072697 261737841 742349156 256741588 349838009 659316193 201667573 789689209 422573641 137449813 66892721 866788918 873626180 532508001 553562317 588623690 784033947 781228431 124287125 213508647 890418577 741648859 4578277 70521332 249232957 653982005 591302062 157684747 1015435019 386061314 341889399 996725371 107821627 850571932 371423705
100
711081569 305021901 557397762 920630052 417037539 378750808 219100467 1052350335 539803774 419903600 353438530 779981173 965465026 484427839 806091033 16119834 685320081 527444065 4945461 492680755 90622372 658842982 474550312 909348027 255306502 601493843 285841687 356722018 695285399 101744161 142714428 936244489 804861834 955566141 798711397 285077063 595202023 161050887 280467571 604767207 340213514 471026003 415517148 717519720 165427234 48262123 641877290 676532092 569346227 759433226 315902074 461431433 122965780 677444578 556882942 1053704491 774111474 505233175 445939835 672281776 938115531 337124675 805547468 613016986 1070500212 742211696 621289821 562155041 334518932 264145825 582089904 218283182 242796838 1014941001 318845916 489465441 370315515 607588817 235785225 405358989 180878390 736181783 864643573 165716022 159308238 556849642 74723442 265888410 1032635407 723853967 840888037 116251045 756922137 301841727 550805449 834945403 174520160 974930342 231028522 573307890
100
345805926 554418475 181555989 587035156 397283730 904515712 569609122 304224654 133662515 210910452 687081357 935978330 999292871 706556389 735355 1008661777 106323132 612338883 678060616 863545246 783401210 966757269 982068609 293384640 553962326 434162547 562170347 232555660 392012064 1069651725 531128570 334037994 304924822 123962658 1002608731 58101011 235721582 974743306 965862506 516640025 434428240 726959917 730983100 1049749343 267371098 361445258 1058682007 168455197 997351835 519221297 525037941 1056153309 606756760 254164425 779258245 166104321 264238281 135643147 550207530 220099643 147092509 97876036 919479930 954661138 570926450 36251607 812555712 103460196 1011740702 434405049 368814586 953935582 196171113 997906932 512021595 221373830 959920912 928535076 250764746 401885746 73729476 64887293 674824546 793697550 937264041 672935107 508790512 652715034 458303191 161631440 485238136 120670634 206245853 184701457 299873713 758371044 245688377 31312009 285521028 759539269
100
211345102 668997008 678355485 910067901 957129863 590472617 24183566 762601258 1053989108 461618517 61659793 915252856 151226726 421725006 459330929 541127277 746831810 53542659 871993933 816418497 825655554 414366486 779012122 40044960 95607732 634042335 652639391 614174251 240371321 42364391 773360376 942083831 29200007 736731246 808221204 987578508 775067176 857833447 762679 298607591 340878137 302619766 593602681 705356024 1024851372 795650169 147143492 926003493 305700358 11209468 113455833 768186821 155429857 28394051 533066444 389363366 586878059 795350596 202580356 65131656 435077350 201890602 945401532 801708960 475190566 939394004 1015687685 613255702 376872470 356467795 200501570 62635655 611665971 1045070959 81624874 721064579 989443599 355230243 320668105 322176272 942649039 305988637 240689407 587265317 389831854 92077119 435883263 736209968 836246392 817625633 302722258 822950033 350459663 1005800844 1030005970 635541532 772946410 142489856 319466799 155103899
100
320476207 495925357 576070730 728244002 668483200 751331812 716822617 486814159 644604301 323902527 548631406 28776798 947749797 578500606 338595360 517235368 653158987 887593460 1069531005 242253850 775277748 480070089 647133061 7890999 222418509 930758776 1061661100 850297875 226916660 25034450 722421596 954658266 774115514 972764154 394693233 1900359 793760743 367506408 824512443 809250861 912791542 113556966 994230655 834028786 643719892 316248853 973115895 625003791 325143973 414866665 429786573 223605137 737163072 492135337 637898404 38048667 214091438 822121712 882488719 185842402 942554542 222386735 428676504 508384303 351443764 172539688 558835259 529547233 731483622 811460724 232248808 664383592 349255326 917559807 115078276 99473611 778877675 911183239 53767656 880274211 938780559 892819744 822236257 649815838 720446210 851223986 156875566 930134141 1045950446 197326201 192766214 950478230 130564017 578763397 318057103 331746770 410932446 851344696 453602536 940013616
100
552260299 158140448 256242113 319467205 524854216 153113020 305642538 806413608 975585937 366399285 510741541 382384456 955765208 392806520 566827008 644462907 127499045 337738340 133608988 37118796 137491796 266309967 411519855 388135034 57629460 628347778 478235138 560144119 706236777 111547320 877756276 490525865 2850346 381600675 1071346550 158020012 386354819 43540071 466032205 80640717 827592053 277062429 6668116 474547217 145377873 562601810 1070103415 284582700 841977665 80644485 971090872 975598091 212035519 221539244 516682669 700850507 932624156 275029423 9467904 622860991 281501434 367857644 117861614 387920877 433731026 69625266 296088777 477933714 904744304 133423046 879251062 763647258 599558514 195434209 101667824 878201128 911377868 277513775 661539011 299813396 327142726 636610001 76413073 784575848 747790332 129455452 298198417 959951715 990349789 630347352 807814923 458729846 137496878 868062915 902272989 157637833 739149060 750553995 266499321 37510327
100
457825047 364973028 1068272973 493916616 448305087 753490233 530876879 948537224 995248719 270038820 39180084 914907253 528206985 602487784 884795045 803156298 900395935 88090714 37152770 765546136 712444605 651601507 856648797 166982466 223223165 612341633 288348284 645740287 697897584 738145094 123381595 1011569884 89691548 1016083928 312245416 1039024567 226808569 124804720 148703046 566072005 934936819 755908059 716813258 797225996 133937899 733107452 303312641 437219050 949562294 364741448 301906024 38846604 964429852 248956232 133186738 1058930808 460085594 547504922 829059142 699946756 51582881 819703537 343622079 1017021404 784700565 65926033 751090794 123794560 828618190 6435539 435438283 393358019 64159578 415241255 1070844184 992834381 903900729 448357133 593418172 831384602 378741472 599457179 327507414 776985338 590994359 607982330 394679223 393630735 733822875 745320937 806104424 107950161 570488924 906536761 863313186 609178637 962436416 9153615 821110227 769738082
