30
100
31100276 729209724 506189036 305735266 905531986 820001116 993049441 304243498 63268049 596776789 595430397 1026656883 890771141 552423081 791932341 881177712 475026534 849802140 550495268 225206426 207490256 764097017 263274504 304454187 44182148 235878795 53649346 878193826 312810469 931412645 208666586 287828034 568716220 50164379 253680505 857732754 138668469 456869959 337239278 308494046 935650016 992835717 847388202 802478772 616163888 81679030 379058499 204118633 92582143 249103681 799893748 672897426 662663048 912062990 416545052 790422411 80305516 1022378761 573065019 710813683 1022999086 941823653 987566840 502824750 284911031 580279382 510123677 1048657634 143853778 764889366 292626329 24305274 911330737 182586337 761921277 656272294 620144742 106793528 870951424 18091737 394276715 803351714 624177787 608116682 728826907 90028839 529334126 706103795 453561142 98978259 523685241 547569941 326350177 378418489 289619812 222922162 288528292 705375981 227802775 847362450
100
746740233 917466018 486212671 61034884 218855337 810213047 416581512 715572647 515711855 397178923 333505538 530418665 861151231 726040825 505793922 554749640 29864836 422468414 772386724 736280611 593302570 1045496510 165765704 1065001407 839640226 981933406 1020259855 993615299 457556129 535468968 153772258 532197180 175298912 772794698 517059180 211212954 649437725 1006939543 942979227 701560369 1070042265 775298052 619457571 166576825 771806617 396416172 891469050 947590095 433938790 804017357 758855389 379570290 395356236 441710409 627488202 499405702 58372894 327124262 1025305220 513004628 344991664 1051547150 380137235 416792328 705127772 886046928 590949185 384832818 836546942 713137117 607045917 233451078 637498360 1005489612 713898364 561516572 104498095 807005654 164448371 290084720 623477515 253588570 662389214 59682915 382553211 960953178 223716829 378855160 261189359 120950525 668855634 568088472 181713500 492310027 663576164 353134478 541514812 124738164 253751550 832105868
100
586553801 363283280 840278565 719308747 428869057 660053581 276426832 236167297 786615478 1010895404 47668715 113186486 796557861 812020456 876905526 833586934 547069746 82107584 905877588 421471828 723817249 907847863 587432910 64884453 501277662 521070869 916884751 920673344 233823862 912311780 618762216 180574212 237033372 230093172 426034702 387692114 812055589 542846167 547823511 496951887 113684876 710794341 611920769 259611300 593397359 900049978 333221932 1063525886 695055120 111101107 69342170 323692430 460990933 377425653 395326774 278330249 888682440 356976998 1007965130 778781609 135640343 33729586 583035015 829193130 176866709 65723847 655838785 887008718 915548471 325318489 996776497 758071130 661331097 772266335 365233265 540790039 587647351 86904852 121135235 132650961 348342068 312739831 493757899 332726491 391523158 59200075 752846864 122328714 239643143 896792984 673325055 10956981 967263894 377021992 923935656 266706236 549917684 344216203 383463167 571235454
100
758796307 706845788 798485985 26201627 459758425 114191612 204614733 416469885 327221430 1027588477 776518321 533507038 1021743306 182444646 89423997 487239653 433317113 677697693 1038366247 817306333 473445353 708482542 582746534 380451635 971175430 937012619 580657914 934490874 783866366 890018951 578859170 318457959 1071827270 375759450 745301028 189711956 1059650706 6760800 990934664 763653313 32252000 1059110746 451120349 405041487 997099887 440573419 427406515 106696643 778008896 132760348 70217888 581085833 903508636 111581656 125424828 800226094 978099725 897593969 409842468 146199269 49430115 385223449 844093562 869395204 954086704 172124266 440424547 73155972 482187085 744439263 189983240 343907715 617173331 9414232 631657622 806315973 882367523 913304730 994896830 616620847 616628575 567157709 504896565 237287756 478523374 1053642748 563677237 503590600 334356604 722804376 484979707 335799287 823036407 319827702 403063367 296625487 392799763 813361868 954712287 977718249
100
499445432 880674059 403353092 163493326 805765817 5183514 314351490 223523623 1066377908 24032221 497156714 90943382 88610544 1038765863 626059108 914957856 963910810 637155923 804372032 392888211 781065794 579455933 349607535 916457212 960625756 921214023 713682824 582905390 348677568 733402070 213326277 444097090 421838891 694060499 630072963 1040101393 117940412 548150699 948267206 929265852 592958583 542628687 110790066 334427685 446953670 1049780149 108336403 345526131 721331186 233195861 353161686 269778322 554114478 755032236 901077646 489504689 186689421 557044924 850493936 542252994 605705607 331483018 833630039 60131069 482965113 977889951 433377089 344449629 442010785 719055752 992826319 1067636513 894228005 479817815 28820809 624330573 59008397 501015583 542728856 269149734 1034865221 424563579 174674379 707206330 520243485 460069128 78700690 678493782 875537608 710744550 285430982 169250061 752252512 706613819 969886943 888376888 687609312 928772528 223064188 744828657
100
462243826 706883807 473806998 117521406 1025294642 431577454 902452556 992098695 917942950 377499699 689759354 971289554 285980422 115172957 420208458 816319693 848976655 665065661 77221163 35694670 961665539 456138826 79284305 521716875 438299175 344715933 697864756 138666658 314284356 541201014 921548813 853982995 843004199 515641397 989153116 5626432 1029921826 508631649 954980 915181812 996991368 627449381 623805613 777962713 153096756 658601934 1033373570 973542656 659213571 276050766 881620593 487827037 448250709 301653180 367403982 217283657 463259024 343400658 147778863 396779775 47587229 120159598 1040506865 1011965471 461440361 276644369 257879474 934921517 1070010214 6496355 310620373 82364434 804046599 113380525 755253505 410624410 586498887 447753821 206378914 726945269 678221091 827367558 2032743 1071043383 321700891 494453341 444740034 716118489 220863157 863967165 610613611 250041653 614564602 383105444 710559965 719780877 456274679 693262004 556029400 174739716
100
776324019 637952733 800226083 604240226 365239307 721867701 208678486 261974142 247886411 865653227 824894445 694163887 821235876 576569677 807838492 830933653 156322156 1022411887 252336507 241016791 388487070 921588007 147374982 500957596 280809305 162125074 260957469 918718482 433200733 440625678 884150790 67516394 805411985 873437886 452691558 765480666 861580415 696465162 496734028 303226906 467889110 34945180 617366310 741638376 517960679 935901027 921553482 555025668 16656937 726724116 863647599 437078836 349348022 570511012 189460529 1061951937 792135371 352036559 938648976 527567608 763210060 357454997 707648625 286165419 59867965 217352887 632030748 588242350 711482954 820684094 112404668 24660058 828932928 214470133 1012930530 199897356 665057938 747909354 411385091 1004364199 202071253 230555889 879357941 546263822 905589572 746163233 267149174 654346667 834594876 920920148 1053297061 479265259 520112065 732659627 771933319 453881024 958566392 774284552 163731075 356580381
100
638752915 302816998 190349182 33120456 358962230 993283681 112300125 152638690 719894561 217329542 484380350 173480367 1016041286 293273422 570043812 1014206344 11969502 199873942 579882905 691092460 298050530 470228380 901772074 745507325 64329106 724049543 945205097 257170177 410229746 1016271837 167919722 1004922594 678742856 31184395 904307654 800844975 814370208 570233569 137053467 111244057 153294664 942675475 844184201 810670326 916024148 767893945 140808502 648934850 719089691 947803855 291154380 67963417 101176248 892284342 489661686 730546238 530284682 211975857 328523750 259505304 642081204 252254825 910328018 71581231 812595101 947057258 574493554 949505843 738360434 521458084 866661764 493487478 940857503 576496874 266556233 54416109 392931162 269898614 36008965 871556658 387123992 455288675 113710722 447978245 946410006 763741746 434183565 503151302 710961873 365214022 504089720 701582589 568469646 233145960 944821143 175618003 763631571 545413187 245525699 578351254
100
1052522217 778667994 950664249 826394215 806080588 16582460 359759825 227710360 590532806 471075920 681976089 264687382 231721874 746935293 1000896239 405602620 911651664 837133105 94013909 123453097 980411013 30884702 299295857 464282304 570405912 303861496 185152525 614065705 358132694 415206904 663386391 1047905102 458895088 702587484 635619234 623176415 444451960 452871332 43161572 282511438 907351527 466079831 310748854 1005082196 121243546 617439356 936470039 627393386 523501904 345947170 950074793 534324817 928206510 338383576 443603763 6472331 814038971 594889013 100389661 238771423 186831204 1072272721 578539767 656678873 230417913 770648906 153098226 694915143 669060526 259996097 735777637 410849725 1009639195 433616474 216643401 489454354 588636093 748649023 783708350 925874913 641072243 83766942 905553540 829983753 707564033 127158566 305777027 794835502 993658256 608884878 588051779 886535733 925625644 660398351 985538676 537672396 492095557 589760741 288873832 657965279
100
1049646289 878094996 294028324 228862114 471725210 84202259 239884177 710252602 1040457607 448913187 32934368 138096887 63308007 964138149 476977682 705134783 506901641 532580257 282852329 12067287 518869828 368327360 318860396 941450094 410914672 281333712 311842407 813597203 487219563 738871364 157271784 375156793 150619158 1025725873 351302083 664088250 804290902 1042528851 21317135 459912529 843845267 494942598 498078375 287861534 969439547 270014540 834812586 528363302 470770496 499002830 740915708 481292497 709693334 44270547 833665475 1044306026 85589686 709199690 114750698 1018757027 608934686 985778374 716057761 1052293646 578680271 565267709 502557915 743730597 73962190 367881545 1033429198 847313731 609240483 199247911 203356023 740865832 573054429 742572474 26318868 486076792 959669131 929698888 1039689383 673713853 607822788 562491580 109123706 867577953 161860897 511192867 164550806 921333045 17652798 101912367 69319754 151951853 605329468 872614071 4736938 598450594
100
144911413 512557581 835219022 313656055 980620102 1058151055 871194963 882357514 973693230 692919437 921590773 336593835 77976401 244626475 431839195 732358159 600105403 301105873 617058194 796842223 39251865 329974698 60765962 86149897 847055806 455966756 133415959 506435998 955072799 509482098 991610609 837573874 895514455 292275213 699093684 35308752 162259748 514104879 49149409 261768452 862455528 570028630 472072923 598397406 642204457 136746183 635627627 451079349 394131217 1034498825 672487997 791330914 350105838 772061286 659163489 374230465 881389235 804831853 745286859 720939060 609676918 530851186 102242770 1042956831 576392944 331579661 18033845 528238957 840974336 259908759 61358353 583209993 881132328 242320304 770357868 702651494 576093198 217217724 522329262 31460856 202182909 984458081 115356834 848781753 726440801 438401290 914608250 948177573 84551759 731843943 1042942024 9548350 360270074 650448107 1045436038 636617992 19067711 833016653 1034403983 575704846
100
957452295 14700323 418752604 267445807 161577690 409343719 631927170 5101122 228137032 375034083 544202776 910643135 531402265 625410818 391830324 493033267 926091223 105625749 405235701 358508752 242232145 332253905 55895548 320850157 132619548 65370444 182279150 853697668 65836301 202314372 786027507 859636147 199197376 903900248 44419130 585531452 885768724 717548685 89366387 626649604 525819821 989995338 545536339 347870103 121040241 713484700 821267220 832883874 681010955 474426867 340544498 61710456 506472044 187050147 404009391 132654735 1055844420 498155108 231095567 211673856 779083917 137193171 945985117 603698954 129228545 515450095 1538533 696967567 96895903 797249436 415478903 815370133 306610986 996469283 275722219 334822598 771881898 691752112 185077655 160900080 1008261353 520215763 150396123 254410630 341264630 24122880 911983509 1048730142 632963238 964862479 688316077 460599025 508563470 90522044 595432587 916626015 31917834 142689576 731841435 321739368
100
78812246 62488272 392027955 127661311 619005871 488839711 850783115 287781634 127783038 732382975 234997085 271441838 103657845 425427184 206566971 206708017 194430759 984418800 502307804 711276671 744431755 179943175 685656217 137412047 383215488 675663037 338850802 731749660 563468611 65072031 377977607 753622693 875024122 806096062 23736608 132736877 71030317 208834095 641531942 207900091 667310407 361254796 456038695 976829852 182638617 975101553 421934294 834760028 779333720 952349440 633824264 92774929 851605018 788102237 1055879224 645514256 396549213 882801971 122571779 403211125 165293441 370276398 100471725 367463584 198005704 1072344191 624172443 425512115 95908317 928014939 1048746711 945505813 267062090 172656508 757712784 751432945 400538880 999676830 293448598 783958968 386827731 231943427 711813858 813010843 819896060 975250672 747972108 932658450 858055829 242426926 142306003 44358743 586665504 674705290 601633945 651582956 903476993 1895509 606305508 369121041
100
68136164 175725535 148002382 312494791 213224721 201439446 500910064 969477225 335912632 53578430 436595331 316488665 851912251 291219626 461329245 853268335 319547135 165096023 1010402067 758711400 905412589 174151841 360450562 547260258 593876978 916270604 305446087 286444772 440572543 651323196 33192135 1070105044 547603465 1011753853 720631976 924367871 586759818 939988284 756332758 258585236 702778878 577192587 627174399 134481577 243502311 224220577 607223703 756587445 1028995274 1008172376 898969685 712572948 132615856 101309869 795061940 415524231 1040414630 488804420 881972083 151726513 118736189 961361122 567141398 288026267 1021328906 229118449 596567906 560284464 418232871 369935615 168430053 972217282 504713136 1036944191 197137003 764762755 136613703 449833478 194307722 1013557261 865652881 978476879 597892887 947706843 533171895 119603768 708684975 333821133 637916390 586754947 584158256 778346920 10533583 659717654 278498108 919361940 79229224 602441595 760618173 984941724
100
463990881 444284251 222032945 372296207 853622041 1065773064 64089000 423533468 1004740121 745446005 643430583 28484757 291393661 56650138 370859004 975437379 943001217 557327922 491061622 724760051 345509896 946606396 252643594 881985910 412293912 374907003 514514687 444724129 879436892 388027127 429220994 1024641230 997195681 546608507 174115 112993114 572760153 416233236 208186966 538861605 886630939 830467480 426428916 520022805 673976608 219048477 1000834231 382835603 787909320 923630973 321591233 694231308 329289235 632147161 243823637 912818033 754066473 1042454035 400218909 288332727 684050643 573211730 707921699 863819864 289315583 556700802 472572887 1030603217 593763647 61409745 45536975 839437090 138774090 197554740 760453122 144317009 67543418 846379744 590715469 455959783 947404621 474240209 925303790 850844785 723400165 1039624518 1042102028 834480896 415560072 745217602 851896876 647397289 50894112 542305037 378851517 512404230 242199227 168688818 788452238 728517556
100
777431679 336058706 763038419 860842728 683408007 591535907 463530121 215171531 488060451 282468604 878483583 628044881 359632492 1045303870 971697762 600233917 100520131 891807276 478239331 18029429 893528906 560982127 1034646968 33417603 308150633 786818450 136159001 639719190 405000265 963568518 797878083 151807231 932127580 399862304 208309625 703549493 680958163 639261590 795888638 290550353 747238950 450387206 965522588 376615442 24005776 561762032 1015307552 406488027 34221457 693196214 691968987 399931952 848555882 397210147 415470627 90859069 104071588 296462817 222253776 963905615 1036865930 542228481 547093183 130306136 482197162 134708600 914686290 321924719 344498007 179734940 803568366 190509902 882726186 839504555 238253948 138166482 531362173 764544580 756707050 155421311 70904302 114334187 961985959 943400442 443079907 728458121 332673321 843901836 891381248 336249323 543269995 63596198 152306354 480531774 395029607 899323479 675415719 959727513 326128800 91176408
100
271000948 933096348 606323969 1000861038 704005673 72277858 535275729 375398257 330876026 496282112 840334313 985575452 145426186 256101895 48199441 354788851 888068322 515040013 387881395 571926716 705040878 194949674 118053467 166569475 734646142 969237115 244377405 531613078 316685510 487241123 43775663 669609480 536013662 708269125 947529642 952408370 19381186 1051011723 926085709 953071790 966677970 694867106 479340634 1042180699 284438868 14162747 974390711 332086492 789655149 928350220 269668591 938050584 247381548 855169613 936905647 947666363 1070308096 56689468 1064514377 839845300 129896764 833262233 880283956 384441013 240572314 244296490 486972297 303198903 694581173 319084345 683566472 227008371 163006093 535098641 897556497 527647465 17689863 696136580 505129516 641127389 394428523 605167208 727134594 663908949 750004964 379239189 702538465 458099740 798581763 291943657 437758651 639373635 233748797 643733956 685213095 765851803 444999272 688203404 579592415 452252731
100
746890154 474778305 346551808 58614506 777736588 550646607 917218312 300437093 477685025 158039214 291626294 252259098 769594464 223583146 107949490 100924503 353841857 1007454257 765301606 659101386 739171778 161398228 143094402 390162696 422426979 232819785 805083640 787108873 364264618 438761451 307451904 635704234 767790625 318908984 236428950 196392746 175534163 233271890 818558967 742500781 388185682 216716671 631376680 969001660 445839412 350891946 746680431 480908995 766074769 80471007 93427159 408346514 285352967 112401618 439743409 158569693 56041398 776707417 273273102 560143548 583115717 428810477 551147590 673889323 321443035 866536494 1070316403 1017221003 477042598 197602652 505800950 15110943 858819928 204688606 350834674 526334864 656711716 1068977599 313472204 448831082 41197510 1045306924 981276081 702884509 1033465336 197769207 1048616720 913371388 194132734 765686039 631615516 864451777 713445915 1062591526 389574475 672021511 354678297 383924449 1006989017 911374415
100
493057196 11133254 552722172 418144369 433109772 151379412 191535575 32186993 240227882 822261002 985659275 449089950 851812183 186602803 687645738 958259670 157400962 695516896 345207206 407812474 75825092 572819810 316715097 769883630 925297109 744716113 323884926 174895132 327252115 663886600 786120117 1026382066 232298626 437619494 369926531 830113247 327235655 971122446 763576783 81646938 680126764 485124968 801031783 625808219 682037152 65263262 952907897 520676832 440705972 236182880 920865562 569674090 1021280670 152497952 422851522 779656573 1040730682 1003719319 1013453518 172163363 179426180 746046 43379709 360038250 78457119 977047766 984493812 420940769 1047862481 63233505 966709178 802443039 28010244 662245926 229764924 980042557 250173255 623008816 48829386 692330582 935728331 211010768 89584024 86235406 775188199 625587095 213500734 149251848 647642517 63275869 584593977 246359919 876827122 571942589 73584488 186730350 437384898 222747798 308026255 290865336
100
1032909963 139010007 583427585 1018916851 1000711044 833394252 509640578 692428429 157214763 663659102 979990393 772014857 547258224 890444129 351606439 970424287 1061546246 543185677 252301520 492258342 595229667 995670526 381788478 719862815 262638276 233337908 1023014719 723653035 703633574 568998805 862237346 732150991 252026190 920931943 403451966 280601655 1015765443 706748374 60581484 1014451633 193576142 769560692 671289736 270966446 261248897 11187891 758706291 120499396 328262061 873281389 575017236 752098862 427282026 941764189 148057298 947198538 909832339 265528995 970593564 774031898 533344071 129672004 575090657 1002072260 117328490 132691880 513672216 752870418 598322977 521941019 217241146 981208307 759127130 874564172 80434371 748705784 381802306 543096272 79189172 1072836056 149696460 349951136 230333972 33541100 29824305 288052119 348440682 572568755 891026027 571962101 720119621 113487952 91769528 335390431 1025164981 290217223 833793565 52754396 341080015 484593603
100
982428505 266399020 785630355 1023969549 537099302 720168810 23977769 431212787 39805687 1064595882 208436058 647341476 1029566181 545795600 811830688 339094136 208219626 373273159 885265307 597789322 338503016 1038808058 442406027 116643130 552721059 290768220 512045528 787921577 368962370 539517345 758073227 805527616 277067218 382470530 717266130 1016743209 249238083 105033661 810951808 274937556 50961001 15119763 263867786 176641396 366707324 135247689 912450443 580331648 101646744 922052775 286949185 393134898 1028934206 258048380 607618829 868874507 723784401 218282520 646102903 142254669 867085850 745723856 254765992 141750400 124105669 591513981 830930415 118870765 98711778 513266685 858413117 897542950 623482981 1044434609 604675240 532124028 882035621 707948542 24874476 385902983 953045729 283093452 939622373 716375715 215133622 350950922 163371030 224141421 699360170 822768424 429202981 134928201 898145445 556609691 1032166492 704874719 4016499 808979292 615354410 927511706
100
568834665 268823200 883683368 171544874 279751491 383688949 341371901 502810273 1066520175 847613187 839681999 102163971 276853749 381214151 40498971 439639056 124991460 784799716 354416031 645734765 57278156 830383649 231738334 993219362 506528322 542046694 65659807 1056004890 877456735 809319363 233614446 174663846 782108994 227445738 415272986 715258107 126646665 625595056 270153525 83275695 768575708 569581840 152722840 1045872448 388105571 321036583 345732828 898343309 225815882 165222073 450847457 377806939 24619844 229896107 646918731 183283153 897065733 828564615 289340160 310840572 604425671 922822907 401063083 471697996 500606662 657730650 973690172 234456085 985311172 942795289 711361894 187630351 567121286 605080147 76350752 691675863 488037460 402854470 781953061 934349420 624852093 945808596 184062580 839677106 304219857 261870339 568949968 835242226 626829605 546503805 926943552 1029817176 873745107 1053212689 344729488 518696308 228440375 24181808 747014607 54863546
100
546234225 547694799 20479234 703474347 222644493 504092841 233542920 335132426 557889891 994766134 310600429 254405564 317903477 1016983190 216527540 942661554 919562346 681336237 603062470 316205793 938156554 596543649 495133295 462176963 480094533 467169118 860520030 724543188 503933868 774682642 423105833 222633238 329968374 209302449 652253639 273923725 911318397 516059762 995351060 149787588 136601278 156624976 556250960 937722183 26439645 1450377 783920800 75514919 1029310494 314672931 485028236 63405689 1072788845 711996258 348851839 372102103 555207895 79124051 52242763 1027151325 273427215 354724421 376685474 720339117 660767978 436467787 728438173 891357036 9504739 497069243 274331193 115192002 261687960 292912049 944329686 581632862 267226443 754718093 724712630 139100784 871975522 1041165168 1069840260 421739054 602298087 621740996 825732042 648043599 76108552 188735153 837360249 773254291 827468440 1040935592 835184229 637828409 241460620 1042286812 768732359 683211654
100
1033544132 69414329 951946309 812385584 1018087835 911852733 327841858 26688255 813626592 978350391 123611342 509413235 605469911 930197230 155661374 369387190 263795717 354770575 414415468 323527703 922045111 219872810 370561332 339647111 976372604 175272371 309838072 342983965 749090727 1023761282 100585757 43605906 736668622 777192660 197715084 629987014 714290254 332453447 966796850 642828601 463612356 279011426 711132544 258430866 814181781 385086475 439272171 868255004 673267303 529451791 60755053 435054660 17243302 1011204253 95726082 981396253 1038008064 543136203 976566828 446503900 246093545 405528080 211156592 240913755 507995416 256589768 298039255 944588698 931159560 862753972 425300846 776259642 830299768 931159671 823731910 91001600 392933355 967107354 464878708 705286744 194895145 340579720 205729938 295012303 982587068 828542483 266313021 134925464 243967860 208261869 794892053 327983625 952072420 786575536 992098752 734351899 288860130 409723607 591021158 211902445
100
846285890 917800502 1044908096 897350972 626458550 613997280 108220924 728397338 594827355 567752474 428453547 359271051 72786492 661144860 203107065 853228347 420532938 339022115 933506874 824444697 949604698 513263089 1069010916 556822487 561729442 696744267 653504016 104762989 877867584 29427834 761227261 896055190 954829107 1065288907 68786573 966766673 366811232 160608271 1014262983 872870497 556298254 1055918364 988002899 1021640910 906073450 469690441 543078913 496618594 181811972 155397110 253182786 407709741 409373008 556659970 698916269 373771778 21002023 589951827 773841276 36008695 253604419 976536146 411035660 123497449 166074310 899110252 178441313 750477814 576240819 311391378 295369631 65050369 681412212 1039943865 49665426 869415473 222384979 90175579 377609511 959270002 962507520 113791989 326793457 312251634 552939281 259035783 574309285 881436069 280044413 19799575 366800030 188346306 514205473 117076014 190687322 113895492 331220027 422313561 238498042 683162731
100
305149609 209999558 250811960 956708811 483953716 119021735 77164788 870826037 361534354 338197676 887258537 582772479 267595616 1030652037 954013607 22623964 316984512 1021196811 486099201 63115494 79212503 492310454 663609102 717591832 843010126 250982693 499912424 5151443 318490066 282367898 13838832 428882266 762201237 746591867 14049864 992698454 109160906 559741907 814128983 31785042 393091116 146325710 389177929 10994495 497198200 761154112 474856077 450122994 948441582 198326559 726944341 2243489 825138900 848874245 456612633 361971818 943251699 69683887 415891988 87779277 513126936 778244224 266163397 618625580 232467604 97522431 318680432 564927570 223655869 349243220 235536283 629635049 823534699 429593039 604126353 952071170 681957755 532612706 887212002 957775250 51384400 476723490 743767009 493936623 645210445 918609609 647020069 597994839 694476892 804519223 750199816 875444073 882444650 821357548 108799787 1036720041 333495528 501769360 586967536 155043840
100
834347884 653790207 196856635 637441678 242882542 48467650 214459783 872166571 558900521 260098536 176022779 1026209318 860582482 334622694 629635599 993111426 38554436 75014769 72196125 214518985 129995005 1028855557 186062311 888492552 621197855 963201889 1025533456 151061456 128934768 146557449 418119585 508444087 970747994 382303939 139255430 424250581 1031977836 626268954 183354383 387275848 56317655 1011256030 408354672 197013936 145579249 865990818 347391553 386529715 693194934 680649277 434117886 36988026 1032851010 594132298 74207111 287986226 767511384 800238504 716896674 303452045 1069393886 751255546 576233332 508568126 78663262 685462055 1042535948 268526976 933504135 754836443 1040251865 135345808 267684779 1019417861 1058832686 2683183 77181246 814229591 436060357 216267809 1069576029 1032034249 32270393 612148656 206421316 856897815 661287050 914886697 422555607 821719614 365209245 563293789 144575002 511868419 33276858 464703522 598498745 917422188 126359052 861454032
100
301411140 498710820 637528517 1043985381 842707611 649551479 713138913 992765818 970707268 392013275 891677451 497313659 590945622 494994958 734056106 67315269 32763052 408175919 946786860 882063324 330762597 754286915 700608130 118334053 711947876 1063504049 393518498 109084330 103367633 509559495 317355780 3745945 151155606 1056303155 52550694 647233477 199618018 985582474 735524104 684963812 1056998826 570814916 133577905 593639759 757206307 426425022 262659496 371003781 763132489 682809783 982457979 546272168 192093020 382983635 252124731 507234558 812374878 762661531 393486590 525783409 668243606 74268795 653896796 613831696 701398799 66696515 791131123 922050444 892440857 582499495 141612516 781195964 635049927 43933887 930850643 1039738137 544358768 913607303 698421482 564823874 556385327 664107616 455719766 628372345 923636323 167006349 438078409 201987621 972136239 178988471 548417655 118732366 354333435 731132778 313638169 408905252 355880945 212831382 24270701 656081785
100
978806286 973992883 238307394 17340893 897904396 169681201 725789465 845272190 296204715 388228785 1067241406 482667677 835826540 491761406 125536146 788109499 624537010 710296939 88891930 274134041 559314502 830988875 563465602 244962113 504659923 644237178 705611543 461449339 652745323 592637138 751573964 652376153 163462144 36060343 648362166 103308844 722327788 885121164 1043499920 107815051 747359338 468720956 252146488 983782867 37966106 321011634 453623856 327063714 135596417 668997984 302564638 319704156 668899462 1006275772 32896844 977039782 650955255 567486911 744562472 581077742 1050299138 441113188 807016645 325488864 1035793084 1009360687 807019609 68286194 130259613 890330019 588695229 747945945 895911682 72200907 23083504 904307218 34365354 135459762 418213268 452475994 717600826 905844203 699897712 233200182 553724089 535283210 247944172 27347053 964294164 912032296 580212376 209336712 237193883 306955875 1067494053 877181529 538050178 801130843 945587050 421148273
100
733169847 601332960 530418856 259780021 122480030 650062887 817673113 416623453 723751230 849305599 538340899 916016669 625772873 260272464 256511977 1007813406 625960051 643253154 809980371 452405356 156151541 749508005 487863947 243697015 670537485 80069035 398130945 262804371 587901308 520621609 693251816 258922104 915381766 741838394 55615798 458114242 688272374 975082012 983542952 1024213105 958799511 646096816 807229499 506175339 637534652 780741374 1048616884 893076470 915504697 49112751 298960921 159237438 907955815 866796689 552125494 665692117 853570212 939101719 497264922 954213933 752971217 298499286 348598935 180914464 185504210 236149514 582703045 1054740585 484072465 765129743 378924927 69626665 654107132 337941736 421881060 900120674 975523203 907533499 837647319 901597055 447637915 520854866 273163648 619016395 279461565 366218139 320627914 547921397 264814439 351698986 635257571 230517394 118850714 145016754 767742910 244810907 274242138 94503824 779045524 770315499
