30
100
885392544 827200198 326398993 609797480 261458571 620103467 687021013 785844021 874541959 162869549 417774268 323021837 405112070 423424572 704297122 711890651 579093996 381455454 968974868 173736031 692074770 243081390 463489751 552689068 633399236 881786328 586580063 196138666 1008254020 358760095 937856089 849382549 22850629 207927384 426657569 38662268 609661808 503265644 448166476 500132291 991763938 596383706 1019499296 117787809 1062773420 824250290 16164119 143859875 843271762 1044803995 871955552 575354663 950680909 603300174 1008107614 369529314 1048323721 863560728 689350183 941824347 414103015 50757468 520991494 337781613 730117820 238102287 952831737 186730953 310316624 830979130 701458227 254251121 646088289 436099964 989110427 58776638 100427677 972733318 942774860 396474716 839902251 924703644 153337875 659386825 722883107 220529178 961047796 133723097 905721361 326896365 672144806 815859893 457514358 744162838 875918098 379083479 1069566279 629745195 956433624 787860623
100
1008664278 527107017 28221057 145138242 98702164 405777518 546039333 515387674 1007924470 258181504 561566790 380095672 80556451 219055726 820202372 750626004 558060117 30200282 774424274 217754524 411773335 832081948 155815928 834334768 263860750 170352061 106710546 22595877 24886509 897950205 544977935 471518979 813019263 618246479 53016370 720807623 18257569 578338776 911996309 116563042 547814212 901227507 649864353 3149111 12065520 102852783 683384728 585671329 927588668 922595407 848203275 401103979 88225623 659613385 238606948 625896278 504341122 499139656 841758814 597613462 210842260 721657771 70286215 846139221 983416949 953094403 126893509 389482799 834960547 241067032 482596302 940672693 622906800 252467941 102014382 326429418 895188673 446677016 435325253 758053065 691224081 37243283 687213767 674061757 103181164 939870958 583553850 735906854 236467892 993015794 845923579 53110235 671813216 77920031 530505273 443299491 592076280 614597671 5461369 549682875
100
339370609 712217104 414846291 241085304 959668119 594571948 321514257 965575768 1038624232 5333964 649565324 389756946 706551527 104908355 896074962 484850966 485303754 550413753 958631906 799149539 591038971 811843370 521833779 656676753 692969883 144627557 830001708 856684616 831302650 865493389 768539817 220007879 225559584 876115356 772836733 468669406 288465736 256055003 959042282 196973300 498365279 395233900 662217514 723443330 667939209 396721600 112322282 194601877 384508061 937409825 268301258 1053591376 813026212 763509290 307607262 173036904 148756573 345350729 711634736 363085478 502032828 326288708 10729531 650585961 297063015 205327281 217621617 995280417 947869496 767901052 263628727 758403541 257540542 713988197 91722212 459047070 1010287291 972043903 466999621 54826 734864551 210551987 329741596 927482426 1015795244 177899835 214534172 981274403 695178408 129350183 784784111 1025384529 310501038 355935195 14886576 711557312 339678853 21569423 190132081 993673601
100
506780110 179941047 1028892731 1023961667 581036279 369692153 779333031 88003516 281162687 379187492 1053215763 596400937 396634029 419074330 664215008 91857619 254099357 212526638 72403973 882446265 71227966 107177 87411849 397470735 145186964 80084297 609939724 18307514 503430262 826821565 1053312319 816452822 571809553 553872682 349617511 319555120 382146403 789644457 1042625758 319989197 1037170881 603620294 247381138 93138273 91328849 934348034 72104325 315595481 813707409 397801043 325800779 78349010 968752590 415142815 377795215 180400927 792501934 442249540 817598350 441427270 673787303 712201875 818974874 167231748 74350725 629909584 554825880 755723973 451526376 675455796 984819074 1029962284 405489859 627779179 606428903 366953617 352185567 463719959 994833510 452020094 422473557 879631819 765832246 838035250 340615192 235961104 163938721 320574750 325402985 281868259 112505733 356860522 534707809 926346549 924328658 234234481 17740138 548496746 1060307214 55098688
100
476075739 773902036 950456859 594487047 437694036 199273040 310217209 927950229 369830294 118222277 676690435 806899500 593363414 777133575 536376857 735345755 817456700 185870593 395260749 532999173 26658405 62452785 937474661 1054865892 502459618 630536999 52275805 734569729 695921079 394313226 400640739 788014653 712756445 1064484882 726822618 118740684 136261824 381670927 814622423 782853813 784241857 30606561 1053180839 533422931 408389557 24915965 180201671 860360151 778740324 1026414575 864841450 913605059 433017355 918825170 903206519 935734128 474378970 833575130 333056521 397708937 1054194295 949704394 604877037 547183758 926282362 904841342 52515239 94690130 635306735 79386979 430081133 768383870 896847063 955865338 10548650 498761484 867423398 522758489 335624317 669650892 855948486 481361321 744974647 138552802 593727507 731605161 233021409 893967942 407886942 629095209 332018356 1047519554 550935786 851194512 90294430 70449400 771683570 1012660055 173095876 872609754
100
808774540 687295482 926347056 319016728 2640208 336994637 830322069 999509483 110465369 276602490 9026938 165118628 593316209 647463796 737229730 240629183 906824437 655646690 427597220 300730029 319742294 83907998 660426861 704222801 854980764 722250551 50779835 39207302 608345054 1021521520 816066467 846736278 959939531 682911423 1013157131 446748868 77231396 141137870 1007835697 354261188 964308799 354718718 482578978 1054998846 726903430 452419295 897214020 973551694 1026598646 771596217 1024668877 335154951 127503009 490857479 249876297 677506027 510955564 51950071 517214488 822773108 690767185 500919019 450086381 844786831 817322334 254606842 1024122960 455108380 542882741 993159791 1058734109 1036098159 927402570 73994825 876693763 1213906 307646504 201645242 223054086 1046793473 111612908 838871209 781954814 630444716 1053537864 189239088 229871894 924459768 767369346 665548318 16974669 24751615 870564594 209810037 166870520 377541195 64086919 1008696045 643994686 808859487
100
1033562736 606042779 74807342 946203066 460673692 100261213 1049009570 487106968 992026180 126338858 893020438 31090968 42468335 834819960 995454684 369304461 1006454872 1073482004 391381177 133042397 205902060 166283420 114354276 498410496 429917775 78994181 823718410 655219078 905283287 844993557 330647245 428955150 966830351 63757545 49715008 695850192 1064291894 124881521 264967661 439313940 500204733 994542575 57229775 322829753 206338765 1049672060 681148632 1066324399 532824255 750119555 162040428 503253117 721673121 537508932 558670308 867022780 482682808 946348114 1007132941 26948249 654576376 116132630 785371814 947103831 391411598 758479434 386505958 647959243 179977815 335137662 253492211 99644638 318419302 433611414 573164651 529426703 915412610 11378761 280618463 904855534 799599013 752756900 660079955 100724386 836562814 1062500742 1064863680 970722660 159520752 808112418 36238483 412296706 449523857 356213887 727144491 402723421 572155692 756082171 465202782 917187307
100
468802500 1050975476 756221238 405439870 100484702 676052523 387023450 6332494 379393824 407878450 789917067 850850891 313980598 998897326 375253645 803448258 140958624 527402807 781186106 78338103 204665010 143671772 976759552 993419489 955665298 83661979 320582496 770296105 352056126 580661482 107799664 443425071 335820419 683640369 272598618 1053696581 724456070 326503501 14049499 500638065 285239615 376659471 262412741 52777455 285722617 479011771 18441085 42325933 264994260 270257546 228227965 966306254 957039171 935861800 691402963 232539432 394570639 445613366 620161697 1015885510 45659473 755583433 602687131 352536166 611030780 20350185 121612172 561441019 349760081 291957779 99965905 358081324 836116968 100428728 506446812 329266132 576540590 85430716 789577906 46964352 758791009 846645239 328069742 795151860 651413782 85089975 132220604 826197670 1061924788 1061119805 1012356958 585263425 661553015 627269179 967481515 1035978020 405665901 109225564 608065547 421100257
100
154391228 1020267132 483552958 733613146 918667628 914189072 881265463 810123540 763790832 456632685 849105786 181940104 986260416 16640075 506381801 8505450 464001226 58264570 436932252 116245315 198883310 248699097 773491164 250209517 408114049 165831136 1072535209 207558168 588003275 386385687 843954485 245008841 612988297 877741084 922848615 556086230 1054440555 1019448994 422349146 983797611 622757271 769623276 703893467 880260487 837471780 499067990 72831726 589284224 100245920 1063518157 274302537 747278715 806302859 739282513 150594007 651999477 772361946 700934522 194114614 526379837 241878645 273245168 579781946 647403511 418105784 1059921906 279660648 598598554 735640054 283766224 488021883 1053289971 726357489 401603185 70266083 651716768 914551908 1009241550 1002665537 353205654 384732793 7543157 753784557 889128348 61463123 285792007 555221616 102633165 595375494 1019655866 581785354 538882842 782573466 617733591 1031471149 22429382 821429387 1059124541 501278976 860333800
100
29984732 155090653 517492716 148896831 774549819 222643155 518464530 1044906942 1011817460 253440292 1027602926 321238166 404770866 376891848 186993382 399959687 994398777 203406569 870988216 61615301 801542366 645625957 1029105905 963727482 819012619 705956687 651239798 362453825 808672061 926873710 1032014079 669053357 7117830 424712381 150710423 693550528 74092683 788868585 687735582 390048116 256747014 252298454 444693447 439691574 265214789 1053747227 521456794 140629605 1008787241 755966593 790809843 551393752 879132457 615731591 886130689 359966293 991454668 402573281 175383368 392381211 871639346 925712373 483317023 584083033 323922316 15507037 513682227 873537460 149143456 509379687 807690498 687788741 981285702 662549144 984712801 267010457 336277997 540752676 90322423 217409327 201825558 427263096 898538432 232661501 1010780376 617028529 44288906 998485612 408556123 885217058 576808827 934342999 482113117 387893458 397776521 1022726800 161247152 820347131 464603904 630712156
100
143859853 223271168 904506610 448326387 887667624 839179517 92902143 533400426 984386598 375353917 173774372 498527041 1052603407 186235229 390212215 874706220 891572258 275885773 400700926 241817847 554506835 1051742543 838589239 955161085 215080007 538974332 1008866195 779349425 478245338 1038859071 685447670 1016130073 9182105 379536984 477340985 664601677 427811144 306545370 588182184 665673469 285131870 224111789 599629957 830302441 123257476 18184461 1017469059 1063045990 947103770 615214345 730024523 930916576 636138162 548242437 85161466 506866514 663749523 311699000 86427297 1009017551 1052369463 738815791 812776644 19624957 738578125 782550088 408905948 919017109 310076600 571652920 275609045 87712741 641273101 669208710 199492496 679146830 1343769 1031302669 703238498 854676165 853089498 298762622 759773332 627618134 705560961 303751899 1012823777 885522844 762185718 896846589 219400443 258887243 528188243 487299600 266016005 357329575 819581800 328969746 67036442 1058402570
100
337709399 516911557 572756322 986566516 83888391 376863879 400601008 1028587790 35548063 813431381 283005578 389277600 631678828 725978647 82141593 655108095 1013944595 958059306 44184604 948695728 943870476 175667167 449015652 417744495 1064873762 347875322 61224278 574423722 783130357 426985267 468296428 1024510468 1048195192 836139960 595828404 165328082 75022707 154929322 472971087 3789729 872973569 9107611 56283635 341737902 411785747 737744918 13330666 513640300 1569260 1000194071 919345681 341118210 853165732 648245391 428262746 479026378 547119525 539114210 348420938 771716564 590443057 871169128 274955131 795569761 297612249 685467887 354321179 107521640 638690567 760931639 746548076 471452180 580717942 575680885 404166722 577676355 1017271476 261350353 626308744 266191113 196454567 747877095 882264763 448782379 616002565 786600010 55349101 951531429 331850970 1069650684 709632963 164398629 501957382 283881976 178653688 573306253 274618044 137252521 346125784 413912436
100
546869104 766569286 461829542 250058811 793479713 998026422 267733152 756961934 825572998 56392115 747353621 861902978 641753307 517643611 294532459 875685231 96662608 1058688222 496863294 428911616 120960395 440096258 543870173 608988341 293492003 655695266 408608968 99032161 576094758 1021505066 457413432 707189420 647611540 96179741 632072087 853080210 193210337 871257743 255764483 1031753442 137082231 329195948 239699920 132244671 1035910961 591145263 126686723 767485475 340851170 380026091 581779415 118680151 692152268 170490182 1056711484 598968957 998445865 865453497 797176147 1043744774 22190246 287482705 410689779 90030908 975340003 786877233 596209959 143081913 516452340 487070990 59915182 684885230 154473955 435838385 735876986 771616926 205587243 90654073 836029234 53543264 995638846 697949910 197562287 758059808 286174977 176633039 37593730 11302814 988240203 852382077 888547437 1019206893 265840489 675908750 126279654 850002934 508953757 185280963 623846295 292407027
100
585058162 242400480 15888372 129920266 145562884 242058836 900357981 944808456 709986680 151576119 184025702 77831847 550302175 243067143 1070274970 997118057 836661214 63415280 640700248 585618632 526798895 990103382 869080661 43320240 405397792 164198735 646055960 804702723 919769362 117624870 497884029 873583636 1027759355 484320474 499567411 388237356 597135077 113784220 827528254 1057902857 595184749 647501909 1063318645 339556442 562722116 391576861 1024602373 270160196 940724657 122536133 350579948 793801440 793153806 776097614 1002213247 23904954 549394503 672061040 819559140 916885332 486023262 385665044 323687065 467139233 720970985 881700058 210014699 737244298 595272338 580634260 219755136 1030882668 975709590 570196681 1037443790 430860440 13510727 252624179 347393185 988870354 295649674 668914241 845114265 96231635 383329114 717914518 172094377 280705479 393079107 265199752 476137369 908480976 159921895 971545762 896712581 950788225 755279485 20303394 1055784797 1025605475
100
565877372 638786915 965407859 984476725 771450581 102701231 20958370 914688551 533813896 254320558 87672404 182118057 86307237 408888991 919997410 206132819 293101421 698764821 982728216 306465620 275497175 231184760 1066815159 1025537006 279256847 733246852 536881908 31402230 566641137 982683335 626931191 286895189 727339666 562853927 733975389 1067825033 904220088 966828379 624509367 281893412 981419613 887659885 786629897 590620748 816150576 605206846 1066869068 180599098 489368083 805822978 939451628 322532795 410280094 586668992 45482826 3126962 493117595 155568083 42909499 549204884 900333960 135199595 71361927 905822442 55824408 71706125 135108459 1026776787 987103410 446482447 1059185943 657889151 468464112 901052701 130168881 678636981 453050146 89489079 176721489 364256078 939877065 916075184 440370051 862838711 853666076 307935665 522464456 909516403 686535302 339839412 630768277 885558679 705119781 575488137 529668946 883766349 1063466061 162941524 122287579 205781329
100
192075789 419435523 234979703 304025219 265496062 148120845 301555235 20144059 233837129 822247473 1007651791 279759565 283509600 873312029 241909897 72942481 169221771 899598449 822413938 668182032 216518245 472291906 409615936 117410058 633641311 76129432 521123260 1013440625 994592828 811656175 902684229 481505260 232742035 1050241978 157292364 26348885 927848273 763154651 469852374 433304379 14176052 1013736493 461396477 797598561 67721041 47791355 761565039 141138237 256718222 960697221 67049965 533204090 886958377 4713346 276860109 1022329718 1069121839 688819865 258880633 329545157 127714053 563468006 1041278190 806321836 37495011 783468924 11900990 712155047 1026883669 214401245 585047310 39080675 561074360 662497156 599397657 202010052 1039626691 403259995 846594987 248435553 492857851 13470533 391654438 214431491 376335677 743676821 128188545 833564330 494777144 217523861 196272068 268359048 432643568 432243713 802497677 668089987 650129469 206588553 836141966 769750711
100
849787474 1044363788 742578162 46887446 528086902 430935138 568093495 213439990 37491839 65344636 950999868 86861585 400157936 995450972 107329259 197733859 875024316 157704345 231850980 464530106 457767373 682174171 591405306 815397948 26992766 665678944 684685490 381670879 267734050 608737402 322077639 623036016 959726203 476684047 176692137 384061069 91799875 450154264 104013049 363546411 914835623 929069346 903617038 206510096 270742982 999101904 621206899 105070169 510258486 1033024598 166050918 897393398 192468352 759019776 458537307 902709545 887628191 523561897 489059960 166501643 954493829 478336580 221050902 463702535 569450135 494695255 1051211590 1038532957 798863916 543108219 1023706185 214026400 968340497 1027614942 34781463 207464505 314811144 841411520 656686042 362213858 499554628 594363129 1001705840 870192939 44746478 901678450 395067372 358354936 197704868 944775591 293716244 328552704 1046447604 254639148 1061897445 671421008 788894694 783359525 100828171 359327175
100
42283980 239723114 734305687 160525311 197483246 574300568 305038026 829731316 454803822 378135392 790879163 171030820 217289665 595852352 484033177 888281944 387627889 1037669867 346967015 603285195 141356443 307700169 568720639 15186095 341969264 50010994 959550090 1015097256 630834871 655465271 129373961 968359503 1002353738 457160857 697387344 101696944 173704852 564706511 1024742149 936320972 662025754 764880197 892260133 438727192 438070767 961771032 583278720 110190588 35834429 806542490 702879800 704451926 599942851 153592276 1026026566 998072564 451624274 752708863 110657013 429563677 459396175 514545162 452653157 444757001 738508085 866502680 828018441 447043172 1020486416 257569791 505349162 1015736783 277883138 1014928073 1042407265 468134239 873978049 975091766 327052321 758800924 650666263 20018489 320198699 579206531 680584289 431983223 117549591 887102469 461707025 302410443 929990610 569376646 135130669 222350789 10046746 60638687 470916557 721359398 434663940 662434652
100
993620069 391889271 851397950 727169384 243662125 466378670 784172089 143596409 891059165 129441978 290336504 392064830 714211590 764096254 864916629 174194100 1064723697 968294833 818857761 203216365 222135831 166568800 382111266 498858895 605969318 610158697 658055439 10544467 768727043 483931520 716485078 508382086 861641538 991229486 992134999 998917771 256275888 581100365 1010460647 82099542 419347018 304740749 790434766 735650802 20209987 218431475 766021577 491293181 711916162 661192277 558333832 319879463 71135265 982844383 944427057 602088375 313235695 1002716560 873853659 1034904325 384277231 232545469 698869524 675546625 21044695 722619790 894113116 116846507 804015506 822033788 829815208 292849048 20098239 786428378 942054880 621670004 721139503 318271049 356705377 555786362 483873898 961932097 398959227 980500478 754194987 728308879 516983539 311676388 866868960 355649489 381872259 700130854 76356651 301771516 438642774 847892049 655728995 936948439 283980940 683545608
100
912294269 944742076 215186304 52481147 846152927 878287469 267615747 334390282 97508672 736085915 214931565 136887274 790188983 915131705 591309234 314750324 187932848 336774057 767009110 981190327 658424427 987656005 285441523 768761078 383132540 196299482 398498743 485494567 1072320841 522019368 613503715 284794996 984285839 816708707 118482509 996987582 960196062 592713397 685883871 594938133 673902616 962178746 428083477 711440961 502006518 567270658 950760835 465417021 1019446147 745783186 542213453 542517686 535447711 206976099 952695214 936025744 165349757 282092514 309568881 236097633 252089381 596581230 972262267 517602804 627594227 700381150 1022446911 456505544 380971030 497246200 1053944136 832538511 270436882 354569979 234211763 727980207 803472446 823062294 593175218 233620676 1043134535 540869614 398303498 294592796 870626731 950478108 579692693 181166649 261283903 674351277 676815553 371887699 1030366890 634723744 930667792 840007636 84363495 456636012 322467734 894810074
100
906232695 379478910 1012596920 1047842413 797089184 161870213 972611701 590652112 541286582 1017278589 344644427 269054524 618616318 519134156 450266665 768255185 807235249 257153514 665938226 987392771 637800059 361335527 1049670204 252638232 44131838 235316962 107788114 370930861 513056077 299854995 195184947 305560882 446811761 239263682 482072016 904732777 450547687 270456781 692869841 158231019 19320608 29842983 88483857 481797283 103987968 968580307 376926750 1030091088 655654496 48274669 1024898234 69446920 489360013 936449313 998827357 317466544 1023750598 605259826 1019966896 178236036 676942273 525955957 472655379 329371286 911724070 1854803 1010346008 310125382 350378771 338957258 235933957 113190095 745674646 121711341 629152855 530285242 1068922934 232288 429407802 116242025 389480811 116998364 1016890897 11921806 142725665 970864817 696406260 37104816 263257658 686252095 6343725 288423341 22067465 1003688828 780093370 285351475 300961751 640211825 166418639 546028101
100
54688957 465620049 288480956 857560920 737695248 797796699 207503299 366023392 957025969 561677245 843468635 12510481 782537977 807820920 435004373 874166905 1049259222 173497923 530493018 1043630233 668683849 737348617 475251046 1070397539 1014109160 551741289 902457161 895803587 1028127069 802228533 876284069 1007784211 275786212 31888883 804184819 262138788 210149073 401997919 909004542 789598268 917261832 12262375 977360741 733304467 426420355 253427501 75276061 645880021 202926288 42841737 378836974 641650211 463057296 790349445 699468017 15168785 110459898 899251807 1073407256 152981033 679106133 134879882 10383782 278685287 1072460417 156546861 981187763 389050812 913769583 313856674 922706857 761869708 815460516 210903032 1004382666 691192623 915720891 329542002 933879463 166756979 930358240 378946310 444863658 282987544 22948181 864537823 156706701 566285395 185963248 539018716 794890977 926197068 337764763 303705614 788502665 354216352 842001876 829012286 402339644 721733343
100
410587492 382365958 125306895 530832838 169011505 92758471 345954343 141396703 267378310 613524914 363220117 259183941 671952123 102141904 62898105 741709015 37171289 620343419 952171367 25419789 309442336 886549475 212808553 423742063 673719554 907894924 717148155 792490779 223307110 1047354830 697436237 81814339 736341478 852339284 566250757 418200749 460067025 643291806 351306426 662747185 57532330 761624447 923798650 135459903 855236007 980595871 309372485 406721366 683491891 120682233 248975247 594225806 172002156 562473822 449086914 549355535 876486821 829156593 361041594 836573592 557499621 837778346 533500743 107322105 516544871 617382611 669829550 691434649 757559320 1029025678 502132776 98263536 806497821 481040204 991188834 633092110 185531978 1048342103 798801148 1038550035 511742891 582782537 414807562 663714228 507296767 371412115 404384150 110997949 629768760 945070327 92920603 853948553 1068245244 66853903 979895564 837119116 393463079 709864900 638550859 806890698
100
146062295 829197746 843831133 798214942 478251099 928055950 679450610 418019364 504686648 1045381406 623969868 704312835 431901098 807785497 1026430144 189858329 842009281 33942565 1028017848 630909689 896933855 540977761 880109361 649003754 313199165 924269276 174135100 366797414 199564901 568442651 994331776 120879773 890641081 546375831 463579062 145553392 769068523 861610812 928467756 391476342 156929411 590524396 955119939 100235898 83835997 220270330 121471729 31676154 54305064 1036737200 817923648 228998186 1038372072 162279881 221347021 488256495 133255540 365711863 927668810 955507301 73402360 872677982 566622972 866261082 751314805 219106839 334340669 73086416 531835708 301928110 191285499 277109887 870910327 366003877 436272183 115110480 992819616 1060588527 397249416 857011171 874908424 970867317 703973270 465737482 677923666 766666389 864719007 265272652 417414389 167290781 935802100 64665187 672718269 557716053 524394365 53072574 654736714 711625586 331470385 52381184
100
981490212 456837279 458676607 874071892 835879561 849243753 1071083206 404444341 649850935 715601347 503468563 1012302754 253849782 837861880 673864921 616595037 155745795 150600165 788326463 82466814 734845199 367683197 589729696 204296946 868152382 791994691 1021166346 926545784 1060449769 1030853331 305998271 855865891 31054556 101269849 412603574 574714459 138420440 160165656 674316570 67231963 772382994 567068900 486746826 252020276 572977842 891118760 444280536 316705097 868019542 625102818 190463498 353988049 695780236 435875362 840949596 767580889 341634395 674670478 28000892 473477439 642835131 542205793 16523853 707719736 335390232 1056008808 809334629 938800587 817962707 358636931 8649358 985559379 46285761 1064946730 854226760 175623680 74454442 646504165 519433798 439439191 670394827 565144019 862685165 458787246 946570325 1034963748 153304 423241905 601195243 389487007 966453846 260441568 271488808 1006052125 904311018 466587406 487919895 943438604 245967562 793017571
100
264493293 939322466 320067931 252640643 570623701 407269582 658462278 363685597 589406192 465484899 13693894 229566628 609640186 281005862 833550035 110327976 527645892 356312915 294137786 336427567 448765621 17863640 345149594 68057200 58316102 67802839 437654502 851489049 244968069 568825896 570290918 523726538 145735827 295479252 99232821 853554072 1056342054 144740507 662395460 620671883 351753992 639433327 47372758 45981472 727025302 87121143 964771970 731790791 899531329 951173645 928850741 22075493 1043521040 369842240 133967021 557839316 548523293 3724627 281576447 1029200735 879161363 384870588 686588689 282590023 967750583 158793254 898546976 1026394944 509312860 264081391 102257980 305334516 377156461 935020971 696231111 609026687 403994599 136690335 449917434 439922929 29039323 888559686 812709472 194175695 353156849 90542288 785249625 543274643 930650592 373665182 1015161497 556475687 484901623 384271815 991467686 241327214 421302680 972226711 888414045 624290236
100
383608843 638583405 789099608 364815455 602377045 580204506 404736001 981731885 63811934 58578556 290385766 63423955 496196415 247520381 799940269 371353750 404018887 96486879 346140141 686361297 508076281 569602804 666854323 663198320 73046154 218619620 324685697 761690486 17498215 250750506 62878794 74804343 838554157 27876631 544031480 934664478 215146671 394704462 365946087 475944105 845498996 646150470 223106663 762413672 340048951 936331468 547639613 920797761 6947685 276347262 754779938 379531055 836530338 86128720 689089603 186609086 948144708 805126411 157471167 541772433 629968598 226878665 207065133 215427293 755877783 431530107 1069384211 997540075 416393977 79463267 806260336 208055962 997445410 993764762 962298675 358043610 238660718 199487115 551452609 110359346 122761195 684338038 897593203 637031994 23010779 547976686 886690837 19821602 8864822 825813596 427696233 303637546 1012432165 17935993 110289570 293865512 424051080 618612696 1006993129 494062341
100
282346074 501496284 698986304 285984935 1016932023 547771146 709455209 424975652 223068412 460124024 160981671 965850519 234141447 411489311 55775027 691136995 486108941 1002500203 824042715 448130974 959989269 1028503741 754083200 228777107 127735419 122507498 799117720 441612609 1053560430 994084539 986031788 126575449 601937521 66100331 784149979 218824771 679217118 529916716 646535766 560676762 127464286 1028072866 346666978 353250732 870692722 536601190 625944921 117003771 127379182 950752900 461387561 868939198 720764792 273831933 940092883 976420448 336916493 703201350 978226285 865724416 393932669 999892679 879117089 719279088 1051353834 1034595166 1023426988 240811831 1053398093 353538265 50976224 898008335 920844529 244049791 672881186 906260839 309839862 916031368 269333484 249373537 173990095 435395488 89203276 606928853 53084612 556530536 719281251 547582925 898322033 160650741 904069096 360728327 578102853 883502159 309219235 486063734 300829444 648059892 668680690 372149953
100
331610450 716103495 220372675 788956406 197212752 186249383 72194569 884130771 690565318 410058284 549999447 582950898 715887872 590716293 757987108 931756090 47833151 9113713 44174873 511149286 981137208 321925959 715411349 101789191 951690387 660126578 932987948 362754560 599253869 1073726957 625391651 814226440 324073942 764261835 225377782 48597675 1058300756 652960433 547225811 134989386 667126623 660379482 497624860 419276694 1004296162 79421458 910886121 369544729 502956992 183609660 707780228 737552045 52021581 717270477 622852843 179487234 369286353 859944398 405915217 539294493 745355017 514368733 422429853 263056851 564113318 875354284 244208617 732380498 429516747 573495169 298139396 732244633 118523027 1022709429 1018241009 930413307 231094664 1067147573 174887526 605138593 34317101 101336580 249640526 755566340 359657846 941110967 197689927 168484214 938238539 119975415 352609829 1033685402 336890889 819590659 158973293 522983400 336951296 851707691 550932955 804786219
100
1008514646 837692892 1066306562 25643426 870396797 546635541 30727522 958451506 452253742 354830554 1037501714 917126086 723338762 991798967 701970733 138728690 351524166 124673771 509066148 139264576 673600302 847414504 119079098 320411564 44109982 621538261 507913606 953610278 477905031 303098124 189380212 580016147 667330160 467592860 872728004 950945741 75994354 751617480 744641034 408612382 982662203 536285573 897645740 215124681 67389580 828375296 720179303 275192065 881447099 807225878 296015819 279628272 851481778 410895323 971064250 272453426 173313006 256956692 165470701 134739287 380617729 851036860 353575791 418549348 660049680 406372995 414315296 911944786 139526741 450082122 322411571 819637134 170312862 260642216 846659760 807406968 1047145676 292968040 8134643 971809508 516534357 442252553 218819883 461047452 1041670595 124453949 246576604 702212059 869547827 1031818858 464410717 353084627 740954327 457238572 672172635 954185000 659789684 179854033 736980820 770892916
