30
100
665942989 925190672 146608951 913859693 691126980 420205818 380992585 193702721 612074045 802704132 240118140 693128615 993194823 294426063 616661903 542603589 683161458 986850592 313712645 122265635 102917460 795807587 663704998 800923949 148874501 453952038 45768956 587825330 629955746 859849369 593303767 337195240 550726861 365690389 599634634 293333605 6913323 549661330 559093675 691770535 1047877861 199931695 117868567 506838670 435641128 493079726 727011563 83601117 520219557 766762484 944017356 477811900 164956945 294537358 525928352 1022378041 942600102 704742695 805635347 99093186 878948768 233433107 54416147 172738476 101582786 969667016 321797973 398546096 476779470 897068895 36548302 484196968 380845840 689613591 142557754 535022807 654452436 764931283 1014598296 774857694 211785963 1046055575 756239787 710656968 716939307 351029518 319019643 635084223 284139756 554814471 820604370 10408020 588678539 36165363 388474560 535244795 776862442 554114409 611322648 728358796
100
196846499 136748016 643971268 229241600 1052290814 1341989 675497154 315202701 426395262 119184084 789628042 229772678 373703495 785812450 60868997 946502369 12513573 711673974 776461823 772970262 230244101 618667386 145866152 603668130 761823098 432512541 266903060 125318279 665958713 186689619 936183611 410840778 376997789 463698259 662715385 156660468 460819236 149738008 881013391 605307538 25586159 1027156962 680271136 913463221 326066246 883031218 475300405 223752563 347496722 1041173457 937551162 422637668 854836834 877516361 923467518 752386853 950309351 671155050 658212407 682222297 76692855 391768391 834177020 201744291 187964301 1020141878 736579657 394132781 833374151 842738772 358146686 574152484 608315239 573188095 563872224 91342265 612137427 86348378 706202135 152279585 758970646 894639820 712038319 214698774 897550940 918788737 943390871 19216725 211746425 791339240 1022991524 611873822 88171107 737271859 397434383 533464503 642637748 30715354 830913011 267259881
100
92187416 1061150928 1063155841 836603685 416725356 529090315 366601681 621242415 216891162 73514347 177720108 666327407 616545192 471538078 915244397 136114997 423537761 1018719922 1011386225 103085427 458260693 715838876 456234648 174727230 884662103 841926069 743118664 792695888 355039614 818674999 918317418 259441545 214085796 448395716 45896939 549646698 838617706 1043005664 296519228 970736536 883045682 79673458 712514259 113533535 742481060 967135047 965164456 399419692 73961002 689976719 467260345 709748498 91319667 75851102 219887750 67743558 482572531 333724460 415304341 1021131171 868425314 618847830 512165871 471978791 417259321 344930715 853146273 29810292 980190520 136741791 604222781 758735952 927491811 655710059 891952982 377304101 359185408 783441131 812864007 941200514 47645210 108364142 165725293 448496536 566325505 296599594 749963304 766478269 76971848 435649206 896243166 966070253 727480006 334848398 179579321 82666564 129440022 772664467 1070542820 342369925
100
254763912 726778129 185557654 947979884 702314134 625192694 280309506 833278972 235103945 804528331 256171381 659294835 845266576 655704014 165264196 770217408 74881601 821097407 180183523 947586197 742752402 365473636 665818988 414489834 392940321 296897798 639221535 175865979 222994158 763624178 454023644 240705861 71791836 731985914 1027675818 449398285 778383923 498786289 20575028 950066905 968347937 148129843 43641927 854976884 259299636 354380826 790543958 524494318 849405921 662841738 581383670 649354010 1033996545 718703974 630165602 634317583 606904143 1060646936 151612408 736655272 224402667 1039180301 793856185 538810116 268356570 13953079 669227213 364550150 420865667 606472329 705913085 642275029 193806387 172402303 581200183 1001333085 895745434 14135187 994770190 287419341 228318540 118364105 1026767928 365040920 202707010 492021284 837942030 137558900 316449366 914673966 813773583 377921757 246379210 459123572 371852125 171843475 716422338 283631624 92160318 206220951
100
452706046 667130012 423818803 1025480768 69622255 393362566 306082927 558635011 747024505 212412333 856224156 449113794 24374460 515501288 446694605 555733653 671002590 808327088 1059891289 673110136 345992840 619191460 451599963 119532748 44293480 339859975 464610610 886234068 1043164589 55224381 587955201 58190393 1003673998 361167442 823572272 271121799 154583235 215191154 680977641 636441773 975525130 592326258 921829788 732418177 369825444 73793606 252066939 301452346 836149461 745891465 302779391 483689972 311920231 8876280 905335393 308221743 762068519 36363511 889360930 253164881 428941159 494183946 376124035 1034236447 295857787 831792733 745395213 918672456 828602684 513460029 941077771 469131226 899466120 358171037 1066018315 373192395 602096575 544501394 128519777 1070152049 677031752 538159063 241533092 643641098 667211530 1003141194 387342127 35700277 1013978099 547445869 378605729 852047223 349619061 995775206 284443742 326263736 855757828 22805759 123127563 1000390851
100
81563430 667707157 305145289 520512050 53727598 242411819 758191583 1006920271 376729613 175705280 402036347 432689527 900651996 106012810 1054251003 738680497 964672218 646227718 777973278 565765387 751560873 785418993 167827592 886728727 197920528 26043344 477436739 1013489769 902405751 428100201 710584121 839489562 3133038 850181448 1037161147 887871304 198282790 847385915 940974589 867082388 931626230 81988055 341352343 258293154 226968279 246236656 761054469 973560732 320241897 193399844 93975336 182482864 880497132 680061778 132348612 63986573 558652104 834241307 886650112 175024618 260205317 881678440 933407721 677608192 99462484 232569315 716624622 1049037067 15755268 906081404 733106021 916090060 1050758541 34609125 998134021 665545226 28794121 1029278487 239729258 292899852 618746550 850374859 488135061 189846048 711633013 957766658 15003753 59059224 240133710 467129470 497077551 873203400 52822762 36514630 696922899 35301513 745640983 250388262 731959972 369237433
100
217059628 574132824 423130425 214424083 556108077 552396550 815598829 712239793 662424126 460766314 961146432 441759873 337442619 19328420 109329053 981417093 782845763 50810297 530425847 25068003 23317049 484720657 81333570 495863397 579026245 1069605111 312737527 391719674 303624017 175619612 850885524 790393907 54506893 327819029 720480282 626219718 193261548 627039704 33201294 575400975 532520357 880398147 570835064 977762954 968458674 89701269 440743782 503881306 1048991572 773514995 534175082 569427397 20256397 504506853 927880088 672093622 173230244 466917846 1875082 600070714 545942693 948552087 863095004 534300419 722955231 225864156 140981167 707676136 722214500 923333053 394579754 174629219 881647500 652752695 133398772 858956049 92025458 348589993 149851836 805346870 323384949 201216087 440801970 728926775 767536057 305096427 788836363 213356829 558188452 695304687 92921728 345328153 378935649 1053509972 682355663 351565818 185744992 737879789 766674489 404052408
100
298852085 725392130 248351469 777759283 915748997 358821365 661746775 933768122 38893087 598427357 21711960 454479591 685661734 630779405 180463478 592690173 269947747 854931673 982489307 539325571 111279490 890856987 1051747029 167589829 773259666 517016239 769701719 209680210 293882505 145051127 47679607 955669372 1066639806 262354519 714631406 232806363 634541933 82773434 964787355 890032074 417184567 884385291 754383104 368626408 729162911 190129597 969815491 509458841 884640654 666453060 165301551 790907267 739160271 979439258 893144241 808274449 258856596 679250875 911799643 698523891 522979567 185170217 295046244 633491100 409466458 167384936 742472613 173376195 1034901552 62457475 407011870 222675171 731376433 698102405 746337391 604116155 760150018 974704641 469405023 296113870 56716202 164259979 542428761 68583651 356417559 480180029 903999466 75502214 339145879 683283763 446882372 468944262 754636383 1021392399 990141887 822596213 47700232 746779766 970605394 263849259
100
330002064 188124446 16441667 640832078 1031254668 738053860 329029277 318794895 937048858 442189449 1016235482 99192826 667057135 360086681 11867363 685150105 16350788 353137858 779850595 109037533 491097432 466513492 173944648 36136730 245822186 27800776 886176070 874792456 817873855 357564470 1024522580 515854403 767081506 1052894685 136336172 488996044 590687326 512284831 801536719 611341959 338163014 1073166722 23296255 755438779 479958191 380696624 282935236 551175061 750731760 707347320 672272104 960232613 684399208 66439627 931326075 223784798 730684920 806980031 287839567 813988250 296926085 547959440 581024124 638128149 605793656 275453082 406223070 502281965 802219581 307536352 240266130 621988393 443075783 369589896 997630589 813979182 166725899 196092253 147880901 854278219 128393344 1005061196 602015573 948272943 489104037 444425447 804666206 484172653 197092731 356685029 575518929 191229951 639521287 575068832 3661797 580928192 77021394 454746517 713684119 1062702321
100
84065000 505828133 740957109 68931548 3632605 361084050 797044884 305819459 983177312 57967398 948529660 504379444 746233726 863387371 970750907 94784591 408154090 947974705 385382279 111163315 10473081 922924554 665609590 986004869 153368742 56837839 990637190 985052272 56382735 41134233 833014550 962949920 937358325 897440712 1023860587 723012806 417636288 535208320 280412204 320183703 743390585 9654311 391308519 591521613 634731855 763738089 208101002 826637732 473062163 1012930356 840703978 621495006 1048571579 113450812 938595903 749368384 823577826 95946872 236016038 839747219 60602182 865646371 250576286 115872420 69164361 539488188 524806540 1003344324 224324722 650877830 581951799 528263752 279589097 52108553 692327756 866896906 99501566 338932879 154325979 1022483686 517723810 998569128 757387480 865350974 339996140 671565478 1053195931 55651447 655251349 185499426 989066848 947352954 946573436 673874549 726233288 819759923 790906660 768080192 924470870 662973717
100
142808292 1007726579 973794197 582996719 794715147 620207979 388351147 184443339 995079965 57788398 499699796 660460247 953488588 127843984 348585234 1017054282 109297289 250665673 184343658 760535294 1069761804 699768565 542670693 750430449 656846032 621981908 810574608 1052262852 1417876 494494219 379284732 120944447 196591579 466798754 255588286 220152779 693362541 98985861 53473136 1069578486 781550036 951936771 727186990 1062207475 678052320 973364562 325568666 601270807 426334499 195929864 787561049 1070502237 922170486 324423587 584901268 639502563 446109810 892307971 501309560 223354219 421320184 946780395 449568694 70034907 900763306 159778691 799778051 236053437 852920687 883397081 489859737 665957312 401413875 22355291 702368949 655642165 500336164 771645790 884147735 604149650 430254262 686808987 330448005 406454515 684681120 169102508 37297480 822868116 366077853 1061849236 469600685 508226136 696106413 324151092 560337797 78041157 546354065 898664663 173410725 467358470
100
791708327 1019122791 726760040 631945402 6199093 344384039 169274845 978332633 916700917 178086856 21808380 941653890 731955391 826546477 846194686 817182923 28056144 736751039 756875331 465140881 571766983 19080429 842135755 514638833 923386152 630380200 1013911230 295149776 426682588 651656163 150565349 115642965 823451183 768379673 73495854 818866537 338018513 666051782 856575787 454671678 146385494 101961709 640772756 335605701 702531254 762005137 279135936 194396726 395869389 452219452 424405040 620525964 126117596 35698811 452516101 825398022 38394630 580073311 465746309 258017448 401802196 531403261 677666970 987440568 465995954 855485679 707103826 591817537 106743407 724613842 3875424 127534227 854824897 154892486 532611226 820530113 188919231 904690417 1067539833 371482145 458389605 975538428 540391580 643154128 890740499 475335316 272456517 854332716 30738702 100697066 730949850 941940056 495351294 477241908 835616613 229986491 517318255 131815466 1034151957 506085505
100
1014925961 396908475 531631128 372456310 967953555 433471310 758425013 152400410 449621134 454143079 185968333 378622295 106106945 609860037 382497948 470920621 1072636282 59215819 491418785 146546561 571230858 700249341 402084128 6822811 203768518 635727495 478367135 540056486 588720904 904196278 536849257 660756147 420198957 460005244 166665742 499681718 315390357 459939568 943738849 781864968 680595878 297137100 23361144 361401315 815441481 207188974 905180976 700210921 976110443 881444567 529734567 144585374 532699518 626619951 1057543744 552423657 526600693 848105023 398038690 610536599 952828875 204689013 720907833 886340056 678932477 501410276 568247476 934393536 936996363 46127041 144825477 424264647 41885819 699020263 714041188 791800906 10635606 255373140 304868045 396869384 530708138 90214570 757052541 703108773 826195718 451757231 400957176 163689002 44682753 388595405 561047046 920313219 1018757299 677112210 724667186 1048422912 114430521 368666417 641387082 215693012
100
28238336 309075426 957516185 1021087565 77901048 282678225 226064074 920139688 10318904 249573809 1005197896 912916852 248692098 194914659 605478870 67225954 280033469 1035476361 270998429 412525864 148185201 732313099 303968937 613122046 216918606 485868691 986665833 249218850 325224357 657668368 962575923 677062228 434173421 1030628919 278502845 925848666 607510336 361321981 898723749 783478653 487590619 717811230 425721067 544631307 881941921 558933146 368239218 857474771 852454041 310641714 875932034 875029932 379949932 377143535 135622729 706027502 58374376 855317660 757146197 608302327 853310335 883710791 80232731 646252199 420613064 460539844 897203316 914204132 772311805 791332906 271080219 15806231 372964220 103449172 804008752 96958126 964149575 55414880 500478648 964183448 799388292 359351604 18593818 318498252 233486333 242483444 709245603 227589826 148241824 1017386381 368116483 1038615032 309310208 209632046 441185230 982214510 357587922 511907017 277209597 1066269226
100
667763863 833289578 635040949 522915419 689279121 213371223 1051569565 332101810 62887672 836936936 605656049 335751356 954962637 761127844 395393992 510570084 716943449 840201720 400652986 961913014 205484455 589504948 807244901 95346278 146219781 17844876 559249129 691822154 253845383 503597720 824641389 622890972 457483652 579099348 394034840 948915129 161938199 443681697 1040831768 24925220 2466463 944852290 73089055 661218691 958324543 991365216 59162080 1052104417 190826847 688014983 483570199 1024576107 491270953 541190822 920883838 167177715 232168717 342423955 759341913 810077040 42875453 770929285 508543979 947825020 896075057 660453272 871385854 1022950357 306701349 831555148 999093088 476341212 798154134 530808839 573626464 139215129 838556873 406340238 836469333 272552373 932349508 284168336 1029178135 874832638 983931987 649988635 2826884 984551911 957510532 1008203045 409639677 49978245 285603627 608671236 680486374 181386643 810991071 157194230 529864745 756786927
100
680461723 502812340 780662810 820949534 921325941 778447606 139580348 898858411 1053355631 288284518 63078175 1005216074 207386707 701320188 585863855 619392869 237923410 907389622 92846720 244592812 613249409 383601685 858326728 201402514 959131990 439182237 906087520 313420237 510443567 659743832 1007490375 811203290 607098315 626879828 106275103 422890102 100996558 887047712 143816110 576058406 354854978 503343955 1031012191 144839856 111436305 607562501 507822526 949530272 479214988 154456404 515872768 666476228 925360871 685958369 138249592 880058544 960430266 7435088 295507491 768926523 292304001 584707532 461721373 408595712 666534685 358487424 182857514 28643550 635527506 249067551 366526254 961393273 239422535 485489757 960541365 265853622 474149385 41975411 936482924 341449795 914811399 986348703 895064742 559204365 309591447 758895521 997445592 823226823 98173040 98798400 923015965 473121898 712980782 383955651 136223922 436856495 624843218 527191417 272413307 374583191
100
354832177 81889405 878832356 166655678 352168130 789592418 600911261 51481723 817849477 708148984 1061665422 261889541 654889686 661058226 166459077 40678866 861980310 874110501 75820566 357133497 210493868 95656844 1064757144 390484598 393081215 362120773 51251750 231728681 218782590 730233682 600379616 576462551 309696920 245098969 479596455 889455592 164218564 923038628 355682212 847762855 862993275 89529762 254151617 444581318 257047097 910299236 268023086 951795671 230861823 63957153 62433246 856736211 137555156 662869938 1053910791 857752727 704948287 990434326 987347366 566899810 705349071 123410928 635559673 542964057 898327955 745094020 541709059 700125188 903146658 767132094 290104075 201044430 699933077 446389418 245748253 961023368 611932424 986686461 808242567 83300326 604680733 583559051 202535262 2735104 413229816 350375886 87596279 258610131 670569796 523865702 149673838 17731774 785404588 939286164 364839970 576990213 59048291 878515645 695805750 266401618
100
411419629 4667922 48317743 262436115 690971729 597954529 766599565 285283715 431922620 598231569 216390208 89802542 738726691 968121557 860116864 601897561 421413921 1067885478 1002374249 547469004 617282932 454002110 994346876 713951318 261511550 940944027 40274716 169343814 897405124 872169091 1025037842 227272948 163175027 595412730 84603914 7001142 171875542 896141133 157183507 56399339 935865825 239301898 79401763 982194548 430302121 498908294 419877009 813214006 379335914 458872150 238590617 1000557337 914532736 194782934 538567900 763833612 847207150 728710309 1021782749 298983806 335676634 600279847 354158725 215624679 81831310 866468866 585720479 950607165 490188409 317536929 504897373 942620799 770688172 751425716 660238033 409933614 17502558 881205934 340632437 1068770767 186393193 68471878 732863140 455528554 327703242 666197238 260224286 860833550 729281316 912876671 154623880 274301515 630557246 455851875 704260841 522997686 587154817 1058794346 936080687 413494888
100
420441118 772645288 76331903 1036194398 54214478 781377929 303066780 255005825 468148623 510364779 668755556 335039710 576610998 267847880 1042187519 463870355 898304607 167330947 218766492 1072362081 368446570 834059613 447507435 227834160 286641528 475601281 992225953 919935625 136460146 303976441 646850040 1064123930 417242627 471097654 540601644 93980470 185316121 191078284 183602687 82552146 158567272 124356531 779837749 845493385 432124646 371599687 579135257 461909529 983126352 12459849 195802103 70084836 194731684 739448989 392260768 424520176 659482533 1001713802 734253801 823903463 589128283 464344893 280617515 991055000 1037374096 468191814 803732421 886494068 560168531 507092248 692921238 856996882 12186233 910610829 580603011 263297451 118363927 13533281 664581367 419242142 32019465 639111602 708334430 801023726 733201775 831030663 820466345 474100927 12353579 648023110 179150541 80159964 349628004 31600443 803701059 435311924 874073093 577407256 259935626 2484057
100
791678575 676732321 920686847 159787266 691594810 923180685 25590915 1050093960 37802580 808512729 523614562 575501515 1033119742 939819281 831012029 732818186 388061275 130362438 207974876 396380488 721619187 979641485 189094567 817659341 503626804 159261056 847724591 247336099 367266284 475039931 364770083 911180825 642803665 712485472 907254875 639631684 904626681 478678420 237444433 175424633 80487266 81054975 184877219 78173653 742764139 49611600 69073555 810334645 636888409 618284983 509409671 332936510 643613395 545929833 683591305 924852950 494608999 298656032 722286023 771905193 1044576515 1063490456 295692052 33133349 64118140 194328595 457479782 160140670 163619082 472551382 816905302 683868715 855488458 908317610 387989155 707254631 151400763 29286492 33419439 468147121 862830786 731788093 566273024 555644492 637687334 539162274 810944704 863506368 705283604 776740453 633511486 630287447 895222428 934057058 836170603 316056225 408675250 860517627 303855454 231284720
100
830036885 492558801 165821660 1071715276 1057079065 677313441 847503809 750091437 1042767476 969961297 480852796 964509396 207666455 492472712 88702642 123674410 332509047 141033870 446611145 303254395 937097102 757604819 583192557 388633335 609284440 179865705 777272524 1027681970 657149783 60192645 706038491 879335972 616556304 96056834 246877902 792722345 651857292 435879901 574787875 41524481 1061422040 44566202 986841752 786953169 915010437 728171101 915144881 406108705 135920424 248238386 689105460 819500765 1023527643 541108423 316294060 839800404 249974970 992237132 320089065 214217404 486798696 306188058 690544765 516992172 625600647 485937449 116019777 501379999 602045763 164647832 687196622 402579064 867866312 272729897 653630469 528446457 182068423 366257858 833941128 920322890 899657718 1024645101 20417598 381209721 70317709 517036888 155699667 923810036 900896969 549735766 657226293 441918480 219731308 377026141 528020248 939570054 597907003 471444358 791224691 164544496
100
614285072 662416897 767020369 469835141 121897182 138162625 73634698 229236510 847531764 275741303 847255270 996598815 214480381 160685864 829509775 234952930 899785160 635937954 706570006 367783876 206347718 644313586 718763759 73833893 447948174 561435883 665512690 735602283 105055578 795137702 445211868 767162751 843205255 910073852 119354828 882761294 293651481 178400782 474113734 422179017 1065947956 528684734 728256819 420736485 464735140 185818419 878561119 393416732 180036694 994203225 306826490 905493483 901494749 277060959 752017304 920796242 397595886 969938999 783732529 1068863319 753786596 420678681 693446305 85672579 570572349 729104896 988685353 543645539 842227994 758659883 60309996 262367240 1063799747 890467742 858672755 690709384 269662497 256229534 12064042 472906363 162122563 885825849 705664736 800039806 815418330 393463484 818205259 297328563 818838716 531533626 662838402 822576959 875526244 627940364 158534017 189736395 381821552 560100940 57664680 314861316
100
274940760 217037117 230134555 358191328 115378517 755165925 458365766 1021402805 1050608554 232283695 415839805 263962317 1026000769 261042441 983010494 540756477 228522057 559350601 227538441 808375608 754469942 102813477 1004225636 385307163 867344575 274878907 573776280 860438370 1016422176 246285194 971766642 1014737264 68972758 421634295 480247875 562477772 8815653 770523850 781003617 101964958 1052205205 292882094 217604516 406939446 610290545 885999540 908565993 737927814 337673287 1000433360 12922259 51304099 344957291 412951387 549321989 726608967 124023923 505447311 669840425 645995858 841572028 247090446 690316012 568046917 372321764 798297436 611220927 491512261 431872078 487240288 729934360 81335070 277565857 669168359 1038047983 684551357 103837513 268224289 872889665 864257461 151510261 124399906 833516689 905689403 412295447 121083234 1056778082 647694122 109687143 627663678 422222782 934642816 235280224 166514037 50865074 1036409823 545465538 377442987 508369359 930569741
100
332322281 515239339 735715956 784044301 1012156187 944259166 1031059363 809350474 195746705 38670598 50586571 899212435 258332286 685373763 823457090 10329468 346481020 786856379 567878404 938291675 871822598 862082711 315915565 958360397 723767549 599524356 38432128 390610864 723780900 113124020 814335971 198153639 1044613540 315559002 729443041 734861594 823846793 317026353 890138662 140124083 923988290 902037366 125365511 1015782753 427232037 55454185 877413112 268839129 509084648 470280785 501350419 22941712 985759017 387097333 346967960 1068858562 302244840 188287523 878770791 390768878 974453000 266086060 922089352 417866584 994634193 181623910 370642083 275325958 132511857 814844073 1031011976 851701956 911520886 874589907 48812457 139219360 518964053 80327876 329620123 1008735598 481179879 527413090 128474777 636462661 373260263 704790295 389383169 395619839 590860917 126319694 2970324 875088573 393364118 328856569 56689978 445535073 1020613297 1013527566 71919612 966601747
100
42952709 1069615880 946186941 850792812 1045300572 10748401 960203663 80491344 704874515 863450221 578483579 591592632 434913073 1014578901 70880954 379961726 964700477 1035920040 643146053 414230756 520085701 222103304 110448476 925513230 100833498 887245115 315086851 674586755 169290130 958537003 924511104 815676592 181021829 210992615 756420575 182662245 983771473 159723040 334370158 335335254 988467735 78219437 1059232577 556141467 239882235 238805255 345482159 136791600 480485287 21066701 127744211 300266358 982187464 315090754 982982924 87648176 662266768 759389130 355902333 910946183 1032065843 107875441 695753869 218200199 504706154 139165539 366486121 53381535 1059684595 405882485 795670909 832326565 484901134 16207771 585046271 555573712 1000265729 129090928 661258084 993350204 378282134 1016496049 324835049 605322858 266459544 737149890 499739147 1038789565 922346073 759174439 492365839 332536829 28772143 821286412 544192891 819279320 644619763 390821822 253437083 902872412
100
223836976 594903549 389323903 622314298 657293687 695517429 166017943 930286980 817278030 592772122 213871074 950102600 951684755 605101511 713086464 198031988 738307272 765170843 102176371 609739639 818318739 617158649 26690086 492264392 347363902 958364809 375396579 624084832 171446072 855283893 53001179 618570810 603012241 918108461 184415779 714409690 929781378 803480931 510661937 135816899 310416867 58799120 779309411 80968448 956852403 486829997 380946040 1013458588 850621077 630278907 57015316 41907498 188161357 964552060 885063233 753706813 153794886 1011507191 147260905 896880369 171453967 1065238776 33272157 1020296289 629291737 220064077 404671697 414120494 794969851 178919562 1042721501 1054775807 1004520047 366707078 788335869 265982203 126031442 814509788 12622866 995812432 6694247 226654059 881651936 968156592 61103253 336216791 923479182 488554447 93082469 1016552965 206381353 237507302 87358597 1020927907 800393760 519676211 509109831 368942237 116118729 19794807
100
1006611625 623376603 307600758 92189232 961871549 38199538 595012219 17555375 642465171 930800399 404748753 174380416 131810348 160418069 970244939 823337899 769483338 117958989 620084157 84461785 886157556 110350051 73904512 437904088 598636278 547779174 697579762 298577691 979803486 354943564 781379828 714906424 706360320 747191148 948807530 371336552 472057331 163139970 548537790 564612362 560938514 281044910 37858654 254071584 534518652 1006672117 747887674 381323984 394442261 945787071 1700167 722074084 640209667 651866967 230230270 85231947 55036209 810014319 671787485 780092822 190543311 776243609 911638757 996028283 359350480 177598158 22490650 652811350 973025642 477831915 572268807 280766115 653464218 968111663 865764663 713404037 400140189 658486463 666844861 4450883 249688184 336641827 689174189 661915333 913342066 239055558 38352800 198498331 668915861 829907577 490183220 43981302 806547504 597745392 187302282 123027501 249603415 319803203 813885382 126670650
100
263281007 504281747 760444091 601726314 117414611 445990812 705771505 930927311 549171380 528234772 504027716 360645556 951079097 327983663 451235772 241216897 939454831 523082663 701298570 14198624 515474118 228978744 807558269 339220161 617264786 255252771 130975118 774140887 930011403 404867759 580965972 249404953 1052719437 149639331 442007440 864157890 85074393 74250958 557547427 436389712 271671570 411588992 559756051 112861704 984179137 646777358 989230346 936745585 565367698 144954193 1014058967 117864405 175694741 164680231 554319210 371864515 935199933 643741169 489224156 131923599 119621732 851774740 30595557 824726481 327567045 928751992 181981028 633315042 140613505 124577036 1034081755 1014820706 132897307 444165696 414911729 772783541 75320956 918455433 913987310 1007665025 865336687 206683360 796428610 585485361 256274726 946054723 1000484094 893178229 824507827 142313011 185978713 602724288 801872272 1035871541 304800300 563222217 245777944 9546577 239348855 88218122
100
758156438 458214106 202437956 486830094 570262932 202817564 492341497 922989353 11184096 431887784 32757489 683234119 595949204 689671179 316696246 1660857 544871116 381672312 1073199639 748164531 329218090 886604868 867357097 1032358094 324979026 676015977 86622529 264059780 545762415 481074951 499209339 976076728 484685740 418721503 876135222 1067628331 320531900 420799702 50951702 162163720 586893907 852038008 743103233 928512345 896884395 911573107 294406562 412025743 870317568 771963159 39253994 81658110 508885524 428265181 139067017 455676510 87617452 78660061 67267961 497511243 440410896 587624278 37843060 200624838 92433551 741347882 755139449 322732979 728773881 256660319 7583563 716543321 414876195 899476127 939656690 956519397 427823975 925093561 1005303608 757801191 424775201 370570782 873125164 204190674 165591603 273196900 147435683 309621376 912182914 401660359 125007282 784292269 436587894 258483619 324194357 168785271 135852414 902284539 156278860 114682341
100
210117621 311000 528452445 865248655 544571740 443208194 317523755 426537735 180756253 934097333 462920705 918235502 820904650 649583647 73687665 343385798 77088282 679836212 208151925 899865620 117307239 945321003 824036072 397126112 491424302 89265663 617696267 570674361 367908755 85574639 759250433 901110191 419278554 193347326 616098386 370035415 537458159 528152947 505739116 866753483 1006524895 426474331 988061981 997815847 570986333 876009218 391741723 731049485 847389502 491597182 293070716 400019106 795007741 1028735780 316261182 952956559 566797624 648553488 907418304 389006464 8264240 329832610 358552647 656184232 60853325 576596476 245927546 769148988 868722840 135034501 265898215 495905779 760260416 183342696 197696636 714693261 45026326 752144406 252363790 1042021961 585430800 363650240 164476117 303078509 730137801 956431582 172525294 856502721 400539391 638196906 293563864 475651860 289316116 769460389 576602360 589817270 1045337231 265204242 694916117 771470332
