30
100
446493433 1023181145 1040560733 144180083 47053564 220308170 74964157 675303244 349606132 368796892 62462012 1063235394 507535753 165427554 529026684 373316528 787228921 518503907 732192246 70795240 587501973 274791961 863920245 1049158830 738091589 26117747 578699673 979511995 251657472 287196819 248751445 898749755 4861269 523453393 772611698 548004943 477906662 596057015 670020874 883408780 30249959 877221508 289979661 895889530 882250659 161909161 364117183 23342359 197167351 488720974 1016079160 380269137 452974805 1059516366 43749091 601484943 836876483 545924662 921920511 330103849 270052698 416108746 661582625 7695339 546789575 627489921 764506032 610361239 643242316 963158660 445380200 714142816 115603392 943127219 369746904 1011268975 134735371 557129248 12679908 79498849 657411500 93665681 285399875 761927111 710995507 481529858 750733313 62703524 736299974 782732577 969063935 278697971 719842720 401909713 974772846 691406111 484158606 478483623 266211672 668856969
100
458770544 820130839 185979654 313344958 932137641 670648284 804954974 115017728 918607877 1053928489 1017689294 79449685 666850539 278827351 375277447 68636909 540708854 319405841 778499373 254444175 48714867 405252823 135916376 373001492 186043622 694673021 427095574 228040682 233289093 549170857 253647463 350162578 1014718139 309150040 198672576 666255137 903380903 794879065 850030473 20310211 577099930 79344592 710677919 750035508 640066973 589467829 267216082 935575621 841146601 86009683 1026899048 444171357 547706220 21677513 534586264 878877429 322535755 843170444 474666000 766831131 1016285274 61879011 524326000 631091184 466253478 13447530 272523981 398782762 831787756 370668688 233697071 207632275 593723679 893908248 1025730067 929996936 329086182 799761564 977079017 620247930 826717211 678294533 736862871 829077616 618178893 897706516 229486068 376268420 187024959 589662685 126317646 96895585 578270823 322881863 264363493 623629516 693199215 520574861 582622829 1058578712
100
918746047 336342928 637723568 358380242 947524418 463608682 411689105 276909062 468899916 141694731 779616716 942897868 526538857 838167801 934413833 861120853 361771769 413284267 1064140543 480763138 325482415 619834383 390635517 766519530 2612499 465482756 656235621 728707160 952518401 771856609 1068095019 298875211 202612008 20676077 392698970 630623989 315027853 756214500 707737999 670757949 193984261 837854840 762811004 577365565 817022910 463806670 744264806 604237508 837155766 442543613 666219432 365905620 443354946 461934739 132168238 1036192037 816388489 322098191 118973947 605435041 161075975 911406952 1013602211 293371622 537455627 484534148 414929105 138081991 1012511544 579324354 944816835 759068363 523701256 597431921 618441929 295561133 781825348 594838358 84986569 808604378 434167693 6176298 1708990 1043252470 116855767 415299354 211650612 551682135 532507113 741948229 1007702222 906755976 70717150 313761602 344272065 527517640 992943014 450017687 877211734 764808072
100
2747715 199873388 415964401 871998100 823591989 880693235 855027804 504812604 189045202 156127346 532868823 722188733 220157299 892333697 740055207 374835373 969405668 355926352 287963072 1012726129 340535015 730840095 170484303 431508934 640693679 513711300 668503345 333424443 1016299878 700426792 928476793 738700724 645515943 910099146 631992302 579241449 100879620 207928122 72266122 506402788 899524993 766381215 913644540 543073671 427270423 848155442 435241767 733393156 885104434 927882433 836966561 146617187 25498676 1022265133 882535989 14492415 421306352 605302508 559368289 1031883273 848759855 292416903 768737497 910388484 462362414 471738397 783628546 1047118151 390204958 537488863 427007096 254587774 1055864739 790767250 555971464 561970730 365563478 638292240 994706870 122818588 34163523 430838215 213961785 965788414 64798827 748081464 438203514 1028284874 307495747 473737849 441299609 398982992 1031792436 1065642420 893117416 109452469 341362713 18766502 197755246 357343215
100
429336352 560357989 970922570 382732665 775292298 587452091 301948645 189319792 50476891 306602389 1035757878 91328087 529127330 253869000 357012354 376121551 524548480 357041759 650780006 813221098 665327276 102188312 1039467089 257941428 659869166 49182950 876945415 1037898407 316666276 789877360 775269663 402107956 220849728 731591825 920321926 423502913 172904647 48711382 547332859 490029734 93066579 80304131 790478736 931413423 331261331 122671246 323932207 816286365 893558598 465368354 814459155 53774885 190823107 172669214 907464267 754451183 1049758069 312893716 371923514 108620824 877429847 38663498 147371034 447547312 739175036 758744124 364533364 668912957 1021898633 947533080 378332585 169878583 902085177 834218560 1047746157 247623306 336769752 566244300 995157062 396911383 498115017 594956805 811833361 74987570 740695553 200935403 541662846 251174437 546327433 465796529 425193103 656574892 148302335 66614075 478593053 582078072 939832085 106693287 73159251 54430124
100
428094145 648118833 757685347 722007372 104814989 147829002 686061096 1014331059 642993857 74808070 795045756 700260425 134245960 638303649 297530451 162989987 1022520000 636808746 54607511 830800746 109637629 413188165 748970148 1069234653 614602116 403577961 904093642 914030412 122724624 908420707 605101775 832242846 120068369 1017451474 1061165162 255251916 319334184 479892136 874113481 306161764 898943661 882999215 200125708 535329287 800774953 40054018 624894919 973569770 687626972 688945295 237023620 29810777 559749432 869266076 14820927 524208944 606348644 542790719 182343912 601017952 903385274 188696037 342987237 510429552 455344457 210531788 409126285 569223929 562369619 819003016 407477933 796081961 100372688 1068965250 45832455 256134721 823683562 783169908 256404431 612748055 52138367 861878510 194315308 822989205 369728162 652552405 873877437 267400504 786639898 268710622 977180433 647913361 308822754 936961047 153233453 766803656 353453223 565822303 819925259 1003357204
100
474298345 542222869 771453508 556386923 651542461 1004531886 582188089 937372618 332822071 795193769 1029272425 852428777 632416902 277578704 296945246 519787900 559236654 101880414 669470517 990835433 914473863 803157893 48312864 493316298 728134715 986474218 875498468 128220269 775706572 579987492 297381980 78090839 215925260 591880512 317503732 556589245 395973026 55456064 875176750 711488009 564835980 766253719 10698529 558954331 656836760 203472302 200338933 1015180037 491417065 796910435 906309736 635601678 392581496 471504773 223348044 477164464 937519505 1061229401 70359046 99451355 437309010 707229720 940818193 121497008 1054498863 766990702 969198201 767393030 190709361 437786621 535667297 249613800 371133874 871893976 767374717 114743572 342380130 685801224 19085208 705838206 920912709 723417099 221523984 283387339 698509299 621433936 512809045 529732823 956856151 582496956 149604974 278359599 308347441 677064232 637566835 300408215 873076116 719677408 1068146196 964659334
100
128901669 399808784 814223525 76336873 657271468 41590207 936470100 787461926 772134174 788976265 327248677 58108291 1057342870 262661485 1059415135 381932087 398936870 108718715 110050684 1000313039 17893970 564300378 52992683 415501993 590854035 950370499 145079119 722806138 235708885 783182595 1061301374 394171849 723717369 914810493 82922370 485657969 544627796 912785190 841783388 205684259 549129518 318369288 172611644 684475362 98861380 974989247 847448074 976591749 430545223 1062648575 102375137 615508280 521281371 1023016716 21143694 310267643 123142553 912888384 129695765 381162273 1000299661 688498824 1061147180 914446035 207902136 314419687 289591231 859053195 646301199 906698994 714057834 87269017 626635898 222034259 986227970 878966177 943759446 790236743 149232140 545263387 428383220 555616544 756787780 415757266 61421335 875270083 602036504 398548582 690108794 305447722 955149611 352625098 847719752 341773795 1012802258 609214406 763476386 310592143 259403418 106598262
100
505612900 429723584 623072201 548051009 70099884 561918647 850534915 901208075 36565060 427746214 109623355 16445547 347853854 703533287 591094750 288052935 642442175 648011146 49027114 101829751 783311553 684327888 648139956 895805766 83530322 963512240 699816930 468284919 1047744436 328743253 131348850 786699966 921174715 154306461 423565553 421905859 126934098 5120668 106982469 238886307 53568758 302968343 416440868 630617070 122444601 262325258 493038746 513065898 327475776 351176483 1070241671 99444686 562495558 467338564 638316319 869311944 689007895 913025540 381564520 27854840 351973525 822673711 582266303 628852787 793481527 564726082 532785492 405965377 868799109 331306480 1066252201 190686814 159794077 337576607 851253270 976241597 492641713 456684779 366838088 281608960 945795719 928837411 450246590 1007417538 916744952 603058887 1054110795 865712141 872551793 767456016 569252503 917318884 496469109 532404072 49594270 65685179 406355224 924110317 926089263 191329017
100
138145267 856565614 964421501 1062708090 306457215 499524946 1883414 640473799 954537164 936236328 869456394 687520723 13954762 276141070 680766608 863351319 895651226 618801017 973518166 160711328 293145619 126481327 302113275 1008282257 561466688 481460814 256292758 533908895 377835232 229136579 634015021 183104659 793856997 296427220 823268927 752475084 761179894 281548055 946830651 250319290 156292332 840751992 337923590 743351652 1004248920 473728951 968487033 438904035 1011078908 196152295 890598113 691596261 144268878 684911857 991061118 65028651 655700984 863062287 296648708 213371403 323306842 805580369 17835548 721403630 888148231 1063469339 535930852 59409363 299505987 792375973 356213099 368738763 651634316 515409786 399942710 393041531 936466958 137113081 218329534 753816221 833622061 496133335 616236528 424298622 742953727 726102428 988361131 186559106 901946575 559523617 327583045 960362908 337291932 959855640 1054690055 616793046 346824343 715813252 310596012 695235279
100
141756732 718440166 1043081784 717667050 701762669 401236441 683800150 909228075 1005773333 813964702 825625220 822393453 854373769 69452738 306958253 85660520 400764143 225445572 1041728214 205510917 511274949 347794586 246752146 545699812 24870232 704989485 612283020 251434455 598332238 1023871192 73121793 299500645 384001053 554060525 33835587 849445704 958913937 965168176 592505911 399741679 204226378 606019930 854744024 220370685 159105339 854802839 707410098 139495624 979307053 850387208 845097575 136346075 134460986 100604738 10899246 772138612 228470098 399175118 916191823 511432711 864012729 81003175 86360744 120444857 1062948487 610749119 116908331 626831589 322022951 121399418 704110429 170460059 161554648 449243696 131503577 632137500 999328559 511988912 1065056971 353623135 7419027 1113528 974864502 185290896 663801280 34453118 135513006 760213387 1043711813 153110058 719800927 757565029 864024582 161002585 854659588 872494564 273126330 394617756 279785008 950056194
100
171965431 447592201 880763758 277324288 1002251618 311904200 1011690506 928077476 724111947 616484154 834353006 420288355 832231954 927114306 536505956 979257751 115909516 515442773 395824234 1055327857 199663489 936235516 161514035 611533171 781898542 912885077 892856358 15875830 70234820 876327059 906576093 280517285 598707175 700619386 624905128 398663168 601014319 103432419 166438664 905553627 493539242 194815806 151520052 329473500 993276760 786265355 544941207 948894976 790169518 977986656 1003206223 899933718 472811284 496894054 476769456 98027842 603411559 621032412 583071679 818060156 213161336 191637395 6636984 105569551 634379658 1025503472 1059886473 2371610 648538072 688296045 334944596 857358098 55190029 807845911 661055729 1063383870 434308809 474288657 435029097 476773178 720324643 129457936 198518396 837525877 91736610 164070622 489563932 757134002 803368259 205485272 752266736 645739659 488745206 670601840 418837714 960408553 760018465 126378411 648436306 598258573
100
409240995 27247664 601432715 494853810 68685574 942658021 175375050 621580710 73669269 851894043 698324869 969083435 644202406 702076464 470463436 66156011 974868131 133485240 485974276 937923330 1021501321 960402424 260298083 478399104 114045034 615759724 548125301 981080811 601347051 786887489 616285082 614322874 192786375 823830747 775001221 146283227 437570378 48621393 557971390 531976494 150367702 265078252 880764193 590557959 594972001 896974508 609933405 632936368 537627893 309121219 477689718 170490596 373246767 9007895 1058376004 505878358 54755521 830756548 1072643058 177328424 809725681 121895320 1031125887 608907380 382524951 215943318 540284992 651963335 283798563 678924916 229735772 163644064 1003039508 962202140 692205391 811984886 889425794 420092207 847448680 740195503 65777429 556221053 242800970 648157738 292474635 726881422 764320623 316075190 174867126 998550556 233546656 821419544 697932284 678315671 249312894 173101066 793649109 552051872 658927869 138978998
100
545160334 375750371 825402175 838513040 10239212 323297614 625511992 895470919 384392952 347571499 752628266 674260034 1020823846 146762176 140682771 211075676 797147548 933795618 975038434 239433096 843313331 474522816 812599036 109182028 28439420 807538646 253533882 767476801 804421176 123970043 353525993 480540820 914329311 503195540 57438280 389718152 617885595 608859742 969919245 509054450 379996490 788120552 861865313 749706171 127419903 726289430 785617887 371047522 764183424 498747296 327542297 956258424 1040487882 1051931280 342774035 314408225 641096073 1038574280 694733254 299719321 146855585 308014714 910520222 825365165 120255144 39379630 510650109 17422142 949351273 1002031551 322405302 74471618 843960674 710443486 570573714 836797635 841046598 931947406 653564110 939496541 229385085 49788966 265815195 540764868 83643551 840794194 172655005 174474172 977146365 695831186 260095597 95007263 458698520 521460154 1059399703 1013640795 1033638184 1003510641 572376221 33191153
100
769650354 1027792242 304674039 61354114 607107661 324041215 1008438935 823256894 665703271 345811489 49897870 489384656 749876214 39624873 944532398 815007348 67043654 981638619 892319580 543618584 135471734 947825135 547674642 238897375 13182716 376184724 581616350 278500255 1014791453 24512104 1022351586 958886754 187627638 595344769 54094290 830005225 493398134 994276839 383412345 841698852 97255137 1002044695 433290036 731816635 26756686 303781762 125196917 849867912 966027434 570206987 27688769 652877595 572261812 495712653 722543027 331228469 1044961662 529279827 402032503 1070949197 259158770 332917150 945726031 989827598 662583883 175458595 533921426 1019123927 700041112 142886026 939000232 294793273 54102332 160564976 1017084047 673535101 150321776 723191398 422475353 180848668 924821952 726003311 544244396 886826564 40456074 992041606 556931136 1059587418 154743938 602824854 188511077 288139635 939829297 641854336 831303802 552748761 558516081 151446937 937441911 234050700
100
95105833 586189156 252604094 264132025 503413996 335032544 1051347286 703830940 799132309 828063387 192246382 656930759 131263815 529328347 929817813 92101434 306625050 915180795 437021326 894745416 1009980572 294911464 233295695 285394969 210880845 802235043 217309955 687141673 26294305 507831489 38554697 67159495 981454594 203517678 55257842 819431319 347886668 1010940773 891521670 718812432 695533903 1066693242 526886080 565822975 155151569 93591824 254080014 684180482 701711753 421957411 964695570 799748366 963763365 293461568 1073380899 737787370 851738693 399792136 332134349 134566066 456893949 605947057 955906381 10869588 221832535 1007247748 353814038 418873878 244171343 283733856 148005198 809964046 991512533 308482358 247943249 329697193 982413903 754432651 1026370861 434464037 263023124 885485049 324733221 903977238 242847218 774114221 792960815 812889317 775310760 1053814763 576018038 677884748 993317997 335667590 543691992 205623003 599556967 847794280 782426472 1053157494
100
933618704 193156845 1015086549 286423910 176249359 74507874 633729027 963265280 524465290 277211508 98589152 436917498 909621435 326665479 225588895 957365697 848936304 516774833 993531976 249736887 1036962187 582881341 464367159 1039313071 759169664 58562602 491559835 81786483 169831130 851729962 878681592 529889086 733409462 13513891 782500774 321108291 236637253 322181169 607351375 258237476 811150927 323732002 678428021 682652539 243351211 821496568 988581097 724779348 1025206984 168631531 1032557397 816079025 82641960 566720101 575542452 812795909 522268383 383564932 411892948 967297978 456204312 842227099 1050068443 622225579 153463952 995492785 32206527 361717418 1007429401 991155968 630243789 188062459 431525657 938905719 456715043 640840407 909053704 58219577 959799093 878128619 709806838 572754972 477106508 209019094 781713154 872815147 853867010 158865326 69692900 102955813 5631431 780652668 524361572 550191355 741524319 482559419 402943712 973671766 217041506 173476061
100
780555278 843354555 436071622 364346920 110718388 621608490 154419279 814577939 409041417 818327746 715643076 8574264 186421893 266648939 162458726 315513178 455199953 24359265 584039659 491652813 19467597 600304051 346231289 338974717 181053835 758135237 194741166 397332197 90233553 15131086 846959899 559928217 397738140 733664603 545562308 986047164 170046232 153833930 363366690 250219530 135964072 787465424 340285217 451920080 422533476 36045556 256475298 442495599 722837398 111201809 848043258 222920925 155380796 235973592 51109233 529594659 169048202 704711755 859166660 168403936 211957093 686014532 255664292 1060234180 498896360 866435052 343422517 380429334 1033632227 377504068 504445584 869504815 189751383 487923359 278068801 351732989 234768891 787320102 354212553 304998785 795861946 116925267 71785757 331850577 1048564019 900411254 402898981 834564630 996855608 449601075 452998974 1052968207 52241999 689352962 324733113 985356685 703393076 322487470 363755610 164555125
100
921003991 79659481 375007681 271477588 938508656 22635364 895703295 366415241 45238081 891287579 1047174608 278014590 439010406 845341331 145716586 753546609 731885518 440108884 692417047 867765973 514757309 427808603 512903604 1030551249 1041055562 341043865 252654643 755584959 577935074 124021361 577215001 546123950 1046585539 1024707646 89068289 262784993 114356354 874798027 430486551 83004750 971529349 1017714137 769240733 955335968 844039306 524767900 392248937 432525878 180594718 437469246 907012197 894032033 318328103 496053595 913836302 246951978 1005729371 1000711044 594653942 612902602 793979334 696144316 936107331 232821551 979961672 213763838 713351725 582399805 316321557 192150708 556027267 347402891 4274227 1034793281 219151143 978666722 589330175 782537337 972457357 282697922 653906856 316291108 1017709632 621546973 712208563 933752446 50207326 636525466 231580021 940396730 1050170647 533930899 622899356 835171194 95017521 22731799 18675367 217866073 235890311 395164329
100
671062881 408722565 552445567 267093386 537036693 968073902 857307908 692055814 1051838313 880939543 832297558 1014115756 202308676 964506857 1070714824 77144224 588189701 997692642 722682465 885312473 784813947 971626965 92747612 866557604 624121068 122222629 223208614 9177631 735953551 428060494 116036452 463824831 301321490 608262237 622285418 282275786 849057300 364643442 862746820 829652958 560813740 273673029 1015412785 518648168 983521760 605694367 261128099 81510446 254330671 490786780 476605888 123355334 751779080 884883568 414487396 913680156 823868240 315219551 61261341 233970928 763321825 456657858 692863662 622405717 574383877 762017865 966254476 937517620 1020008959 447856564 579866468 535198919 366798210 388323417 541766547 686529054 573070904 309252514 547405484 702673565 682527036 922706571 734242550 816696188 404747936 127846440 1042196715 472104262 75541480 879129629 590207419 888687194 760077965 159648548 741673415 865846637 732987004 190657419 285243174 641501190
100
753841075 605638691 392788225 21846316 243327122 119014844 722395917 909530762 470506546 922644005 617061166 586222445 870458416 465811267 800880443 552835459 931524669 24914226 227284065 692857844 162652321 80132288 116714910 524628438 100695219 124414447 373015111 610691254 801243490 894272119 143150210 379369237 786300847 1026591809 11683789 680711912 853166896 601303021 456705909 998559768 1029781647 59289421 811457824 18367232 652291081 487761896 379621188 855868146 689928176 448202104 353312685 495812786 483953450 145767532 707502587 288392441 549941167 305472615 693953057 250198771 296655118 86420159 908434152 704613058 339477225 970020095 295435370 692634617 853712756 1064080229 64717463 691968033 990057978 423748452 678108083 526607671 368955736 732283428 164732630 650661932 336092800 858550013 97686122 750497636 1071651576 63208960 688734897 736773432 464794456 413219438 234367037 595413620 417395152 824105278 275947126 520046809 894852255 302676891 342288920 856802716
100
100139364 859213746 171817957 82109362 579840939 552270375 1013507921 92449628 738037558 1063547185 851041905 906945326 720164609 587292633 150273353 669480779 750311098 24636160 882646993 765679343 817753412 551278554 962276471 151012070 955529013 571130478 428568220 575400979 255725911 788046871 14139666 526541291 336882474 714516998 508266660 429641975 377153889 1028545469 39222927 54759766 140892257 1045107093 479152897 108168504 503049925 118209337 608104353 140953444 157147100 871822889 234816006 95594931 266190377 837514296 804566590 752681874 684731875 1040626191 494057801 911003780 828467059 706477480 302767004 966401694 68684280 227921107 996182943 698240266 770686406 129721268 271654959 836606596 238397154 496290627 712962845 690226144 697345928 182917066 163990444 779055746 467628710 318963563 966465815 243350244 534146654 996130968 405961993 28371732 377972360 524048537 530785827 718956851 339545901 952175114 602307193 25256439 995383053 291189593 786731541 981731113
100
139294028 51708275 334962216 185549819 61745530 343831555 570777189 827667082 760096973 924784299 468459493 268740694 306307590 419942978 829381058 339803938 419872825 498357782 576647338 517589604 125755724 392819303 721900894 346872263 1060969597 715604714 430404405 928385961 735795417 518957382 172355222 873918366 475345862 1064671130 394244993 706754795 631306106 897755893 136958983 614924555 973136257 897881565 585152206 678418990 365345083 791403209 434017678 1069134261 1065596507 806442663 850611094 582124216 517912425 263428951 649557063 903862400 445302849 181738029 978639256 455418125 51902610 730144371 847131281 1028771728 228098656 979212261 552612304 291589874 106184835 1019196723 957735943 64406604 822375718 857296514 11165307 736010605 22143048 561848299 946978183 689964888 865019454 739759099 178483991 73922754 317294127 944496178 635430190 110648472 663347351 310257028 751524960 1015337079 476057029 266174171 195576408 161958706 697467996 45021074 378187859 1054248784
100
518582267 201280932 627600780 769873660 472319451 960462382 308926291 126939759 960548585 105701613 550945097 20370211 84763474 562962029 620484036 904542430 924694584 466028369 107738960 171931838 846711342 109445838 825463593 193975216 60594110 274779437 976470980 414424313 174255075 731547212 634340166 275427505 124844175 84742174 995307019 250427971 878625062 846183718 851809569 962513647 617305345 139808512 369352906 857587785 770628077 964379865 559612670 506002103 963864233 977566194 184777190 890627062 933145963 611914784 472588898 575718805 471234140 10863183 829872772 899772280 801761815 733235963 203813907 1043213910 164211758 144140981 406943497 477565500 806929829 254018212 796996630 352552201 952131445 309434113 735094554 163328240 45108490 173809050 261990830 86718201 87451334 83958864 626718108 807187839 68596860 642914201 987789155 525967027 764307445 85348606 143880372 611770136 114009967 99997086 662727415 837997573 312748056 241687721 886110663 807080486
100
178157031 608652658 359955451 827513732 180979759 245994874 849324120 830280171 759898096 1011299094 653498595 170882510 615976363 117554097 541638810 143328416 699913334 847498090 497965642 745994698 305326203 76523411 704909081 572987689 407256439 982495539 682749180 422627726 351872315 886220676 469282113 775487293 330989103 320715381 26495751 864351855 755380682 159280424 1068165569 603438544 130810651 663111797 557976504 860262657 980528451 660233574 246683782 1030619927 92951032 490772409 65024923 246544666 194852868 194306145 51274427 481457287 982899140 844107782 683803773 274673103 347554730 747286912 301242062 802422486 674022076 296064095 997379436 241704308 227664658 453128038 508950636 679093751 923516507 41210636 315865781 935523743 852335193 685419514 803082371 473519393 86169440 394106255 860726756 751858469 660090587 439336031 999324990 580595400 169755080 55120047 18277831 404632091 859797303 636520699 184074764 98229410 801319630 911946865 260906603 1012727253
100
183180660 250484632 458579874 991987953 743963673 983765276 747315433 423146540 1045149869 720059345 414048255 596896749 219987501 929197159 592622892 285736000 948968652 100286947 983956781 883051712 114130033 142711835 781972402 916471584 636411702 775184955 313138657 396680614 97924074 68000066 609453265 713415083 1060288656 466995846 269598736 575265308 803220702 388479532 358928414 724703740 269079743 551906737 437504240 115955424 112937681 886538852 870861933 221384561 801710824 309384169 258921716 61739502 406543497 485520055 562417621 949574311 832808304 945547931 12945363 764560003 537488394 671865139 453697448 684260731 290832892 281334900 984538241 875587868 6885018 93757733 909443198 730475273 558141808 872135010 880440628 996679543 921810109 418587417 649070122 477960112 1058090995 638490256 950594399 668395664 842791481 581891293 1061708738 433834251 329256169 585698924 471343033 992280741 763557394 583842174 609319835 798025208 596916983 839399588 417565238 489041202
100
555872584 608169801 899843732 893304833 247624228 569936395 785288436 127120688 147376584 729280419 519111740 285336878 841166104 73315757 66807785 201580224 61205964 139431099 894028172 556304097 190497007 724839122 554696524 212609857 50484577 876938729 1070473827 909206721 868366933 459136622 426139037 281266680 574166483 392763840 279841756 881750449 728967991 1005317301 731129494 653280619 276378032 989681174 926352469 819471320 728988354 3270943 948135734 915592030 781936837 541485056 322362219 1064617113 443888995 143863390 845112761 1057596631 235669534 814902226 112361979 1018413210 824859847 251866729 542470557 702887450 1036565000 997408034 49338913 308082624 455915484 876200563 338277277 353476268 309483025 942458565 769230651 1068764465 561619661 43743987 782237113 972284243 376615174 1062687439 480755175 686798672 729931528 1003876253 263756587 377175060 255225075 834001558 552670208 858066883 600662843 103812967 264314994 1025931315 75155750 20993711 620777636 833020783
100
244215940 507067210 821901877 917467692 291639023 344210479 702087801 363137145 875274347 596345521 847073760 829182417 594274922 244478016 846696518 865038623 319058896 43665122 578554424 654008099 70958966 503195570 861033339 449663216 33052328 387998044 536574339 32927342 806462376 889392803 175900157 372234457 429759529 233178332 99864901 435749184 564673492 692327024 468559088 312102663 415878854 868846942 772845124 946214501 23923728 756953526 278773947 682745575 1003356214 412897311 492988548 440531435 704366513 55528530 168545538 841050406 459741549 584280988 222027 471864607 919052619 703656800 255815850 930173873 677522080 822908819 414276893 1025818253 301570740 969357630 943445463 57891253 418691909 644281600 156942271 639306242 914543873 920879498 484899312 692214688 482941455 1051713056 429912119 564041869 459464839 261837086 207945112 165031709 750693621 123975281 541630154 844720249 1025641690 114499098 300381366 640380699 190726443 444775087 883758844 878028115
100
110960602 200324717 184503237 184703782 943313112 219385746 912488425 961847934 405544698 453717284 589257354 783517340 476010535 788626066 949147208 145307448 1041909081 754230910 1028482582 985179776 751040795 377541952 1019302844 889185172 772009490 691905377 313998934 165365001 492270961 962164769 373027027 64185191 645297539 73181171 453150838 1012917163 656504869 188638972 628419417 189338054 506661192 1043696535 988581605 364006171 789472628 669982931 751668828 454506757 163936320 286574835 444469583 499505999 965749467 139259885 729023016 731865786 879690374 371117548 802362530 455727994 135466776 660879823 726998091 138192825 694495609 607341479 192328457 986827283 1028031015 1013567292 790769554 700842009 711229364 776242825 861072370 982625486 624553285 783039548 761977865 910463789 815233301 639804983 422867979 726556833 1045267184 679024658 97181438 450758538 886127288 683345302 971146559 534899135 536284900 771118403 489415421 888328967 1008495356 952861387 835366589 498320287
100
485462421 236670932 1064340151 631112060 218746683 339780848 604319989 968365788 983000588 439622288 962081520 919344918 918470539 307368327 519146422 548042906 876394222 161256829 980979526 586724839 634755999 1043227502 455251223 473840661 938738623 630734889 727478928 187738444 257912478 941792977 255378829 148462411 171226948 992843616 359468769 862866914 998921964 304688415 266837198 251152760 1030387587 316663088 4736398 706765190 841261 923643140 63304142 113165081 813331905 175968485 290125614 520409940 738533704 572834414 735199938 559717868 960282241 1040150285 575624084 643273642 709652576 882370184 363529503 893819117 535398795 746819957 77539797 626353189 524177116 893728704 209384859 172174425 276466146 106043177 622475336 621979554 116648799 137578947 496592937 38492590 654327243 285047927 110132352 145109566 418605008 714667391 98473984 1010793383 1005272780 244574955 122717011 598219093 911419730 7940383 481032084 225449540 357142953 350554451 652851413 772047749
