30
100
408309138 354963439 397695930 255185020 1061333237 389562508 235566660 745724469 508354719 134327819 431227417 768320231 437420353 741223914 226636490 207488705 1050194285 57170986 997396493 141839541 516426268 949790671 927094333 263600892 425393962 668413795 419817176 465058703 687921112 173059443 1069009152 278565039 464992074 427586833 768588283 665491805 194786567 36273744 1011764659 1043867106 968557948 285770444 182165303 890297417 966079097 438905375 98275640 693349600 845833138 1027622509 362389133 864966331 427865919 281616601 200161967 106363953 787458588 777246221 805290558 970180445 883921066 311607991 436271994 232955550 233807660 66650118 722413258 819128599 854884939 989589553 261201721 618881840 738297747 390716144 616368884 854983443 336483828 92772865 203168717 892071216 978007617 426202532 843046843 677083321 397798324 136991008 268018008 529679398 876682344 534759228 935352417 689265075 89147870 267572934 321104442 814834653 92952953 400129808 242121320 778891753
100
955690094 316345108 7261277 822659876 419517625 435858831 472537477 905353201 444769231 389219016 669258223 168107355 289224720 779275224 719324399 40100796 546270946 830491255 843869468 276748878 35832111 662909315 1010455761 140955572 729427938 883697024 911624877 27294320 154255470 303811859 575874579 580653418 251726150 678130054 1043913643 760706159 735235686 158936904 587817439 837608624 159624649 945403498 678274399 571493695 538565616 680631074 6065566 515709845 210235490 536360524 703467858 1066838031 189579814 820385252 248273656 29175404 797070410 345046413 452263245 35214929 791532128 129464077 582760406 627067845 635608316 771617486 927222617 374499253 1057646135 715094111 500883042 284584049 291790383 257156849 988705215 131283501 361590660 1015924187 630056196 241848193 161713117 275883287 77859592 443845098 72747105 204017090 190926438 463712839 838142527 695403168 646276605 535462236 911344422 882118805 813373809 948779090 914570701 554168109 242750888 444385589
100
966177045 756207949 46042997 162437953 1051690143 788562256 1038260326 664822029 2819138 82648419 264928191 984758164 30873368 295662719 524469279 725553697 74342751 836456797 925951875 1049384959 517817593 1001631486 626511826 314237185 771125739 222231844 1022686033 69927419 49874657 249525462 163052847 832940358 596263337 563182816 232195579 752651072 537182132 233971280 1010916392 85155530 1061113496 753895674 1043520656 33827272 19745936 794142709 967432942 357604773 66754810 497600029 1015126626 17990604 696587480 637551247 640898545 844970544 894808912 299062575 679467267 381829061 1031477804 166322981 1032038371 69914884 854053467 585327451 1073199171 580424811 943065198 151376641 681621941 664753915 938663196 105298442 305065523 464115896 768820670 163594156 185635479 291219757 544505043 201608932 720951076 799151077 462029437 671075056 404580347 793124083 345713923 73389011 644646311 890342763 112347469 900405972 20819346 31002598 1000295275 360793855 507433613 167599362
100
666003874 245376332 641038304 385886222 169902802 566258920 934541989 1036141282 412947940 853274459 167342841 656741675 573885940 696248839 887475851 951442985 161165921 717527600 31119242 979531588 782789454 932173181 520208685 92075141 186324515 979513979 1007010861 123917594 17836555 359711002 64342854 849986518 904064116 403526446 121581498 871622574 946271633 547312879 343115213 30262333 497960155 380581241 667646282 691513921 869098892 382099277 442022396 180140059 642753315 539345102 857274422 372861523 877481443 311747781 131854668 900971538 609619795 281778910 724470808 31905703 916541119 708325417 1021117814 224679683 842442165 86259609 316550343 225252412 234906762 544858760 414822514 702777869 586819283 715909425 867924575 133809237 149780460 427950901 847649914 897376404 997099380 617345047 248925494 887103089 688582095 71110592 277443591 208240694 450658467 384994043 825837031 622984018 921843547 694553594 939422162 946550998 1010900903 617547471 623664457 89974265
100
288657908 773320915 155948180 957044235 967954116 960197752 18557863 612411220 816767487 55147588 188671954 912099734 672169034 369157322 478735325 653917523 262140589 30662558 472604976 634594387 841869075 464785370 630007899 413967904 405897421 412464794 550771088 46802057 216413456 8122240 491181348 422756387 19537778 455081264 451421202 892382403 765389425 679847381 988670071 176084485 63916012 806264731 552967703 47616969 878377384 819924275 689466071 617574064 241920460 111479378 960544577 943912099 49468261 638928945 509839107 782671181 611842787 749648398 410970480 839761564 309360282 530010538 847288829 566595908 493586242 497273802 91601093 800933179 395280504 953978039 279331590 103556670 858505531 605129917 578687906 422039627 123812975 558847151 677737375 203191333 287543645 642189921 501955239 525937620 219460657 1006341421 1038253961 774004514 352134779 927310447 173398198 570177566 31637423 134296073 980561093 606021533 838862245 83202784 533402351 38304180
100
181069660 513459091 811137599 672340524 1017022956 652187827 208906590 711416033 889751936 913907318 260997107 1063437729 1050949133 245805988 547832869 537210295 997047565 831109677 353267167 967503829 981915132 781014946 75111249 392184974 473202396 1054197178 1003689326 707073753 203933874 890843855 99476589 128150676 174306311 243544670 899806281 622485247 861019495 76266891 418433345 176137021 937015781 432980890 19874904 941204183 1049043862 1047087735 409139158 1058284600 924513809 307961647 272993221 466715441 34536181 1055135349 329265781 922384759 769943139 435674398 116468984 277772064 877470592 153835685 294477734 1047956266 293744885 599627688 481293979 375184373 140053871 631132777 841620020 281718723 636105759 529791822 681882518 835650879 534423866 853761889 396771623 162511859 949655162 286971600 567196435 778521808 757790619 719521134 1073448904 619778730 272389855 855059248 474316922 262546106 515414411 480707762 940246432 489469210 168418408 126106544 209199989 565976396
100
471689101 289326712 985092788 502892140 937991631 426835948 450890009 568974651 683643552 45046361 597973288 44842118 579815759 119356937 1044969713 957870637 203248845 516777356 1039271016 706739855 973383729 26763828 835474917 658333970 827062068 110047386 886664869 270955678 355968694 310107415 924839750 744840226 909724983 52574283 843227215 329219854 304005982 154311578 968886950 60823000 937608310 790674858 492609559 326616695 734076652 525375207 578384852 188961003 443577555 407590399 794395376 141249459 614698080 569271399 563580131 1047457877 238301293 46562003 793672713 344717273 647602426 688440769 548822563 416646990 311202728 920394224 641199316 25963588 955958332 635713761 221816357 1036577105 934024482 37823837 471954689 650990221 775634919 292849646 744614330 998947349 541332926 366945124 796000898 808610955 703156221 63461713 705987571 65076628 68415645 690077326 391897480 1052157017 537801404 1031323572 322156065 854501383 878447390 197678500 577817731 466082895
100
740084224 749320150 1028664806 590669029 255560623 39451685 946159366 877319297 851514205 403818209 511448044 785000400 812046328 901003103 822202200 1052617544 1063473972 923154261 543653648 830060546 722867720 554689377 254474332 1021027389 913435951 1041400706 359580811 399950811 534189480 672469917 32709998 175175907 1028620599 675896313 495057368 1032901629 895429345 399219139 102771236 1027556601 752515956 1014937483 261457070 306109256 510967293 856102341 924721752 303732353 888710223 354804553 542550791 118376158 761060227 838272468 28684836 459963836 975614066 466850437 522461980 106303007 499958845 98227808 830914016 302980395 906744006 694415055 575316838 906871468 1046445364 836366875 306639398 699021711 605110899 1002743799 998601373 103325799 579821490 167760374 499405773 155994601 50192099 845349904 230881211 198483312 104048958 693898530 799789040 159745914 882224062 37613418 489507321 714963496 193072034 809920782 940821480 417004994 71133934 312216726 846643408 208916785
100
466020718 634041676 664771204 497167003 862307430 711623673 697837419 963741527 119660593 23695863 1009860031 1013241134 505632233 180427628 560593912 1000102265 680000905 841650177 278514101 499761490 849274482 892927843 622516280 405001751 434790375 629380547 445919975 1030504941 539660688 301148247 893738956 691627067 1056089083 310694359 519409686 636892715 747272470 169058048 862478486 139083564 421459127 301681428 830089795 517708146 159569172 732302424 138797750 27068021 453122891 72839317 32935087 1708910 705299420 264653208 539375758 712199645 195530537 1045932467 401380570 888965125 136223229 470609977 1040125630 45034862 186353154 896984581 495223431 920823651 205615689 943712756 645823527 184340850 152503238 622800230 451545013 151813615 127122898 289865921 603591147 947915376 1053813416 631255022 51206311 1047135314 832115688 40136410 608299882 788913459 1022167830 770299383 851983324 309243766 446530075 1035038392 827833926 716837570 513684419 957009944 57088534 501809283
100
215927572 101313119 39897192 853033376 141764396 295046742 819860707 228494434 54095590 1064470998 722730924 750071774 1006292043 431093213 443102782 783033046 972223848 744128781 646262361 737683437 950806735 175996972 664758910 572712492 799947283 998280868 79875702 783651199 391294543 792346372 578225100 10494774 609216672 163863421 578940494 1025450629 332228262 304461413 431173776 862059780 169020680 288721591 216776808 544468783 908428269 945450130 986942323 858356966 618767235 973523382 871312271 907311599 778629243 404027914 117943135 62956143 821110923 241491992 337009355 800768885 474537707 710744463 740733821 488928111 698558681 305250240 14699876 299260595 998005269 957528098 178971445 861080568 162124133 1067685071 949905125 17591514 770102546 173999364 833693232 230534745 493911913 700962213 718667542 802936154 478329660 176783798 435987544 526308133 13127775 99242723 438694399 1030041061 672137259 355537401 687755734 276052267 551072253 484460395 45101035 374791788
100
1055460302 81821458 719123838 458486335 624388189 772230498 687680799 172850684 3819381 43411637 438010734 334483292 122221850 497029932 1031163504 3430225 587738993 921683881 805033100 421660622 204523332 885460564 51016975 825421903 324653185 867197207 517824682 824240718 950559419 186261538 598204911 753620431 881256872 967546471 446772695 673703381 348521889 277220895 780334143 569408746 466156581 686028099 289146981 956307867 564115542 734532115 718944624 953209594 288381818 934201235 736903910 684516635 1037196667 1014196745 601783604 115658135 939343208 970695553 169088554 790394892 971817458 695920713 1052694908 299989658 1063045615 14678901 649562434 54288999 499035355 624853852 735626872 489623581 1015688018 503754265 429820287 668083303 529264535 270329355 67906202 973306999 257138193 262379093 622525042 230145667 237204936 579403614 590572179 323024451 839090412 575347539 24298989 656163189 786060623 128160416 280983891 773360730 363685094 252559483 384691199 65560118
100
291030873 125298700 410039763 736042302 532133239 394826491 275183102 330803999 788642130 761198127 1041228297 1052102518 571762223 692655985 254913096 728936556 260704404 213492076 495650964 945226575 859179725 305798194 660696267 329796882 404318568 524006837 368589133 986559178 734083001 386439759 537071489 36592178 406926423 1012391227 107293774 692804136 909929885 1027993881 567268514 284637998 615380522 1001631854 940691951 63768554 409184609 575534625 405405353 591981990 22872042 482330111 208593609 908356816 947909679 399574329 173891661 114825595 72742624 74695393 669020085 996469725 667087727 922882160 103017608 298262735 434660501 573467203 306475469 917809744 983988427 459845657 879642259 1049178114 325928658 213495191 104684137 578920364 944771628 911684292 829444582 111758774 697081760 678608013 675324706 924493232 704158138 738504002 15843899 1031105227 453444936 664147223 510221778 699172958 324519390 726338212 937601931 730690146 285422163 900698982 34522256 614667767
100
822680636 875827727 743856605 836736394 523141610 605997495 443428604 976523983 673753497 1005877823 240201948 193454582 102607189 490514400 329963053 295435693 390627470 481327318 928395585 1045339872 889151640 581136866 430981261 880853317 218793259 605504203 229887788 290109394 550345955 416064216 511763804 720261441 1007010240 182664536 657574142 423169171 723386792 484093466 52399642 524836234 928806624 721849845 1056454489 451019053 896135319 1036488513 491284105 835871304 16132956 438020700 861576477 302190057 377133474 509041191 495848618 1027291108 442350659 18475143 210171756 96227152 49875706 953076452 920297663 355246856 155413735 172887724 219729317 327292459 975323407 1030608337 676648263 132048029 10680026 1050075975 227557740 429029252 127874707 78526343 178847491 732973515 529373676 719699215 598548127 703519906 729871479 239469792 28714230 29408252 915942446 654512895 380496738 786010895 962634220 99498740 866062432 915493080 82651633 378997838 561182739 701979797
100
116215580 641686721 161995336 503498182 1031147637 59076437 909442875 132341642 392543986 604276700 624326263 687143038 3233583 570582536 940627275 24765782 342401101 153813424 784801739 713265451 703297651 963242830 552099150 657548791 130822472 442449023 434846960 179586332 275840123 559028359 849988110 823693278 549873724 96648394 99561676 119062500 798288832 587080020 709464722 595234747 139166656 794110290 798091915 45658963 349265658 601449367 987496997 201007232 170957487 700537624 1069577619 614459258 875302691 618035056 36882510 1037474653 202517537 1015967069 5605776 907037354 1063183733 397557569 536774871 507905988 184463215 414502306 1071454824 827851124 407145318 186316714 410282954 302459750 417670195 479677351 760997959 843806378 931723954 784025484 729263470 487103028 315073093 140519791 890965907 962816859 547229008 808013833 155659854 87672414 145877438 63056697 662149368 847185626 1005849978 834256001 229573425 159322197 276034295 371042183 850790749 810149559
100
473354902 717096226 1036637899 1008762506 839489306 953807339 222703299 357273750 209420840 738156904 492078769 760194383 893428979 176259084 595237135 349890873 502429016 993536398 604154680 1042638943 1039285843 264572264 197428716 437517005 318316680 262726491 1071971792 958152979 913810107 672837609 365825004 553365705 472306264 819140826 736196139 412332293 946664428 171821496 698877918 58509030 1064813481 901965906 75455034 119722509 674121190 756717885 67644629 461134111 542910365 702321742 668421677 430892612 699969260 45992225 1043010593 322073515 699087765 3019669 833053814 1011214340 267343741 239599694 307907923 1019650820 444225328 1044685106 613100997 180165093 658803291 501576172 236351036 170951651 920124497 126241901 290965772 236164800 1019659400 835284325 585442029 1046238016 493545241 839878862 228324220 395895214 43107651 422440546 113458616 814972502 49618408 236240416 172234885 852981256 849583630 240594123 356173612 992555676 347799903 147314795 459432409 658724712
100
446377162 572329500 778759628 47078495 331470839 35309417 44868006 783948055 191712967 786479000 550833630 859665418 972054863 162733925 628496604 219941272 23977835 866373361 898326796 522590145 185027899 147271231 160414049 82153132 578660256 751949240 840283600 447525156 108411075 396408487 1026901968 262685974 936737935 510514110 1012951777 148329492 786568498 213092752 175169793 369785813 18993056 1040213780 436272952 1011666610 790804496 272471593 73501198 592987179 94518909 875156492 163488272 100120928 969173798 403372515 860209231 527991193 743252750 651695414 274645728 848135871 202210428 475926640 407505245 809892320 603399037 1025567586 297116002 939103151 1032310365 385582017 35357457 592209153 612287026 230682019 251321742 330053457 84830033 492461062 725513092 15301948 301723094 691575114 593627039 449696518 475988513 653791153 455661840 701632276 183734612 815555046 402075660 1029038704 724540886 282104691 52492877 536545609 714023890 703906121 666859407 1023806319
100
788163132 266335764 468094171 131610812 55658373 220045089 424226341 857704787 1030141246 687362943 257228044 989335480 897166057 830117883 821458162 41827437 12927978 385913318 911871837 830153906 927193096 405934997 452486264 279107343 680305648 159496418 399891343 446218193 848167346 499323817 920120215 778837380 52834626 900327500 374467491 880706942 735883512 608467504 908817264 856062036 356394513 113436734 843205594 60819043 228381995 102603107 535424869 396198984 624405197 426555664 514497205 1024085864 134861789 671269818 245493014 579969641 197453352 983311195 153557237 750483895 918001885 53861359 714384484 187795456 446893330 593315832 911849882 553532088 1019258430 17491195 548734833 1056427670 712667837 710553601 331035110 600405013 144188496 11571735 394973853 827098100 551721114 606428366 533727579 186893239 813691300 540858043 586783882 516602403 1066024537 726161400 163686840 696980422 413315851 570259105 938206744 755636076 226718188 152453976 693858047 660613803
100
118265282 551692904 267150936 733192068 943876360 812365681 240532240 803726486 942229591 879095516 493823409 627548561 976931680 914944911 266761181 516820381 366224089 241226516 956373118 235655365 944157945 3847706 264736828 757513338 145738240 223846642 1062983177 1023939601 694765741 579257362 996763542 932930880 723878598 344546454 467753435 952103077 906498452 602023098 930381203 265200191 625853028 334648417 813536189 565615091 307598087 998650257 743281180 32654344 337428050 389230837 957085624 785842603 142596255 271165018 983380316 738287980 349371467 475792690 323030549 199223231 732104246 387821844 551240633 396257149 229761606 865820217 337118046 720628320 746579940 885981697 450797022 127216010 217335421 684807020 331626586 441292286 150372866 1068161954 74485940 704704806 386596712 939955820 421974547 790066508 256155945 107487928 132413795 538349088 1025340354 231179032 231229906 375923000 772303411 984903235 565399893 210921099 349055618 342044563 592837921 492982518
100
558176134 35339826 432703159 709057250 252607550 329498055 24701429 313960081 676088321 365109731 677687605 91454554 65741753 607216078 433524710 244198615 89265012 1046620819 397438679 464901797 905104101 372528000 720123067 404136676 997290977 74146472 413474476 110563770 801509604 740630884 891037861 79845072 720989578 180175053 1015285255 418498003 543137558 768675396 261302805 780619508 192025838 223688683 807297144 726338409 178993436 334471466 540931515 423483882 822452431 872892202 348090319 947063604 151047384 71054685 31839881 750984842 1045264942 37325300 666536991 594120239 629375594 118721127 695252399 1021291501 595807307 748931057 698168249 1065782673 140823604 529880082 457517727 401738092 202773673 504562955 906304300 870761172 1024161494 793365093 30575370 358434465 463680264 875630955 1025129802 320616368 253671729 239810987 909966049 482052963 458455400 1028659576 262990629 2283039 7685223 15962731 204307540 517253069 949763083 3814878 787995661 966326363
100
873331055 835059668 962110520 912548211 386202500 285621650 607910106 285916453 680286145 884569108 1046368572 831353439 636029843 180208519 766034520 415498288 935389864 1032312322 413521841 434153937 924689269 277657597 543186893 986666778 421254063 299778258 94324915 6292746 79178962 1052511043 34638961 505333314 309110941 790298099 506801560 469455754 965725588 442852331 354436030 639773772 1000866685 234198295 660281339 631850772 841283556 1007496903 377508204 854741526 1060180631 541776943 593506740 753173416 109902377 350269159 281010550 39844547 1067919475 437061483 486919388 93106054 643927823 1066929563 493162515 853996467 204950492 374847805 626652108 808158000 263482749 234646134 763984317 696591496 208783321 698880597 1029044510 496884072 705091740 68283209 851102509 460693282 212057013 842580389 608241578 790675245 239415254 837143587 18829659 1020243874 330607352 931271774 64402058 331514817 80117460 486567766 64915842 352971882 730336618 702416368 858883349 607635621
100
712732020 483242265 979453467 81977110 324030477 158962406 504664474 756871165 985376076 140531162 891557780 534065220 175274662 962004949 526996640 854169276 667896817 517793213 199308792 564639100 948169707 774420475 63179258 956522081 393215155 198524669 964362408 21845897 60684366 603893682 60111911 794566615 296274211 350437393 236876099 861455219 772534912 861455250 922294250 262258759 220219667 145315763 1008610221 1047919235 1002912625 162078836 484736066 291094809 570862226 790041819 296848900 560456257 790057555 127589234 129370737 469815287 346538483 334608068 546816171 864670840 760603798 1042055651 271267320 3036873 681646533 77642981 345949763 685059888 483843564 53389666 800674968 12323768 767296219 440301304 974031787 577430706 217348166 393641927 592096850 888242479 929801285 686593270 888666118 882969479 960449492 362044204 929008999 213104084 804195156 762099479 711457973 194276983 953310984 608061929 512970327 1069065363 941046681 301792725 478061912 389946509
100
605987479 864382949 817812626 78724838 595106281 980035536 671938833 820372837 309761039 119972624 231270717 714356042 264002636 625341503 620972940 154999984 428127594 476699418 912077370 173237528 105858615 719176965 72896455 405683173 128947714 844717445 818494325 211045088 340728098 928296643 798868939 862019764 645156207 1032835600 929651988 537438579 346089159 1051734107 1013547489 1056274191 706284427 840258237 653544323 705468898 224764191 524763886 579009682 768624935 857974893 1050704844 382379881 451451774 330476131 1041590747 412410535 907186028 445920368 440105920 608865711 381133784 244213003 502383301 6464809 179306640 31688748 88941401 975644543 603008706 842056657 850007437 193071457 724263299 533058683 520484247 482622017 278351435 210229678 822207571 26786008 443979127 45167220 808531901 76920735 1057536710 1006660059 479558520 287166807 234270173 36189042 208273738 260263298 192340675 697464784 346096029 329217255 632027749 399012110 716459008 307230225 989854483
100
548112292 780949969 1048451329 421338399 377095136 319129528 627904199 314752057 1041635502 964778654 799802850 188060096 434902827 895763742 177475377 20073183 797887003 320538135 73411448 150987081 46630498 576089388 73262048 777201586 258460556 223031109 40399477 895968851 578712646 862440204 108034727 652085098 634549986 439516529 252858826 842486712 717567448 725698087 477943702 452345601 67002431 578681892 53141159 348210319 126050904 69759525 405873917 722621360 622618116 776514343 1059249278 289918003 388555592 495132399 533644144 2657007 373670096 159452804 274124031 372049469 577176682 291432623 241457597 136280697 642192263 215137922 947585052 266675844 877495229 989644750 380364022 797087813 508525383 873723819 673948678 246221091 868983171 929079540 428656748 830130829 75734899 725035720 1033950509 117752434 529870909 686085387 557964721 386594761 695517611 985697506 411479620 636366603 225158316 114413883 841188501 1049663156 24890833 1019193155 335108153 837780421
100
33136365 571847465 76037701 184052229 55371634 933567040 836361659 352034028 123171788 664405438 647378358 41158313 428551993 822766024 307483206 176539008 699613630 293981925 970130560 631828060 137192610 635828866 52952829 537673036 994658030 408692591 224133723 107828738 109052404 817679968 89627067 277386323 544579013 978058862 304604993 780299449 16164281 411846035 586219672 686578900 610520299 315762993 555703147 357002212 507355835 345910924 162154989 992361297 415389514 520057675 947488594 676374308 735023105 763418107 20960339 478869131 159009802 526560908 157066158 669162585 453957845 203626194 915855012 279086979 225105557 144098053 784501114 407962532 937643201 135555649 346288120 22620538 1026084499 863289095 648102381 155311974 31174540 99153850 605403049 630483440 415385582 1038739235 643274369 869567553 282282305 918660334 717442382 925644968 629547726 225560107 593338606 816632086 773551655 167257550 64940226 424146849 214932381 607403310 691624751 115470085
100
569314442 703359517 270502686 81124100 969380735 364326779 349286767 1053212654 486922643 729541049 723544478 209683946 144082606 342263884 332889589 835259040 61934492 61360173 41331683 54152571 15358604 844783706 937911417 608789545 750137235 257539668 687480046 634814238 312011050 590205600 739061532 878902800 680259756 407661894 863980032 963023996 1045869273 273459797 751792701 259292704 81668182 786099805 915182234 757252991 531426859 192934643 24550527 921013856 959835715 193782576 460535932 1011912271 546543599 1035896883 355993283 24145179 231057508 828999066 768372649 422466390 128942904 725722637 826606633 32472281 223943401 168703924 39480928 702733629 305424726 635271355 415101458 1018090594 325679172 881398741 407731492 544273132 174782938 110996662 126437408 339857089 123040037 1073183896 367855284 917432204 198896277 128319159 353282099 383556413 364725374 183020757 27568146 390212231 639174552 391564215 1003875948 355585377 956485504 8669093 410337407 1017042822
100
1035313390 118112557 735309045 569220507 745859170 583663996 252397169 384091643 756665302 652288278 672859649 292747393 513192612 682720970 178756465 185859773 387770920 753236233 831404240 883030051 392815172 645578346 913921776 1064088203 516913628 824618534 550586858 330535601 910777179 582371484 897246615 675548342 20015405 558608334 756429335 624864413 577059395 110835683 984559694 977579727 216966802 982124451 420654690 378546328 662791060 433080574 691612735 1069072551 39825605 796977541 142200851 438761362 1064834087 43576047 695691986 343408720 885925566 989348758 653888691 223619261 25194773 728125175 1008970161 964284953 100489144 545508918 163335690 100596105 809047992 785152151 343302852 822825109 351720234 470424582 879657507 428664232 527871400 719015312 38689844 346643604 958068942 19900904 717761350 770553611 718696638 484156899 895236204 360623398 578128029 195423996 932868092 634099170 907331347 644897745 575800850 411426719 945173199 559836324 308357902 954144927
100
488332251 320262161 525305741 254617567 128040576 207125381 157766643 303951648 86422721 721300882 778845890 246130820 202025585 773215401 130411214 314598986 418490245 671339005 578467152 556307895 577056921 782765573 893328994 133815190 1034008425 705371388 618250630 88670387 946969432 758379361 383639072 788590175 104315372 153266808 821981175 451721967 9146191 371119302 695982008 340182589 638117584 63693464 460198771 73328165 875895648 481662589 669878044 338273033 865855510 239503816 190600459 885687374 260425899 844808463 877807229 762014941 485091839 199250095 401425424 83036067 108898962 607654213 898129483 510411793 771992331 994599990 974874132 657515164 893152949 141821992 969217336 103354686 186289149 518454663 71419622 330438643 203189494 602635009 793821236 33428797 1055760341 708375050 273287321 100584097 951170932 829367129 73847409 19757352 1050328019 1026507625 360608637 616680927 212675219 864366329 1060760928 120184407 64194425 915582860 385877539 752170277
100
967757802 521924785 363130467 511085704 644563101 467699036 949150766 146296689 36818037 399116886 929164070 512509698 694934789 568364089 1013522161 489504052 560336675 937215616 617365175 933770534 912381804 1003592715 296950183 13953945 394737341 190586783 995232625 1051584373 648576699 211561572 685082827 1030363716 1040852556 192384613 8567789 586813618 44084764 266976019 1000288532 902476563 896963866 744626627 703697666 66033117 455892216 561175595 418215804 437705257 1019518638 441607913 584858571 65576502 959327991 871451132 580186428 565444070 457069266 916900169 144005536 965452608 739050498 683013399 378401741 204728044 98911631 640504467 380835866 545554618 3901507 954405965 1013261543 706725915 693903150 26206905 1006746387 715228326 650363939 558511280 267389572 782716565 22293560 954480620 289025699 307527493 383167562 32393615 38116061 187937210 645852535 996146844 712808227 261608216 845132194 573160573 704302186 366920491 1006872562 875618684 1015996716 272073952
100
175668553 1000547814 1003355850 628684019 762878330 249516440 343821214 28812486 619057670 596987464 7445175 778195459 711785930 860558719 289841299 912912805 354395908 435395786 178755411 204583148 161223643 1017696826 946851647 110901721 959061716 167291109 12767040 600639413 5513054 756495715 146212197 772787082 62661192 629660241 880150366 999809192 3125829 353338577 99902212 638177570 557592687 1040316680 530775759 50391631 398834881 473706143 985401950 453173577 409120412 995999043 856522483 412321649 528325955 756242726 610480116 760909545 394262623 176447355 938634092 932011800 59191419 1010135805 711535239 101644586 526806920 468854889 92459545 905440398 1006035291 613401343 38044440 142105462 1022921770 194707717 188939038 1011224410 67483923 289601604 546571496 705207669 39513238 185795209 827160793 527801158 561344277 776845861 414436728 957276945 818570587 653985390 259667949 112519260 219707666 419117116 196500616 461315186 68555083 11613804 1013550907 93086435
100
152418913 130130971 247305730 280846712 356883582 896749538 327949158 348288768 735916205 953161840 829327465 632433970 716354267 544855365 175986348 847420818 700564345 198557705 541698193 582926857 1012528125 681645317 337124800 720674148 266494815 625558439 787593123 881849296 1069836956 921284354 809291241 69440356 374298935 202440267 97522439 660810904 447168947 128974173 1018276018 441432774 1007736346 701762870 770983014 22576304 590107769 504308856 660890594 208829689 837911393 28270569 334991786 359180970 58637928 371729139 875542916 300319151 218960550 1045350437 182750459 1073693528 429615929 390914480 1059387359 171163353 975359425 946473450 404923587 1043900874 744859364 655311823 609849726 402622631 715925195 379972475 291877803 281290576 251637155 506738353 909684009 404791691 884426782 668550487 362909851 459930493 191314927 9093623 727234024 97995317 512074833 414585408 704749244 842361890 760618625 950474628 752151302 489247127 250512960 634814263 65297784 88266062
