30
100
227043877 47429795 860770690 448242297 476721973 20410521 842677553 83161944 87138218 1008631475 958547707 359600348 21876682 36429045 441391465 204029466 891296383 50157221 76930023 19324844 1072086487 827518158 1064135492 223651887 253566853 672025280 37888566 297456835 947101023 788286094 977940948 386562446 532737502 681216398 945588762 802676281 948900001 642452701 780948072 1305201 86363882 480769497 462090755 211198567 255118367 904480421 1222803 1036825425 947856970 210679464 14399140 282726375 740992666 750753550 635311653 180591846 731152864 387106629 1038205675 561114512 734898451 598784386 195007279 916394027 991996364 285312826 133472268 822176382 809705162 1029248425 854212098 944088663 924102768 122899022 596936054 413773319 688760130 349327213 84503344 457881827 29295212 215017612 888301787 813197253 705051707 612030198 108705160 564064650 114718369 1010650683 43781675 546987922 851006901 767654062 487329309 847567427 191454769 402852837 994842520 609355142
100
720694589 429771838 801729864 397448316 811984468 266212755 934412795 988574580 337078669 914931070 172008722 1002868516 959997583 845584076 689685896 264513274 1068904134 1000879533 780536922 809659913 940927457 191838261 125966600 142334854 684005970 956833500 587288088 330763084 874361297 911652095 644853139 289484377 578696666 154601821 808371591 102107983 272200746 366278298 819047555 509054708 54871877 205274047 741084702 586607794 954067699 295904440 59131760 573656855 261054655 204587733 42505110 465705046 240575607 239580489 145705011 1005368005 768503983 1015185838 291119594 851439965 882135870 805731455 214474981 1060438077 744542654 80495005 882210129 403432743 830201360 972340427 109247455 914853890 579132118 140886578 413846085 694909782 46034936 439432926 174214075 14474451 894463776 461949246 761687423 369714634 338806845 876624296 589323089 733320114 162303492 387986130 303385591 655659173 1068370538 982233690 131292602 713794528 743760683 1010434368 334332648 776155718
100
671562855 685276752 212291294 953898623 404581655 398127049 456776529 1006317532 720908670 209875115 307771501 145726505 436532522 131055700 953583268 512384884 300005776 881590436 43153037 858440849 192704137 523829889 325036386 284570007 194304720 89039444 569352577 664718433 476255365 725038219 144130796 338308877 191138221 666698261 739501001 711601281 865179823 469423337 45214946 370779361 578664664 522294399 813107749 1041197594 891564760 1034220117 523365157 809055323 526608707 195110507 865178519 22062742 795390226 848018375 44448726 930898692 76462623 310471922 896385376 189738910 527468460 130224250 441296727 114764453 657651933 624137582 1050453761 246353690 1044832569 1021906917 211669065 759400774 119910701 539153783 344930875 213818164 130723465 406235586 430850955 676008242 820690177 977730278 911434511 564266580 741127853 533999114 747079745 336886001 988042377 1048247253 45419454 847441700 487696118 292674805 508964809 972368716 782704183 127370908 683880648 113504396
100
824473341 746710470 646371148 796016316 944869844 62451952 356004278 176346235 142986459 581468184 809566266 785082632 668789846 55221557 241104394 1053195162 790187912 964497121 395742622 4124237 1012059451 22464730 748891442 448528033 888447037 730524801 697785155 490982908 735863773 637229406 329188118 162953763 145498226 14470554 236308785 709084613 497117140 990811779 123957216 62738672 830702049 310890764 709905329 231170458 595241210 268188234 79939576 942291993 920802947 119181304 18807628 717622187 90742630 252084468 61164552 468409072 235708561 149958079 967124171 253369450 399375219 619395329 743618808 208225028 656368259 929523716 898029879 655944328 359544249 468505396 148101106 940642343 844181267 335390373 530742745 122608374 909123346 188707469 994643551 1031959659 913750330 743312325 474897466 492794084 1000632469 1004141644 38464999 845269024 298542129 32801732 68825635 420044227 743463837 598419443 340640883 47061463 1040044912 827643204 303350173 508465478
100
405966659 453585965 444284513 813726385 407220517 781541617 297814364 893746398 427671101 400792445 141549775 807284205 1033880200 1065978536 267330102 196509449 378094370 979498253 241668722 953332061 984661711 658926987 553592391 396350108 201703027 832247750 215538396 115820922 663909786 450788515 962584126 746025520 511767281 28274384 1017071580 575884028 191226059 955973434 413688076 343617694 284349853 642023828 659127685 56666845 292697218 171548887 395797475 257378560 950967735 184845244 252397095 697601622 69725984 336462148 909593140 126938798 263705794 589423921 928227923 1037818591 252176711 656884874 992359856 934600002 108750461 685695515 1057413338 419153459 141452759 307864306 889329223 944367763 904704234 236524259 1029473998 122054217 71442929 587987205 788052523 797412540 319198282 651754547 308391806 580075867 814179575 472471437 695983564 466648597 78676766 384147188 471780477 461102561 1020727433 211194769 672742364 837892408 1023906343 190580814 23190939 182211222
100
774624859 628530508 136483580 923502694 155902379 53246184 613930609 1021741847 909258100 1047652684 114313340 967831323 441581747 96852663 614551724 661041301 6625958 627389774 404983568 22094281 541456208 40957337 256370879 177998755 1031283704 781112579 257008722 814571055 416785322 314999389 499619429 824996130 237003700 110979675 11427354 696374352 440385579 112398357 807252373 818982963 866261092 610268552 58899073 812365419 300839803 907613203 488735369 973578809 1055012047 110748922 380071904 950880514 239001731 1058470375 971035066 984431314 654045183 251340132 551779536 1027011286 472823406 569455458 826308576 343250913 811226430 188494261 101627947 89410792 35242146 731924629 81849846 676073862 223728659 1029579550 167272713 920466041 544831179 537061329 273079603 932596259 559272008 873382161 974237379 382390537 27823312 347338151 659009297 475741784 259404263 70291775 383541491 422623323 564822746 763665640 683285832 424563974 1035007287 881256344 907890545 563735150
100
731537062 510312915 46034767 898349763 746976846 382925398 348777349 88763619 3220017 55879401 23656595 189355858 927391186 535828987 484561439 58158708 335627546 152950532 808515187 882861039 731888852 47853306 15292158 490769198 877243186 903343324 364517585 938462689 174047302 984355371 817620259 439529595 377343626 855941996 988269006 486958771 598684505 557614247 643410383 847575043 597151603 652109291 524303817 140145708 345214845 317243336 1033675907 452736944 1007584382 820305875 204702566 701775959 764906596 438502693 592557824 282235307 628066941 581799132 138843011 672573819 328675326 465907353 1018541382 782435420 312300672 234375425 723673411 827109923 732946045 1025982012 676754840 324598380 934362072 17293433 327608838 444272919 592734802 1023012456 962060405 606329541 444698646 171876286 2245998 911589727 629482542 937771445 236781727 846108816 281782027 469689225 206288219 211391046 237759233 300618492 592778007 249250613 486665416 701475026 295876078 451524435
100
1032693078 74225438 306353757 448656286 398793940 798100873 137451601 641155730 431633437 979525173 632785394 735478815 355282182 968285388 864624968 171174002 527925992 436247581 311353885 387558683 998250274 237743769 127980160 663414157 408448403 309982935 594198342 162190242 177535264 347572240 1001181316 906416150 380794932 493524643 524955158 738509575 454713659 669055123 718779420 595078268 681074470 826095108 664582008 1000324315 542301674 686107073 725080657 369982832 1050191616 385102265 39448722 440109293 303402471 1066594174 222884971 886002660 1061170334 72784068 421333711 63800655 403877930 118085608 753506293 121659145 6337814 461454439 910451672 470988371 257700846 677198690 1021103799 1025604688 521895363 819707937 152376725 80074376 53627050 605768844 902801082 794412905 800050237 946973108 971146800 762930881 840166936 196618312 300073542 721594950 1041071709 1001353504 389675025 236305934 940803121 735897014 1035462630 395832599 405510716 948146344 621943266 1023089088
100
681223736 671322722 155960910 455269940 182686924 385783435 298298728 409879430 209823086 413302979 276753052 1007440093 28650572 1046979894 96580312 964697589 194791737 942884434 391945457 94621968 1783851 902142283 48593439 681732979 994980283 825481880 513457791 61777383 203873192 299922036 311916944 1057545529 1526100 329460062 710794935 354815674 736922693 571698329 486170043 940172479 842716325 606511789 809585481 505795362 838672835 143953892 703142257 474956735 977961616 1068747470 394469415 312398584 440591907 868237501 345306563 441097266 647330870 1019071049 475289473 315463254 407020966 23646158 583508482 619577425 981169398 853999081 659347913 309648788 935378637 355076607 818496447 833127060 950254195 305563318 704875952 64762187 818557528 717277306 585795276 782681525 689456270 852613625 298477607 1066562132 270644042 761692328 229813561 173509805 474269031 104485179 562986078 569665993 353416930 489739312 95526742 624183989 735689055 319732293 64752582 393697538
100
192225534 133561270 114144069 982742807 609281825 637965842 280463768 975128140 925897017 740763433 790383127 870662001 355417622 762636593 390782309 558176223 309406538 289627329 487912228 210259342 575818158 403779924 1012358784 1030559645 969564635 906083789 595690149 82765518 699287730 417138926 435015492 477001223 650355669 769155551 622677267 781937362 30981675 27887790 539507274 180454877 642935904 598107849 284538662 895181691 300024162 183719813 655131241 51170338 475353829 453116059 940492248 761697515 313708000 182631077 1043526332 454430741 487824142 556435878 357281378 660737411 586011502 745514367 858836635 253193017 633390276 513708667 547055164 189216226 374687253 933874116 130474399 209213773 1023679535 978711019 107557665 992927979 699690527 1009035108 282333090 485148755 75778488 1067439367 475085576 1056988095 72169491 780639377 923526332 317466764 74899977 933547809 739841067 973372862 801752251 172094907 309404998 413826169 976483851 663546312 770462978 727496841
100
140705172 429153753 38627547 852337382 608810191 182264904 979249154 560270988 1016466701 496399183 77808819 984326660 755258950 11061492 265331273 228008582 692230998 200225472 825370946 724228365 1026529918 1069562432 1024575423 340969176 466636257 787997061 413991432 524347883 121504776 479506341 840700678 478056843 571410527 641322296 885824712 404996806 150723509 757608667 57796863 803646697 700644544 260103088 982301057 452275719 713900183 736241116 15509705 751462265 458537782 431102728 902634101 275931737 420493309 950527713 510639047 904774661 10830386 979784088 257332261 799511202 232963450 288967779 796894618 170854807 151391844 1061719546 507780434 1017609742 864867038 433143579 918361122 748704630 995437246 876132102 634380029 608632835 424579130 252332033 172224384 103096620 658325616 389159893 545539175 1037869101 642921439 973545551 233728533 697558659 647603948 318112704 970001169 1006903922 1031942751 1071595902 75239555 593206146 1073640419 964312673 386159291 359012094
100
625964358 949803435 1034767476 996444997 924562320 279424360 780364344 877822320 531522978 1054881452 573155808 972664644 932508518 1027682135 226817225 67590755 203762889 294134506 34773137 571773009 901301820 779648778 554634139 708427509 640410933 121648131 771801486 810343708 787528876 27256130 588845014 445391606 373963166 632859098 102572578 1052201623 864010126 614554880 550043364 282693751 840692991 287669903 736009172 323341299 210280443 810525573 810746477 629651402 110727823 430012036 508265583 105599648 819504972 958089298 501022811 444399486 94686664 661991513 700397050 304361040 24520475 925613352 409348823 297440358 802763363 121779440 338927296 486667507 116590912 651978247 666013769 513440145 329296984 387057513 789500232 232495803 679698388 43886898 876260186 582064210 982259681 357119269 930387037 1031897625 366474545 926547752 706671348 659935289 502255991 310273478 773583623 349539262 482139118 863961771 2058816 617088791 1002718675 120941356 262720654 690431642
100
877297853 731328678 671234301 617251310 243159416 378102909 666066910 17019186 771459229 175903183 136939581 485802752 108556044 794292891 558428925 735133225 877099981 207754661 480529766 655558275 398029960 146813683 118512038 949975398 24321549 595791953 617883467 348363312 613973198 669578701 695720906 567889601 1039115616 113914427 309594876 866626559 559750398 711045042 172203932 282088020 693881350 233019404 664425418 819714603 374502521 513018218 314685835 565661814 99145343 810539694 425644870 196395819 213794017 465137664 1059208264 459333058 656652173 813408074 673505601 817862073 666622486 39101628 267602117 331474704 86117426 1004218184 512322509 369533134 704342586 237980967 314646067 976765306 890451373 151642194 670369593 832168866 694474157 584811273 316287491 9779799 674588544 1022227536 802291224 593206703 832495376 1002005613 53942245 468461378 305051500 534763884 979788090 722525870 377107269 679519131 847700427 371521044 399125874 735437326 676468656 62264984
100
1062082332 442425317 693288164 655938514 1016319200 363917003 1024959909 870802151 758467001 445569189 500058637 435603215 719213770 98609692 749628496 354925398 240519802 832114876 605336615 66340328 464699638 216732532 247487312 678983834 913702058 55466778 594143755 211992928 209876172 664013541 818217886 284019413 320743377 1049503985 910115539 927329462 628260854 856397503 1041114741 234630247 272402360 858429874 224267734 954781036 446639708 893645714 129254732 958362097 675912808 686852877 852894384 1037486915 627284008 652977201 549925341 996530773 150075946 148089076 632320311 1064878140 514142658 806060460 667065889 1004478131 893639047 691961239 124096901 194381976 52648916 138988373 373730385 133137005 241215304 243695976 337138676 502895320 717943622 734738107 806649573 914809635 733123702 813968152 513036573 763031485 1007542594 365363120 709806231 121358518 732309082 374275992 152074711 225141319 608086832 833288262 603872352 1045067080 635946621 421372440 867542845 73854904
100
871536845 148553081 1048048954 673534632 524936201 434711207 965308306 240670153 194777046 928427866 567881515 643017956 544789790 391863726 419928980 45702789 490885682 49333694 310244350 125324154 65459014 232403499 288104384 382448471 953887474 734524572 603983572 938920179 701995698 619168312 146319959 221140713 991513447 611590189 787895564 711095320 824858069 471130157 799734746 584730660 192043811 1059237100 793491018 802414578 168930654 689940131 191231754 647631408 667486197 452398992 645549164 281179082 653252670 450234484 524202215 495279222 784012784 716135699 44723093 258079530 475442087 968646840 309166260 1031830176 429092708 764205742 196456997 1015297497 19639050 527958728 878907376 113245335 383792354 864062938 386799806 134113249 535828504 1040042557 8481373 89144963 917294395 94096463 59310656 898820491 170721985 260352753 37293565 60881101 425719169 197446663 1041124301 526301024 520313143 675037435 982121231 924110879 306041091 145699643 271277253 785056297
100
583491767 669565973 798287202 781056340 85502052 965359305 889372400 508803468 544908987 294100432 321414590 308645444 55140922 357336507 200029948 638551822 375326690 922971968 781195933 471156195 332969911 206221243 682006487 369387424 536371524 91546024 602274215 1060863108 615886868 355919146 143360842 396857524 282069050 853897352 4240581 142230712 594776778 61092010 565485407 861566459 1036212829 556300704 22759970 986806094 198866833 653362971 337501 418830693 924208519 689458418 339776548 933020504 1002165859 974706591 934770382 595516196 743047120 792149184 368761207 573947432 621483897 627186582 376349564 686885289 850872209 582266249 524770561 809104206 926557004 318400161 1003225966 658534820 669860708 131474959 609086957 393540763 416936597 393148066 42516974 527478279 684976672 784621395 828143524 175008288 176102988 789332921 588476038 802551810 378706656 935089301 229020111 882647598 199913387 287379528 951160061 1048131335 574270717 94655320 218697813 657989974
100
438663407 304424286 77598919 406192142 330588 433165154 666546794 801307012 231081103 920015856 209254706 611945454 90611361 1066014556 284718713 800310705 835892298 159439166 837501562 142340277 789688681 1070105839 937718998 614399721 51516288 828746255 931867920 1005586109 120879670 973226242 83241745 483315622 83380179 855670638 11663268 826502813 309055943 795065534 859020539 742453920 759308579 557934242 28962600 920723760 229655326 732693901 635397285 497763026 745810321 273305910 928939725 775421838 27728764 470570263 97174112 767839091 339588479 850437361 910180355 293954321 207059553 487301446 390835390 701487101 482341773 172149726 596445820 23309649 37970320 141438019 970383502 175080489 163118237 357680196 667681832 320657447 132433161 203494518 37613795 599215087 814932942 561950894 751677753 415303084 76454668 321512584 546395917 59120521 542557828 755787747 935330848 469831737 263318555 161096547 44466845 388128624 746839133 1068827886 812019086 80550504
100
75949103 608299364 823825501 466257724 604206871 645262451 615980817 270130338 386160214 1038423923 141154121 1001087810 707858918 638918144 538542413 29128795 488985985 54574875 165705068 435836623 495394086 746605992 771857526 1037739940 100596120 575326446 349207616 625320580 356803807 231834906 668881956 892583486 632301253 871916476 1006520702 891351363 168216921 485268551 569549872 444039721 409804144 261887125 601168671 995387436 414764831 646924642 93073587 71777192 1066338882 837273292 383754075 519026336 469970681 277164250 637392391 295355706 564631077 680713202 696550572 37824065 88237551 771749216 157169860 831101858 915961410 866401238 101124555 883993327 503334220 437471206 503993795 796388831 682556417 224421002 969641393 293532364 452035224 693434269 367792669 614968627 331588876 165378656 484450198 208172600 695682972 60883446 545573676 808295711 190688075 1060067303 751374068 757893076 547668576 922854049 1018947208 373973860 819631336 659922418 865172356 989357186
100
347825040 460415498 673683459 580502603 749061009 337634623 414597986 477824657 696069363 198468556 351851837 220989469 301409813 349092957 322987477 1043222863 565466428 712886821 92325778 663169865 661068047 21557593 578299773 759526514 721727772 206486448 586825157 591234293 1019410001 1017808106 507579963 28123971 602186627 504575814 711276757 431589517 43396586 484775946 677370414 83457355 710749603 837329918 758643716 1065178551 182212141 677936113 205362617 403142226 451804909 862478643 544480468 644237407 441924522 252658201 361670013 69383779 278234385 999708285 455054084 401901740 998830386 927943740 517855322 548329926 922549249 1033077686 622971030 278305543 72474582 950950992 419133297 911550724 1070104045 85233909 931441098 620294170 1060296423 477799569 206591524 146153702 202052423 1067212437 253343011 442070221 691215350 1036474230 353690131 798950005 450806464 159028526 847448929 987701834 896170709 565000122 460075807 683893498 237019465 932066714 211844996 787844601
100
550447187 140712810 184204286 374399506 382478576 1012967119 615283076 334017667 992132221 953366356 67238730 378988172 445239435 989194433 236675796 495212085 788318128 791281023 163648231 300502634 848008707 963612444 1070142481 915455866 744615332 85184203 672434462 844760987 30898994 381081057 941044644 16468836 1033581139 504039001 337315960 998661713 793487920 250608465 414307383 410139458 1041140213 466291083 772206527 959122684 150537558 88035309 453182642 426428070 945514757 363288577 443802106 987515982 859944765 150095478 145383487 902507362 79385658 331783069 473978483 769778487 482067134 923567084 16293447 137936262 10907790 255965311 401287347 641152746 802657011 423161746 342827634 386529123 951849786 942071048 695543939 665803477 994741044 589218535 1061391529 937200010 502223287 39883226 902212076 4006060 171808539 790272430 199706903 80702156 519541181 981518805 546903351 73345118 624933503 458981862 647176226 341895226 1057298758 594539035 266630894 1051717661
100
677645265 718718581 619754790 45719179 503317003 634458072 597288025 1068970087 971987440 875326713 753269535 207935493 459508553 439149823 439316420 981996509 456798468 982536406 7956984 8719468 461949363 476401580 723979087 660623540 665847822 68963190 1042499521 193700538 945337197 654609769 654003754 953144327 956045390 883384961 850231499 568701480 1054476501 766726141 338623943 881853230 998141255 74012640 636073895 323523119 389571726 247352690 917839319 231885763 170194104 648165822 17519910 172124807 1018121080 824168465 24969290 810726302 849907364 692449921 1067817050 286180139 106511541 940394084 52581714 892233944 53353802 380360916 474850963 883889234 31637925 889770802 515980128 981357002 38507820 574767008 702585697 524768885 555843049 24567174 569265956 381000973 846269707 692454925 174954647 46043727 999243619 683122855 148028304 549736827 28691944 276703109 885249605 748908759 615058995 197442591 23874004 100523564 118055684 133909424 967094972 475319111
100
659735480 1056010594 650357369 768125407 1037784696 966378126 879639320 1029404571 628543353 777611243 854828540 817291836 152107013 1013899402 544778755 30266804 600837037 487076191 1058723981 89832986 355417281 458243523 132047360 228190248 389368027 580825072 191623749 415199676 406396245 780956040 656809289 285919831 904301517 518960143 897178493 1050264481 460656296 804948332 678073943 761082339 289578381 487787628 230048975 869342347 541364710 50600255 337647587 962231980 134257506 749442553 162805523 359438203 704627830 324225810 857115877 584567507 971867863 37571559 204383074 753144242 903147521 992276279 985829527 773388986 640538035 800479142 1003680533 852834993 699144817 574524477 482999922 337104129 486736385 102113512 567252934 689742904 51287534 109604599 315916847 11463305 773134857 825843101 153525069 760402506 252874978 525056628 1067460550 833156724 1010847827 516563448 398733251 615336742 877307382 202668039 1046080370 934518306 535202730 22278247 442056578 574859087
100
3647296 960121258 439789877 12908309 8112542 1006239010 683188612 633931359 469585392 543543079 521079181 273519071 660356236 578843516 675751623 138851399 611223593 437364964 925756236 226803600 570783331 682825129 439576153 308437363 180852794 82588696 287032530 996333552 455168659 791629571 446685627 733099467 881718965 633966141 308242112 851031818 180054734 1024987937 566656174 54142328 894067308 429139212 952699895 949898534 120399620 696806879 1033211187 326598885 719777903 612451966 614558105 39202508 690867560 113906515 749792138 7374008 766581775 931770571 213696263 264840391 335975017 139456471 1003946550 415754716 83875549 86385261 494003681 91667487 854239416 477411333 111795702 47478138 293443754 1045424669 58024456 787469853 1014190407 855472310 1021066700 515672314 504786824 281376468 597193117 315897929 222292807 694167297 214082297 647344646 143265734 1066592202 7085314 22289518 716833833 365834305 340287742 361249414 849470455 786340985 248006360 104186004
100
704842254 961064348 519485603 755703019 1006224538 976665598 660535044 518270869 651608641 172732628 1051303624 215269811 984936486 440550296 417510982 725013569 429166323 145200359 721341339 479313824 821600086 430550788 261269797 503331859 471162494 1023776342 840768008 438237763 698471074 276228581 454344361 352701372 278816634 927667169 187429173 839736173 933403332 301599259 813480475 711161388 310622400 451321482 613340302 699392816 40282293 799563720 241812228 743165077 344901994 411109779 941945785 684570588 880532909 836732236 598209837 82579048 640223440 907180667 780974754 335033857 629070631 126644041 559280287 594819413 407531147 106658052 443244911 679805042 407605978 766934175 562981283 927144270 992742004 818020143 347634828 187437119 644994752 267290223 194361538 238442627 767464613 714246461 51219616 977913018 837675281 581038107 512453317 656314214 937753974 44377518 284790420 348451698 908397640 944879427 195023029 156718248 678624640 543589701 626559890 647559225
100
313361352 147689435 847465786 804234652 390400770 481241346 738444577 506327175 814921676 85406144 728513612 823914212 797039653 294271118 1012396666 980436929 435126191 659076141 352785231 4016816 90566704 1004685342 225627861 220462149 713679379 4004139 1050411510 170668697 534454500 813904348 14053123 735297994 480956376 430438147 370312752 472299640 526989891 158837809 728219157 871541834 346895391 174262334 56720431 90642023 647432843 7920069 147885404 850706430 779158602 960478117 2305635 192822974 481260096 73521537 193307754 875266398 229789689 928826433 1011705214 712141847 736785442 312956559 980472079 312902948 843337998 452962651 554530928 430027081 469386546 500373592 222230363 525860937 288390057 66213500 46685292 241731951 704404656 168006276 944906657 1027430406 867798571 845458285 322876640 898394081 1053721631 141522172 425169009 122401236 490905910 424807480 617931648 476727352 617080638 451754986 897698460 450921323 958019498 359330084 268376123 48840270
100
142524343 979807540 527835845 287919784 830633659 198271299 254871099 989747923 199279883 847346568 614225435 243690898 562032070 179550984 472159320 373440011 85888208 509144875 791995366 82621961 483683150 742006844 463512894 266936952 925459502 592005101 250880734 169276396 24402077 354458064 92163527 808259355 443823246 15883230 354781693 436120926 676660026 1047219956 207194891 239848757 227742619 1045014353 95699068 150942400 342764783 212505882 287036003 503052358 752800571 1062231255 460828116 81571506 624925638 6488051 239772008 71699985 438079897 879588671 952371645 632239637 903522822 278491503 874122740 348225173 1026115870 342605723 490662962 263313419 292542009 8595904 776164895 406174740 111763570 303821117 972545386 653635060 643846953 22665047 211775554 1033849615 1035745919 1050326453 1019536862 368634737 550737885 827565796 126196471 379114055 565429869 154844884 736304713 673312356 366014367 146756441 418245910 2632381 684724134 236115115 719011746 958287597
100
105133542 592963000 418344882 620678610 607118731 27931427 975564654 236686002 726029821 527760438 633474726 396293339 476780037 1059955269 237112455 653564372 426670415 160903210 94230364 1028146409 568578283 265586369 1035488537 1061057449 576074700 132356459 369626068 446093926 756930380 563329679 70898246 921368760 441972646 38336533 684617806 318422523 985878651 773752809 913721198 741948876 1065559374 624575614 741104460 311129231 923458056 73611592 74641970 376118252 95689588 137183041 643024271 333418318 247568324 709601637 386253428 956219491 416302858 819790134 626678296 182991775 385434560 801231672 173302357 409746616 640037697 743476086 76187176 1037095723 1012547149 200827387 104285748 426186422 1039243657 916805466 672696640 350383068 723099133 502743335 897629365 866375780 503542164 714991228 272336161 711682010 546520991 694955125 489160374 555851789 915276114 838095540 615157195 598410639 394778182 683622365 341327706 855093305 974449910 795926043 427669889 465629092
100
225150874 509852673 883359664 159467246 465863435 242430146 698404097 869088804 127635491 664456269 116377981 223977454 237470747 160972368 168415439 415118525 772404785 637989406 455810279 220075749 700185638 777412396 914508408 560106270 522581695 520743317 942173561 365455621 682913349 300176023 844576165 495063960 880541444 316717332 831464187 7340478 1044272591 236661266 379570750 187815613 560086138 252363068 985934197 705825474 137410143 867129694 642059372 428745565 367602906 680840428 1045659954 763198466 159296461 1020118652 856513689 236494472 1058024989 524820807 584961722 811805614 644741683 555538860 481036142 1035621265 1027477115 717065646 646572757 344579640 462527976 740396401 852809171 174703625 704486510 844397504 972714638 505828944 680024967 923303562 55811314 376764351 100546223 823000929 63395629 542598376 662654952 651361274 489147955 510627013 676879415 105637551 897281595 12974385 175669285 266868480 295962431 717539181 135674942 880003597 454427008 594096284
100
537506590 1016177153 166568518 956319295 242621468 235953927 258893529 1000706515 799905301 475546783 72015395 883800561 356071867 887580952 507856346 288954039 465205221 53047685 983765524 148453197 99121677 942220860 97506767 746012251 145298129 707794777 541375338 66670222 438779507 369512764 246844714 226035479 805909337 801382662 30166455 958205995 992477837 1030220065 132145308 216512388 426428477 161613237 160318154 873241822 682060860 428392755 135189269 496987771 531296896 874928334 849685173 917353888 348871586 923996413 245237191 1008055062 598021473 663575035 463715274 413944745 904264479 734135367 342411299 75760812 222815842 473335077 703259289 577179764 253546324 696732442 500213721 685140696 1007582532 653009523 782488051 1008731576 821282595 640985535 518652123 1063126387 131949576 909039185 1046352617 175181167 851200941 11110591 46927193 591895700 860071663 965030245 743544012 285506001 635981905 210011363 654636485 534130838 807396474 1003438235 440712493 881958233
100
760807220 473030864 526486033 396975465 966663450 236353502 891116222 436452017 711503099 1018889067 387500511 920454335 1016036427 1038894831 964605178 752700014 601958337 716419270 680065304 273584059 78462936 67392176 86466373 550555210 312311119 98462291 837261588 878544352 147916201 724269492 825249050 469556454 996917166 718598082 102839151 281956589 386643944 81223883 27935280 709293860 1054250279 206851845 95152639 415714532 504438014 971277063 808608385 569022501 779274307 934081613 287180511 640800774 682059667 116933047 80396870 166479177 280025035 358005258 243829863 897540820 337299088 361165933 368506359 57712177 1009944264 917043438 982893872 483557390 179631391 578681083 152871503 922184894 866413700 28743657 1047254036 529265847 188271273 596755313 740822085 108705042 723223686 206445614 55788586 1060882447 107072214 472903200 24422674 91342222 536264344 924694827 1025611982 720786326 459781519 320162201 385461809 934823633 742690499 435904660 610786710 772625166
