30
100
826422928 100615646 888838552 190313215 567451551 938918602 83596916 61621818 850675152 753601594 850394994 321824874 874253708 956686883 992158557 518148025 94680094 556786175 802182178 190522383 968067128 1049965386 650815315 982561693 512471661 677594118 854345383 543897430 508693940 735155512 661606520 624732017 226725867 180852584 882001987 26730473 765477458 833722149 1026168620 993514749 537709068 358005119 524524663 787011504 57442466 834799755 204918288 530967114 1005984895 865112035 919431428 391914709 897902964 758548771 274674182 33958304 73961782 437098605 134596075 269593024 674591707 423500006 21625390 423688586 437751905 987068727 32296301 763016475 1047133479 832284685 682485738 1027175632 127201394 1014599833 422685706 126718414 376723690 578987792 728291033 132315771 717817370 754156844 387690629 838670083 74866931 582457001 108711135 651869652 747549769 692573641 886528989 829700130 997197141 385128401 15010330 109401700 393444401 854354313 606564693 919966933
100
395443136 325916910 1068519412 513510723 737353670 645531244 696191236 795914916 829608945 121888249 817347213 633984303 855138328 325161700 160513241 1061460724 993362459 210806814 724548215 462163943 399878745 796000446 859518140 641859168 396904503 165691517 521279549 915068827 572008096 880917563 201974103 536751161 1048696960 628619896 745525415 654161086 574305608 743359451 591114130 146074129 610133357 160220079 78030014 222506494 111607529 1049081953 236460183 684884919 452833721 610153475 68856267 110942287 762512477 322497740 155922894 924965694 46964827 624270742 762566999 554657504 736931515 714962527 675626209 43940085 648594572 927538376 794796331 124173091 81911646 190069913 463353785 887790447 451899847 998418491 500593488 912127176 112164831 670632252 394095742 510216060 953011139 36380879 132470288 199983553 169087509 488740937 587530649 1023170606 248862330 91840933 318469106 28388927 180764699 683583489 432114100 778473172 534021669 637882399 79408064 596653234
100
1004603621 673027000 1062314752 150163260 706669533 609362051 325144012 833241400 132296118 198785741 133714564 672380537 17391297 474859908 718323837 941965762 670284661 562411100 125071728 460742869 186256619 100532812 207516152 839473406 134977890 134539791 783350293 866329481 666608828 122952356 880932267 377776711 708706560 588051919 201334020 815109134 173354710 742975125 468884810 676847926 729026062 95405508 139809038 590190620 387259929 616975977 1007913156 1053508002 680087182 233218647 656630596 199488941 144727975 269803175 109295179 811775910 617403073 975290418 970884856 264430330 530934496 1053644825 550638159 408528794 317078824 31182910 941778361 480417404 491999589 340672456 894797698 803290648 555668100 976326563 763113306 363452139 162844440 817196797 707333845 874708983 705595862 259872715 769173995 554863425 116349465 207463234 256622456 302471762 715988062 485928542 26624445 808602295 845558473 769658462 350543581 281031297 516363679 727045445 976951649 449244358
100
597288539 447475893 873952798 618062680 528177835 550443433 646388006 567878140 699790723 695518960 260156161 172090764 572238070 786039204 334944210 159661185 632957533 668963264 49577795 553221754 158242514 50689701 159392001 441175225 546908083 455929750 444684605 1065362084 232978213 40047675 902786348 922875461 675796111 87424290 162785160 206727371 316025114 391543865 41174286 540870407 30862392 814245206 1001697534 900995568 206546970 1059284655 801493406 313952031 353406520 1000763746 825205943 920731988 180394958 387953134 856386582 999180527 983158361 879433912 620669453 195247223 902260765 445215368 803810799 57768215 362300578 345116937 815280279 860474140 1056390451 33620812 638615778 832941688 568040798 811851333 692174896 604512066 363046774 900142413 741650151 670562868 529213716 679862942 788957424 263580972 615522194 48152538 289632824 948959147 89615503 804155013 645002032 452229977 593730158 112431238 1021412686 380034175 573550806 922538154 370028426 666350219
100
1038326561 673919714 589465744 393974580 213214719 547800790 338898371 1021196619 730696124 129557996 370447871 349738288 119646645 357509677 254495298 432850014 126004393 1072150950 102590766 1046195349 64243004 237847273 581580681 561266774 624757367 1013320073 246628541 643224426 294723654 386400929 370739032 352223068 75067385 67371342 374162829 60987386 337211587 345633584 146587058 776089560 1014333502 566766829 896703168 225160396 857459430 631752367 630677718 833776755 852608153 1011353761 1068330423 629438635 625488157 920315765 296552775 458378263 253213850 876908769 794953233 976922270 680010780 39847965 900526532 799830508 467922450 596300390 898225585 145798640 945468114 877245311 67012431 969842012 112456979 353925675 777160888 683379241 324307569 750181556 473069865 1061763600 794334188 260334951 1000412550 189004561 549717609 415067926 752339155 858976240 940294960 178991508 108580028 338453683 125386860 454614589 884267534 825242406 120242606 698338411 675703100 951727959
100
1033680386 73695963 159306778 731128953 299893733 1024401446 193169285 573205654 611003006 559356794 654675829 346679009 952964666 528724187 518037000 844093791 1005561867 725061230 409443873 251099767 6832612 267875581 652314600 697964918 446522177 615802998 85738823 914085644 1012094364 121335916 63415918 537325006 259123449 11331732 394946127 261589682 940916827 912089418 503529250 901395861 373009996 348262410 623382243 933153208 396534105 877318135 1018497999 499252799 715432084 306950743 496896235 504331953 724195345 441982740 1068747389 570332027 855684457 649168189 166685329 929782381 254153786 279681923 638963061 825134907 1004567204 606613692 614803005 448127997 833545677 193760356 171871040 136243631 1030202974 332554007 335387288 982943922 370527493 982926104 1013984934 117377353 593995505 306564302 253764237 723430429 801131097 718220097 618735282 64541370 289288949 393500833 928294210 624146448 759754371 480500416 374716076 724351218 444062020 184095635 775890467 949824666
100
247865780 977110557 1068616995 691441909 97079523 840914134 498511886 319266684 1055922816 1062547662 171560638 190597475 575256083 152313159 398860027 1012477694 562772421 868996808 179911539 528054822 1002916580 73611165 418749492 64817849 289103459 871148628 997416756 444576535 1045727575 616872001 418488521 376145063 927850875 374114811 927622193 523775056 671772077 682794973 254479372 208232192 772580975 1048280198 338911965 545150505 481134183 230452057 29176716 46423103 502606559 1060787454 47084006 121530683 750191685 232694751 435680028 741592859 382965420 892614828 69383744 355989087 818006602 568225495 797818059 868035214 633457656 54276377 108950298 1032091311 442203573 296295915 996518124 159158736 688551715 420396046 981146086 736222083 456758792 465026820 588350991 850487388 586161871 764894100 824531540 868294260 64122117 1014410314 233302277 906945001 207107036 364520948 340341334 538497372 978996907 514923558 885144799 1028690545 676995435 547444151 165805597 486256210
100
1040232770 492753647 85130797 431119582 579787174 330205209 871573425 325614904 71371398 845607620 871377301 991524309 389145802 1005132028 337508370 124431714 721900316 689498673 836774244 998188594 75529836 539199414 521318988 352964282 706597485 630594885 417182353 1059676693 118821397 726092154 864440698 598726784 1006861345 248845907 399419989 112682975 823132047 263815606 783730932 849810487 24084513 53974507 548451883 487116850 612182753 312676894 496604243 382938526 215538328 516203231 990497738 218668526 306023509 962374305 382617457 416170679 520217580 67541566 329040172 542920244 108314740 704567665 911548006 342488003 495444168 411909978 576838794 670492774 729454599 269884158 873041291 982807363 209097237 638831557 1069769821 261099045 743483416 377154042 232837497 379688440 333432059 290127695 35532637 1023347536 530307566 122539862 1055686410 938992355 443998948 390541321 1015428228 1014621706 606206739 588739138 1008800598 555852613 1043366264 43145796 936319755 985165492
100
829488 803242934 490861214 870707872 149041297 1054394987 234573806 304617135 41321681 759745988 485346993 385668231 41036737 387971677 251076249 192557431 1061054997 340166487 996747133 840081811 738302694 1049805529 44263895 423795762 429791278 527134346 222818116 162283631 611693391 128527385 367905544 693307818 754171277 344521142 426977927 837391364 387948687 750894742 743503309 610496742 330958562 286189426 496107527 943524730 61248630 868356872 38782984 556506416 480522015 724422297 1054263493 707211835 345364245 989553257 617896409 285261330 1054740340 549301827 137371650 32915439 898553533 139662834 1047727522 251066195 510668627 216563145 383644479 42576000 438253567 867129116 999399427 981922046 835179629 496549061 376083004 186231831 641394093 94871456 108148701 112682842 425923250 28050191 755482364 738387739 693772502 595151222 472020562 650820337 983620692 149524672 961527230 93708856 490442957 557850328 995002050 24150157 783618500 784129585 40527108 971678293
100
326298175 771239631 326832437 381718962 146025468 999697807 985151643 732433318 950273636 789700185 723065396 638404880 297997049 1008026208 1009799796 148567146 344321599 754827137 613625105 862864143 189338689 209621176 366922120 52424127 355716362 703645353 294473623 583252255 752625965 712169496 445461441 979406391 465440318 993641073 869043150 933438194 467096407 599112257 808088391 902640289 16444820 678194106 880836606 572737145 598551703 699058995 817251972 404426256 798689029 728790438 17886898 382486500 670988038 1043767601 489740321 526793172 746710729 309632405 913264305 44808612 158641406 453239994 730746630 565691774 643995994 80067369 65821446 747416684 912298262 875323536 950951516 925877983 631257969 730452034 781296376 341032747 538754601 927338932 660067725 47409672 896698886 1063196930 503257618 561983251 238303056 668219240 892874818 184484171 525234771 1004477384 466397212 835381140 139261922 974938922 250029667 310121783 294822354 973453624 779073822 418943584
100
224364734 737033241 591099039 175642169 847002672 950324579 582723432 578582000 645336612 1003770319 1001604243 541502852 684222931 106760563 667516124 1046287198 198564765 757937195 266408036 1070446058 6263170 808437271 118314798 553900059 602762153 397224984 250599843 975207909 1016962269 1045438551 335575310 975702210 922147594 306220735 511846433 982967342 748691397 872843646 187052911 187646507 891287746 1042763144 1017125359 1041360830 67463259 749623060 497808767 745802096 572282384 269780509 961114975 612644813 563056385 859263714 623729842 827349992 119166582 542249574 950775553 901694422 78349912 1026247408 278676663 602685230 203177909 182982796 788270501 847334288 853289791 842506633 458020736 298864923 431311310 684235514 116762206 181333748 235492570 691723573 522558781 574379974 606777089 721356886 603682428 310820413 481485959 64370877 317951072 792842634 16301009 551799692 819884433 222317026 84399593 293810986 98703770 446858495 666623741 844356546 742887788 711733917
100
590159813 689391579 393416958 1065204104 384584804 600172064 179878247 681684878 944682518 947107925 562134177 426127025 323607832 243312124 666521465 1056416339 781427176 326548089 461358912 969962490 88902090 948780435 920135243 260385745 486413123 390487031 217217140 281288996 140450464 803823541 545046423 275430119 59788912 182155457 954413078 47333424 985838598 605623667 613055830 515258553 947534840 777112327 106378816 592862559 752772771 694734366 85209536 968235173 1003157668 1046215484 864684873 18585394 59948896 282292040 274313040 959473742 447112573 1021030414 216790989 644197993 378623847 93086912 587749565 1065213845 184465356 261987953 551853218 761140743 330851360 556642457 1002418433 680063130 684853530 104438164 693732067 166003531 812795701 663354147 953805653 917559230 1038870320 404136681 603499496 700874168 840507023 455254766 427326257 1049668515 1026221079 731052576 306651466 206794509 375280725 457297101 450143311 313158953 441067032 928001323 443778274 845067084
100
1018721233 181668520 804657009 657389500 245573691 32284874 127805622 835150096 239106377 685851253 743747549 532305868 707282368 985397082 644857804 501127573 964867272 772300846 669472269 220105042 1031495276 1017402155 386042702 392565676 834733085 358058126 38425571 699966357 722721071 587486999 719573055 711009982 556030811 1032028300 347352446 778969631 658815804 142413366 368055775 636212851 95343826 1020280162 838381890 848196793 459323394 425491425 631780782 549348020 785498387 4027528 762316750 121147244 436355378 365702065 938109806 632608683 212317935 251079608 700564483 927234689 897029822 1019462016 302998817 291151297 30581623 185223404 815002370 347136642 156423895 415205733 963334918 695863710 687725053 140321370 337521709 1016375350 136187373 658180028 775092127 934276140 1057235984 317460094 463511844 982806695 506676914 334465307 700757933 805511827 582603139 1028256783 1002384841 886846750 985176599 14070365 22391344 746595900 458934374 275044872 465594428 161272612
100
334565530 235055211 114859218 379360522 898529184 682668255 118332547 445422531 64006443 994401757 419883067 258243072 868795472 929645138 653387586 83383085 468158889 483219529 771077794 237076506 425101267 914047350 916626859 822237050 832198638 750589870 724275824 868910695 714074656 822005100 345755208 1065220316 51831314 323690062 1014657613 8409658 788202353 591794070 747518944 585561540 955166318 415695019 179521827 114532130 900230207 578046869 452259197 257526498 58035100 587363716 106796570 1018113778 701746498 402190153 556711529 414090024 216277107 522085850 259191964 451271098 281571189 300851923 320597547 263931846 960396303 951844080 52341841 1013226955 168414223 694048917 658485390 800452654 754886086 1066514502 947994915 772321207 717233289 1063673134 308657561 750604817 327363890 476346268 897057594 538544717 224979614 306538370 399237526 881135967 507623981 912559349 610836224 711392928 785096773 726247600 919571727 841330762 901618895 703515792 336637214 336282623
100
648272921 522151115 638623555 356670834 833723631 173621883 265357309 518335344 371087198 342938069 589843706 174214317 590743252 858685507 507346538 82658854 1069029985 716804468 33306209 288953179 533513534 878388189 104755543 1058468562 958652227 65881395 455669417 108151444 450844014 795350770 360468758 238775471 556477027 943653593 433870658 672392114 379913959 981466988 424690742 298659636 938826340 300344433 930963422 504170573 943459177 425119603 22951818 1034454554 389199911 90937410 829974126 59267646 338069237 1058362737 483585569 623385948 187401932 258994391 170860322 704818078 338403275 575196175 591794510 880644401 229839796 553940216 638364779 254117574 396136045 735472181 977289377 827194899 603899521 58519469 364752636 1046855248 788376989 166916876 677716459 462590139 543240467 483000385 512513476 392559892 336824922 807290366 658600254 129832481 149495691 1029089852 299920885 840783403 1062466534 220393140 79499497 186682240 602187851 543810918 82014975 432133359
100
1684758 87103871 329100879 726154227 135015882 961060500 393678072 436491695 359738701 924969423 60001352 670676325 493949872 137951397 96512543 608683949 351881155 698169068 722735971 905931201 1055181728 543385442 632881277 855300607 703783201 909909030 928817626 848509032 608026213 674283325 789290092 72718116 774066767 264841998 831690279 353999612 47323399 354144998 330551940 924560351 552337527 109738869 633593601 872199517 435248334 153977680 813649822 164198191 325446913 858766189 187403105 913008045 283242309 127717289 592750803 1059396182 310461847 962871109 112876162 872174668 258124340 294839653 4057981 154372309 405337121 319099280 551767003 53806043 967863204 1007890483 506932532 462526573 208285384 351994654 128724774 938795324 957326814 268921349 885070801 103878943 530581495 515422976 906114140 314856335 970583914 91204363 53972334 964279596 111345236 626837127 424836021 570936374 135238419 716601783 988549218 349075732 570199242 192391492 241608107 370595537
100
153672378 621050696 544621466 421444226 913698057 243622647 154609985 604305693 395469060 1025342713 334056893 849324772 313405925 634848402 1014739880 140306000 201145799 967912588 159517375 846802330 924007979 202247093 176664678 101688131 496390260 994154844 9584674 122441357 428478059 945011160 288732188 368209919 129316539 457661185 249304485 262727140 82044277 158900405 321043884 884908237 520641678 333717845 577709386 5842955 24927325 459878981 303908407 289353270 166005789 962151535 887720785 884028840 561738353 585519297 595087644 553796867 750484955 1044534442 287110717 836938663 565943619 679599777 1061321726 76469821 464447606 999533214 202880718 643052335 273930405 1004490399 190910142 605955885 575770850 895285029 311545860 771559849 700823206 943207348 596577148 769220956 847567438 357552982 733873954 616872127 500133785 858050841 524304025 513483411 192763436 336220300 310309799 266753625 753005070 782805574 375934646 1043664091 703255596 170231903 100667221 660104353
100
662901493 640011445 943281789 306475584 570961065 850576941 137902592 379780354 415481631 911295415 977820162 104377497 595400578 347047536 423205150 1003454948 228807421 15747356 14820915 910257575 302897987 880464031 706363620 141093131 446690056 478973061 1002180121 6037020 388059781 523126651 387546236 246718538 383636472 175040467 848967933 216380648 819867681 990232580 963883855 534981552 785107655 163475240 330117736 446351166 517050161 424694141 769784069 839005584 688643246 813924581 343112227 180066445 89752333 650470757 975019399 647143034 916442917 193910185 236917816 1045703302 13870927 457033599 443006207 583175488 660191207 105156695 1048516846 363351323 563064782 164672970 1363926 709590769 462458091 457920016 376259791 583249533 159774885 844427400 169622196 770987743 202945643 253703732 1052739748 539880220 617748012 893766202 11263619 1052208796 25203935 898173540 1019058550 1019387306 905012477 185350049 482322539 378316280 328279298 49886850 521830543 229469976
100
531357630 616374741 668431108 168983499 717676718 477244278 931800726 257643037 869542865 655556715 611906065 936665204 189987145 206240757 531151254 57975519 609572701 467449366 763753904 687528565 688868085 597383189 913660873 936880591 955875361 915013886 480319154 1032765833 963218067 500382240 738496287 543235269 465679903 814381965 402179113 156388775 1050306370 996786333 532886474 668654042 428280729 368913515 568939364 299476745 894999141 1055833686 474650683 43415399 218080526 493098626 356716534 65500712 359659421 295717461 811108642 483120133 354928960 324782330 1060391855 957182908 641498313 948195297 904618353 498837134 940503344 592899901 131559072 647035072 671703565 50732677 411179608 949358106 319346718 106815731 442828570 244551275 324282823 471333384 729832265 69542402 960662413 550646278 1040832942 209681975 787722394 651733620 565610997 305889760 565934909 406209182 274788654 364405212 1042496871 264047635 923654732 1072096652 94538030 704171813 311537321 126858068
100
993894252 492330624 929475871 269949346 205815875 974248306 461200601 898889648 990386506 1027938050 484864242 5120795 567507682 906735385 446449889 320689710 850719412 477627010 519868831 521879128 164032555 443020143 694874664 572079274 352385269 969289202 602720254 685618779 344108422 561774725 80737190 277542212 579526036 815121539 212776232 215062629 646753436 895211180 157456531 181441630 320128604 878845861 112751223 583320567 309371735 835726454 502754409 753535128 306830676 895735562 630006146 942668497 849843167 267419314 443599584 329525972 956817607 1063047331 1024424996 364114166 209935518 744562803 64188403 245878322 741126972 596136096 899179637 502946981 85870653 422923017 916391897 879546387 166194046 1051658610 315716815 653985377 827235748 745876997 409648908 420554777 244343957 744434636 643010506 782555369 161361916 1011351352 700830277 689174564 436063689 944273053 654929983 199946559 189132463 969018035 291249788 687119445 1046887077 515655447 643184967 1026928292
100
458670792 962506988 448117518 29340401 760326314 469763644 892846745 535731209 133091334 405821196 172250351 983941813 346907912 31357621 120013023 400361153 866263360 1029058198 29545690 834865724 1013847074 944591502 324710262 269596152 521534342 1001141634 649601007 817810958 708586536 744681949 357176993 695899735 712968745 165534219 19047823 665749235 217977228 954922237 871633120 955125958 759656122 841124520 762277724 302739958 1026565886 992264325 900127475 524458607 56152330 708724243 978661686 70000735 56679793 340136273 942498780 376063162 17461034 751184708 865294655 172099511 902874131 281119863 241196252 1016221008 1051929964 749275510 445980631 31134150 1043765336 777080658 605768052 642166300 752854624 1006366752 234395551 384248983 413619695 969244538 160796517 10071364 573323990 1057668860 553237881 222419570 480397002 1033296584 119506608 206531891 331555297 78427651 599885957 1069531616 557912857 977094485 440633750 990739602 696154321 484246893 496564773 1036008874
100
558523259 1028326551 932079177 514741048 110583220 973090297 809692376 636556826 206050770 438797942 567886210 545442533 234389393 698968546 797000373 669123693 677059891 163565618 142426533 454692843 866307069 945303042 839653065 76701049 262774968 10544398 668026460 640841881 912708657 413418681 1047344349 199004335 159760313 169024137 943156111 41980290 405793189 648073896 139259130 407489471 710681039 848504933 342137192 413740406 926199315 577201841 572236649 222169755 208045779 45037731 11277392 719287686 342598516 596052468 742351027 944252787 438458079 726136708 474942702 707197187 541309953 106385363 717578657 647359162 596324939 70624136 97529902 540654975 648079922 338650606 714581820 1066146590 924418480 1045503346 994785079 521293513 857518273 662774822 523667149 897748371 931464679 702609473 1070626674 656002804 109752999 215489693 569784797 497300808 659253258 845842744 247755401 888800848 918635293 566012851 1002466869 1072903087 586860913 820443094 641951332 672363373
100
846923786 576312798 812705912 54547381 895241693 831053101 848780063 478031323 399397506 304854817 40501653 532334768 685410126 475741517 71686260 142847958 359638589 764509319 652643127 730927737 685548138 410737004 550497470 901590981 982067354 178930905 121503694 617403243 1024307122 504889459 316510095 488301089 84744508 414085920 751785996 259585567 141681127 809864588 750239414 987171746 150004228 97074853 115153633 897858924 385064458 779712544 127307334 303731010 474752786 242631410 529362304 610784365 676629339 1007281111 848509071 585467962 157013703 526585806 286139224 563207802 427991901 112275610 37629474 725337602 124336581 852801859 199020058 244582188 223429071 890604179 836314576 211120213 999621356 311519130 1060294072 907416157 899036339 106199595 120925354 781421866 42360670 659416924 882204771 982281253 497732682 731018250 708097538 939037371 66979451 1050622291 797553291 531806429 391179029 613312793 552708967 920975232 290277860 812655238 577564386 667575582
100
674846339 562527404 290964020 263267707 217758783 158355033 1033713090 746488715 575788462 713109473 385030606 798052192 1011221511 1018767392 608425953 354037111 251898949 317419863 218420616 832784372 942107560 178586025 632320212 66445084 1032543281 51028895 231935195 988899801 164129065 724672165 956116532 100025913 48083866 112521099 338470783 952498671 867174100 495522052 427742683 100336337 626220266 709907498 205385070 360331096 827355954 11651320 127620577 109033251 173567689 326416079 44635873 1059679092 890802445 945988850 744772767 94443441 790625313 103936777 182639697 21494244 235505516 788201890 418758831 746978108 895198234 133819051 903022199 840855690 500191642 94292474 446193897 724331205 217522718 288265669 834207307 891852678 140726046 58099498 480797798 563786125 64478677 1045697192 743726343 324567354 103011266 353595556 289403519 930376980 77626153 837203430 273775652 708680262 25409424 754416665 430291662 49519901 225995330 399841870 922355034 856668555
100
373386617 662668587 541438887 668432266 1000222963 657031844 580792363 532214282 175957750 264815023 441230581 710237097 571691301 981855801 589486470 835624456 462846209 143464627 96728966 226315145 398346356 33309331 687418174 1005286356 49525322 174521041 801756188 480610387 619408051 42011242 590955827 680743093 649015235 247607521 13374904 197848942 408396275 588574905 154599814 806352438 637054109 602041340 886659483 997231238 427982467 621629623 98895001 45259294 1033441864 263050619 173412166 864231298 866404085 1067501022 35376396 110720632 362449014 976985848 135628922 507560075 172492827 934788071 247776192 301554059 152339736 421958219 1003948343 203709451 680109316 218169034 803818455 183186914 958127198 346268045 304535488 164973739 469231363 357190337 161862322 364753476 1003933881 526153496 681790612 286976339 203066792 521985093 805363696 986364348 951395036 973997443 1000727157 500438316 1067212484 882769935 447096180 751897490 46932406 468391849 273696356 804442016
100
397648664 1032163167 416402254 39238265 952295587 1006462882 58442840 227546854 275571352 123098129 678564027 1046055061 501976008 706119600 126475068 309934286 648977417 117310507 534804449 392881596 519097523 21776975 492161141 159390448 539229476 953916047 4108552 77527519 184971068 154387840 675388525 98669151 460526561 1022790749 395251899 597150510 608102269 826773891 937972685 258857579 565534331 923916534 656809922 750341659 293986765 441243867 355559293 53388453 120871785 430119420 161491749 478246230 73323207 52193351 996695207 699476191 879368549 481137487 22729775 587481554 191334211 969916105 106452147 871642408 809879399 562119441 410165352 713806525 178173019 844242339 510369098 268058066 78922922 73265570 994347417 106722699 309233510 592812116 735002710 100625775 376221861 486162851 913542603 446477803 242955775 179053726 429560832 257144015 151059218 787398646 24264518 241266127 87395839 973384321 838519472 400087811 137524202 184873915 1049646229 417191271
100
218895424 476218128 455380316 260725605 577400403 428619904 985109285 1027656404 703749723 113072136 239497067 154563070 214424416 766024208 880724922 743527580 760457106 44527810 120728322 489261164 37490883 474348686 189411862 907014574 579158248 531173542 315457584 159387560 171646619 1023428483 746002283 21944612 692501916 192292702 715281736 489203949 542203723 273700536 26049322 623917653 701956912 20046034 993314522 768652722 264931188 498174517 88611587 437570781 946690405 280376620 738015158 571795377 121419254 642471493 717259496 55468178 152468028 115308756 436625648 687198435 620200946 354341744 666836233 177630606 351642102 1071377524 909074902 932213633 1029117130 364400255 858735065 105423915 300523284 746540277 940691450 639291907 469444126 979687547 146229254 593591553 496362070 328885118 378259246 86277923 14819279 451663533 41194628 205572330 1020235455 408327547 921565569 68890074 443032575 348951198 433826434 87048446 275679630 244675731 63815494 34816353
100
369084951 549206898 934155926 545425989 643059375 477832973 567565616 449632158 456998689 57227012 628851531 518793894 924040697 236651943 975828226 950533775 180701189 621075242 1013930230 39450288 876820698 124061221 997711054 659898114 346971981 653313045 67932593 447315109 330342906 939899353 596826317 1008946777 28750784 744619061 501014484 1068260614 788256834 212117586 417148282 225246260 429504616 723061820 294600184 995187347 688801500 948854627 94842764 852771445 166311054 440273690 500858615 271673935 546731312 1040352027 215208957 174150972 913134523 274771458 119791081 1031848825 948410089 640015821 817971206 59093738 469841336 563894371 485068327 560197524 1067260909 429420553 91576608 822293537 788364942 249572334 787565386 447273567 1071792231 179273889 118379779 582425537 505374343 391846037 725281068 182706652 1061002432 575909028 762792361 139011819 586598954 1024191625 498525156 435217996 973125024 545453924 375438667 499031297 148355649 225797178 180416462 467163696
100
561437299 511522401 586244004 324013013 1064712794 492734848 974672457 546581722 946754977 50449318 518716083 757131311 927283162 574719445 22123928 73548231 287047423 610972689 807646289 146562265 26297322 143565284 878226782 785293407 146281182 58971868 715496671 457632666 382039036 560468745 95089947 1060559500 800490447 297098112 85171965 454892156 930159553 389813978 407349906 622120566 622922403 764688821 362057612 719127497 852745513 366445362 686620098 749352583 1016411756 615958901 530726318 435414536 680376422 473716265 12132589 229652839 535198841 332223225 867992259 598717443 376642537 826033688 305092756 84605440 493111389 1040096954 570446444 366257348 59044962 869749145 564202360 42018682 331615208 881362289 10668683 129418130 420265155 6180739 435868314 863472959 749686571 665092118 122700608 181895159 987532860 593067761 787843387 867214071 385204343 967849955 7298797 1040661949 800272447 322115388 766205148 756030604 828589149 765072977 289937970 738911467
100
698734587 479255869 794982950 389678511 160552216 437181424 516256204 123980518 368023817 198315105 153655343 1062241660 117247539 785614153 266700007 131549612 13097598 924020359 711409487 517188375 682609625 710181277 538374919 675857728 454710452 429333041 444249200 11326480 275323012 464901774 1035490611 383736914 277186626 365283360 166611130 42722360 747867884 270283772 605329590 570112980 379407875 287040341 156756375 680875424 390720012 959185928 471895831 764784375 301033231 628791569 775401648 951339161 1067423003 829192980 666664481 12922667 165153984 148695253 786133997 244356021 908934035 529442752 7974875 1013281826 603750574 208712802 1044796791 422106051 903960877 966296301 316932752 199459789 548510898 336842680 823940024 856718294 34916833 687079357 525301959 556647004 285762277 657789210 881973592 106030398 853760489 274865040 690604363 214434369 1068141984 1008296199 543116609 754212748 147346878 886173192 500166435 50566188 91823997 512019009 750297756 1059471505
