30
100
606973372 198606120 709048510 494375429 997119959 739020953 851310312 543222341 588207238 319694354 672738866 691931653 388594637 827688374 904523338 348860963 198747557 88439489 146919955 139051988 378909818 528949759 851030562 157054750 27946925 249759827 313534276 935584095 130395667 162502962 317054198 112544708 754602100 338615589 1054979051 281401811 162728973 880117835 63353994 111411170 593822990 1035294932 696635758 102320541 504051997 503629191 915765732 470708356 682932690 587070525 991493232 294371946 112179001 449785955 866236744 686807031 1041979987 278280572 250881239 500603687 65695636 606175645 628791868 258645449 882958694 644891632 475004360 974831618 139854501 898374449 17575812 183379655 935700770 194371636 649874857 602964582 930748449 371185757 800114469 510698750 89701082 875508774 990592541 889940225 68923131 712957341 540424805 79488953 125968164 920491747 1034988554 24248257 54619497 750872750 601308617 265563016 100740564 778723527 261453717 860465106
100
657367181 1009299733 610527798 597614081 617200497 241095715 825649056 595729943 248079736 1056632654 1045408465 483661310 74543548 891918425 474921690 183595264 447815915 892280506 726585765 1017379680 218349510 582585884 849568364 411192530 894866852 427851997 681472064 1017791230 139338476 169656976 593179779 476072960 612675486 474071677 281482606 90013931 1016867275 314758684 560131212 634818625 87905305 286149534 108436797 59078780 425608256 755518564 28375860 322966153 946483599 728731525 158204154 132475976 455381863 540400717 840783465 1051456269 492933055 796286136 579020593 639266338 602782111 385073147 365775190 473286979 926883749 994585852 330740655 128823072 80325251 791741653 338904169 521270238 437308286 245396821 962451331 677040023 902855409 310303614 664972624 978184405 1020757704 893777416 157294840 814362395 963457286 467658717 947367670 306480476 224140863 963906203 495537051 587152514 670864414 269193493 299043210 868638184 584583136 54000082 904859706 314230241
100
757420429 1021960823 636882479 745681641 163726771 543880418 370231436 488908047 384304872 266966124 735611172 948950998 1001126786 841489631 737493273 593229793 608518668 1030717269 177826046 838420581 53478341 4528319 141917021 357523883 326670110 831838303 696467249 802340753 190345792 76133966 1030709868 417210378 697232772 160332279 548136051 896086425 723506680 456183962 880103581 376869338 39964641 853586890 190105783 1054022650 461801779 113647599 787013506 184583994 369540123 1059527365 855589684 929387887 496763254 655886811 21575667 706482565 951219031 963664149 674554461 922476023 897326981 272462123 1052074499 229921625 437275130 170786344 503561193 588689103 524320613 783255019 161649928 803623059 151877545 918048425 489602253 281709171 585484380 628594025 1053198231 742112848 18376521 157684871 605157692 75877536 740621550 326162993 792051589 87675628 97781503 792227565 138083501 749288019 188795617 748571665 515236326 725882373 306124848 404398666 783620564 871682506
100
345272342 994312975 30617721 542080896 649455689 805943974 147364481 239411772 653731980 47117975 536853603 234984662 1020870617 1022668888 909735221 838020974 453739777 203792209 157357345 618361686 829766950 416056159 737799140 458194325 794661441 672743251 473966415 149178725 1026283933 1050592113 303497673 347128501 175778394 265537522 840843468 336570535 712262635 100685698 92865380 97206291 1035781272 358754754 797958323 589092355 374517757 479317447 446191215 522850869 389105033 192062617 7047010 417995164 245638912 691514293 35015145 379355359 797560570 424089484 1028425334 490475225 452876129 772193794 778692111 429346583 556306423 802902255 929681612 469300317 1025729742 1038379169 359709788 445254433 356357326 356474457 666946177 165149710 906606642 450557641 741586831 505962115 335058699 992337052 1049893105 864328466 477614012 304212718 963636133 765943297 80661884 363218896 272528059 473291212 305401559 718950086 468936153 317643169 198491181 657673032 475623354 817472482
100
1014956868 567147690 62827687 824968300 918884762 741890316 334764089 651881401 34148511 223748052 549981592 1065694406 624399515 95877390 164813047 253237912 1053292107 620865621 767221306 112564487 383577439 794585948 95705983 699675454 166591229 722643049 658963346 794888765 641967164 47312085 558053495 696140631 365984938 437795725 470912484 213368500 355532999 179153812 12942276 629677520 131874952 54744703 765352117 424155642 818895317 680630007 702542987 274868950 910017290 730830651 506268363 199523548 504391034 10366875 298681648 904607702 540903399 79697150 277515818 832378214 54757644 658069341 671773530 213141374 911239699 523251781 517363736 969780966 65022239 237576537 578009069 670589369 115076036 829973198 758888729 557810152 58980746 771924462 265965326 388522933 615417453 317132693 496970995 694092858 623201632 686603959 906659874 708576 472644293 97342168 155167402 142981352 997811958 599195282 4675021 7314917 204316864 782225939 625734787 5767232
100
306469276 54107638 611846835 932624275 350981123 929818628 121038799 580616442 877267250 458459584 1047685238 614249907 186558630 1061015026 835058273 268403281 1063409648 715642258 759819931 516135126 438651191 969386576 159715331 880470844 863203765 993337615 512395727 814626288 232413238 601656422 1031675396 530078289 376058780 178601758 418950143 702712118 1061968221 544595639 436668143 340475237 340327427 75531746 482155608 136447517 970340779 671135496 882338449 499261837 9075335 802496194 639944519 351659866 403447644 631187038 951219704 1030554397 903380997 357717601 536120953 282033891 897333742 660441344 48542577 657956267 286707353 584576165 307304667 1042056684 306418204 106681968 919984776 16235532 79817121 293168307 456827546 573533417 91675110 736817525 1030660107 437225556 27387323 318067952 1033686308 282831762 459226246 413005844 403867142 272882650 835795138 195081986 334655268 398856409 1015754363 307205009 904768455 382111536 51874259 499529676 863855753 510202613
100
505104497 945200602 343198254 1033404749 192513908 219307647 265101145 544399509 726320762 323233293 239686631 601266380 870230367 410563442 586476220 550848501 339163312 920066925 318956209 420080428 820331569 392048401 385728787 62270749 438211929 788017734 486435873 181077131 444068305 1021239880 938726801 737583819 15527417 638176294 524645643 454144582 874483555 111211332 22713004 344319227 804896598 934135770 852517253 126341882 169512268 344223090 862513690 557721834 1018773876 10441070 419218660 187704964 48774961 199692671 804889807 546663701 73512857 413184559 137867709 929111552 709372918 326903128 875541248 455231802 965001289 595402923 937167332 18066380 984440258 884491307 63863843 234143317 178038089 639537327 541380207 1065751429 707113465 802238051 457584363 750978723 109947807 213353287 605253554 422754824 1068837183 257005999 1031016783 149579170 605774735 251713217 397024579 471528818 908408699 138477818 840355971 977532942 290584735 529241769 467277303 1046863136
100
870282355 167170300 651002853 803438996 321309645 12974051 72554926 179308708 804612485 1036156528 103172194 595153009 760826938 637014107 142718203 987415453 850889439 1017027539 1038077444 385434237 1055886140 212642806 596306466 600876446 524191853 1063949145 866301576 499060797 60647777 290481798 804320641 37229261 663938908 901301881 841452778 365534581 733217909 20085539 660726964 165462672 156029465 561700328 1040422247 802965803 1055623046 23794720 374236826 850071434 835184721 912398745 927571324 43269539 88144609 1005951763 584358734 991905697 384503537 301179075 620678119 225558626 585634834 134154449 603907119 623442938 293879846 558944729 123957412 282427950 340854246 40383854 106345432 847401210 104356702 162763411 235918576 535949068 927092844 192686144 986406439 628837958 705099076 681484259 249891657 296779327 235311342 517629916 753723448 188296899 794961862 12705279 449953643 898302543 699290108 982862358 1031460970 342470806 685400594 680699997 225117779 827914494
100
176440324 1044842072 23749924 777926804 261628337 878259775 756079444 887030314 214579707 745302752 652476689 302920952 795575280 731418283 830303635 869202085 613404560 635039775 265923652 832874029 1030516815 193878100 518459202 209722975 267499415 389103986 36458977 829517919 841563972 99706168 548473638 964153380 908264486 519674742 714207308 770301179 997937282 243730579 48949059 238041090 46364305 589732871 889252140 818703022 777476864 749985506 248886494 518397254 57266031 368251460 378491237 920165733 223460594 316710371 324886653 930788476 1013063315 655347336 231096603 320523853 953600973 414377106 1048969701 241790833 698356499 505836145 510206900 1020001235 504833095 890899244 751643673 550620467 551897923 464535772 229705686 348494245 967309908 355463983 327105889 613755407 169583801 1025568230 603713380 797532334 47671592 753784662 721465151 1032359825 585337930 560295659 955260805 819797789 347390779 515185569 1040934523 582648967 39210507 179751561 252932252 100304989
100
380378442 48235287 550296830 301753680 448850077 64396879 189990173 1067087658 921633488 594227290 643992130 821546159 639459908 420779907 719815496 917133874 831818736 425653449 128019168 912412156 472011227 486919773 3425805 74701515 763814309 54526504 633871015 132108878 336639 900171842 246461912 199561130 321938990 392627580 668451489 962900472 810640012 345451991 400765014 832775876 503088391 435549963 827451678 724567184 968068769 409049857 503896180 16692559 262963950 985754201 67781033 452587754 840427161 541486821 542205535 916195263 578833887 3005996 973896975 492174620 421346066 393173992 498005892 97481160 389238039 604048520 76945758 877223547 987479528 1016821679 725212817 766352994 1003303188 120011443 488911331 940919196 301978170 725519135 724071281 852484031 138855313 560761137 362106666 120930899 641260643 722756189 828040018 315391829 771929998 304759752 878655233 848391094 603722242 187178189 578486434 107154906 924481861 921186684 165198964 451205146
100
223313174 447746828 660386626 310312501 754050194 731353041 878172435 229624913 656029980 686204799 253787842 703436058 585108112 48369317 625889143 114893435 490031619 732717095 50050768 515421682 521518139 456463292 896138075 349169423 1044528178 480232561 52308255 174379513 540134807 501073700 29412372 80516584 35815244 393482505 290093734 538518444 1014242793 665284137 726085686 591551525 313964088 696846302 70940569 199524040 622258103 631061337 879650199 284026913 51513113 924237852 1018651501 752230475 849088709 635444864 49727820 959986042 975268693 49116721 291915991 116031089 521042457 160470189 989210537 653095180 365363090 633953224 105400781 164370616 322392055 80508970 672271428 877109494 191452083 37382095 619638659 157829084 734484964 432066694 703468018 323853459 183941854 35661427 174357102 89656794 460606119 1003463310 416166599 730187905 693934968 716802338 1070084675 471655919 252317762 130662478 393025561 167570077 393396006 340309639 849262071 120689817
100
1044158740 117860989 547420676 710582989 306895505 567692224 1022293908 631429721 752093549 311763400 300936979 978503314 423884396 343879953 356832734 144749343 869280549 105239822 100307814 486407642 790540420 792193697 239513522 357280083 344925514 672991909 96162268 2015050 857744520 1028494437 227315344 440304440 908786728 114395169 432080528 700871879 175092580 43004304 996660530 966140502 220946765 869966425 690867936 586730358 1043518277 718994585 351014807 648991599 323715973 498240864 369744233 297993148 406642584 743487283 298566395 232103562 1012129502 1061989516 334116359 130498877 189982986 827062869 990461403 183342828 352849061 432005745 904635865 171694816 872646024 520324660 259745781 336145177 958960486 757391589 822176570 408857289 1058185280 232952387 321294917 1022850262 227063534 631798013 261626312 895245916 41503133 143990073 644433673 952469801 725108812 835840782 327968352 984335936 368674638 650657033 33364412 1043581015 683767242 922564268 58062623 937240152
100
413036266 885749533 874458596 779787000 420047533 541471586 618497483 230588572 936896337 9860393 182362261 49025185 171636006 3871685 732823292 96362963 867099121 846570268 664027760 1011481811 408023915 203813414 244256658 864141970 745009601 338090355 108183737 67248858 735347218 470178210 799008880 664576709 328618228 322111979 955687925 425571139 780995824 804837014 1056030140 386324377 638857473 988221314 622043115 3611613 238853913 41535135 336533211 482073467 347015837 505446004 710271901 147052467 276902628 821831834 938942067 586063384 814214587 233731134 301427026 494026514 753926628 936668323 613216871 13718621 807915922 973498270 787039887 64706440 576967918 1048003608 1048245213 435243127 575136918 403503248 315685912 1036559330 1014977561 822899094 243930938 203860436 592305276 783466577 1023002098 927855660 1046697656 609589498 1064121379 957898015 712787513 564470111 674884451 787953076 664351584 15273825 620778877 945015878 64411138 458430326 483135215 84558598
100
851487527 301730156 1056487031 196785997 830867347 723287644 517780464 420753763 438080491 18657623 167313438 19586254 567185396 881492654 188591487 227232807 985272968 381538786 401375975 63983738 46487573 656257067 351515135 318297032 643719452 1072259826 1064885697 313426822 119529651 288306775 810447102 868698908 531987204 869998508 793593048 546020968 798577612 839331831 818714440 311137336 847572189 486004340 615666073 319606995 145708188 745403153 869637867 844841073 1043506307 775469297 632148657 25600446 288542624 3236074 763862835 22470747 798998805 705342470 196779021 142688093 648858262 798897670 77143214 443044812 660038382 530683866 739530458 116444965 345453690 904747562 709810473 859118041 152140716 599766992 714559877 438418892 594130313 866463836 461743024 725917911 831102508 166783631 70537148 760811334 75136833 904849120 936388753 828020314 262786698 591004154 502815338 841526984 934485086 1038075708 464044376 872757048 503927333 121377591 631803838 376946375
100
750159412 716653779 308256645 968851352 751552172 284291875 222226680 1009490428 973902797 925554446 34085527 327847617 385656828 137182536 1056484944 387096118 419130190 858241367 524972803 944400573 463500813 162966552 918927109 128277835 825615161 424221243 478036638 768571369 138048260 316265154 558178955 574771253 286621013 959899014 93930108 553482210 711373894 458320306 841013143 41691443 1033615014 357536838 217422580 574768516 11891320 811277973 88986654 832218049 90658674 1046871239 374092696 761310957 419060095 1012884568 285244758 787436701 1000194878 445850263 887292736 965690234 554686592 137184040 1028976563 922646979 1070090446 68945539 300900351 250291144 789475808 46803058 917196522 645646960 933589543 762017431 808210219 507433396 100141892 483768036 263722480 370886434 535712910 924835360 27579736 404553819 467090833 75601513 138962682 204867989 420470922 623711661 78792285 5202969 642950380 253576239 230316925 558044358 349712861 538063625 489592141 983138956
100
490070692 170480687 874783986 169336718 790845761 517645437 231703185 241464223 105515379 391006468 189169559 322391010 417826979 1039701380 440466501 81392514 420582795 705960241 1066910577 482341981 378171067 454695221 7850245 939293062 1029273880 199220012 240040062 148488644 123876952 522370982 894096238 402416146 74681223 915221672 780673018 750540829 294213508 478038059 4515676 1067314377 893016452 673088156 129467490 219440812 478963599 713748827 559907309 972590226 547943678 52525372 636225908 1046280183 321644803 808962312 454140286 917125008 201770273 281486333 149503019 237814210 422714288 316079178 498242988 830388009 1034376795 967859604 722723527 444036371 576507041 1042556788 288411476 311097347 960375383 174987255 489868482 1002638894 391849508 981378588 974958738 196893185 952535043 414559322 335782619 659629209 903839685 106423063 923229381 953942089 788482956 508111666 77838094 775699224 415575634 668313722 322275464 117842240 544912992 512994356 751621272 1049169840
100
732458905 732318137 680875659 541212458 737779285 602279927 187427751 442347426 102084874 594405237 444722447 1024352729 568137675 300455655 127874 1056992831 188101793 610576921 3486961 739405721 676734473 689471590 650016517 750516604 862478708 690596673 449892758 1046240982 379526598 1066507440 567034165 321636454 553029080 226076107 552208803 768121663 154462967 631784770 572713048 295382857 468799330 567920085 1001985789 243914176 11231439 371076313 1024466418 62336947 960350950 1066825914 784103113 843371654 506825157 489369459 116719305 508840048 567805050 437665047 785398124 163595006 316798860 324674124 402088673 155731342 793325427 176190155 767120010 304644565 378213147 154772450 531049855 592973914 307363430 314059505 522512650 451376888 997944487 14740464 748133673 490307424 952693543 346748904 1008445200 823156117 868617123 306748277 216832932 413738606 665628364 989052235 166267392 1029674519 491962054 393710766 752618996 949233296 1047151017 265388024 695644801 567178797
100
1032037143 404956254 257293844 408386389 1064449548 874230902 599464130 909074577 392600429 57649768 403331206 23149219 43095779 719316742 799288837 717070565 262593453 45962966 670228148 854441384 778824476 1026765972 58248033 839858354 366232341 296164270 82904747 234025403 654630034 739830470 209468293 579373807 618199585 313292340 236184503 121684847 818038371 247925378 96325213 728801743 1058947726 711638766 591001190 989818522 509281516 1035573227 606382358 468287178 1032144730 466254240 952564868 476171856 404342218 691661415 487560733 412904082 238283969 169911631 74301727 915123431 963893209 542768283 344511775 354043165 3514432 105122881 806218884 866915316 32766776 224640108 912137 636474785 955263125 194417659 1067832383 525048908 377041218 750541568 183202312 7215762 812414396 302157121 391662365 416202243 264866965 54238394 153938314 1025939877 292778226 434897944 243691821 724312175 326697230 418851136 102794810 840675279 444517557 387321798 1023247289 1054272037
100
1031920502 997130758 967106885 478008513 528229071 792243537 450695417 369052453 446632323 1036479516 990325117 879640083 52386553 783734208 708422145 347651774 443153611 740227304 163662635 482932457 835178824 191132179 979057042 665855856 636547571 780456470 814489668 868415167 330951170 320427160 668861249 25235289 21280992 294250133 1024387581 325193298 979346603 606764252 779770338 669106646 167500982 188529297 558342348 409319328 233171977 135260075 287764363 14031747 489290716 918108023 1067926628 889447909 483255840 52322067 258942353 305551935 701175798 323779572 920791996 746182046 846349365 106252897 486366344 814345509 883090920 338471925 41178376 342940809 427856590 809532961 274285638 439764115 311434713 230998183 81376702 959920546 795249071 166595616 1037708256 1006740006 508807980 227825783 276466321 30205222 766729182 754455404 869093802 468314299 785161352 698582803 72066936 818176147 242026399 1067618386 214971194 659516527 312882128 344630630 287492007 519538341
100
873278558 224320869 561234590 377255466 51257758 1019141523 219175769 540851501 930680414 26623040 793547239 443735035 810438441 931422961 686152685 738757572 1050847839 271215391 1034576421 1010811113 227227315 435005622 598527709 620977537 472879533 932250776 1051946102 447460311 712795688 514795288 905745382 903928041 238043861 710898304 1001548599 931448555 591184055 781176203 782758918 835669954 800455078 1071463915 943286788 1023795082 550129356 318067396 694808952 24710929 998014762 768237359 597202364 733087321 958008852 606373048 174495676 318353178 212335025 5869025 363400314 899921725 1002422652 137730205 461360012 835150690 177650886 90083541 334212508 206582107 942260529 398228199 679353063 730876591 751245622 531664418 469494207 633259800 175164064 1025843019 923634953 655081221 64040207 935353114 810980032 1043607065 1002164343 600035518 932082288 297772458 880063390 1046662229 611625915 458346307 53988001 194609525 196752600 163168034 297457007 919537062 624572687 363402938
100
382474982 1845054 675084083 53213264 1020316195 985206871 767738853 695170534 634572228 358503904 308458721 605654861 1009699873 4696177 832190824 829522202 391537158 912938553 883960433 150727348 239402292 267118970 931974439 405591255 12945120 945690377 245343593 400820242 852680243 505019599 868030537 195933001 882713288 22327370 857595534 553738803 419286832 46603532 753551153 838419421 728015729 855847739 586893795 607895845 763846531 751855120 364603782 974218047 610160082 908687960 642868912 820054580 590847423 1018537206 259965483 898397022 317427231 64420191 165416823 208080878 712730554 61351964 459085639 130100070 765806541 159616332 625396224 222388767 221690505 602771231 1057030717 931555269 875046289 83643484 258873165 382410197 600507008 261528284 565329843 814152230 9759073 891573772 630506406 591707485 407989045 579468655 652541839 19495287 969194609 1015653146 177026701 149284931 755576701 350431799 188560628 571216357 993099574 315479426 47629001 654525269
100
44377551 151381576 336876766 127015269 568526978 313456223 675823775 499769944 96556565 152862000 571672845 455789043 740073621 51833491 117763951 29909718 527585830 626005649 318503521 852588310 403970939 852268010 9423954 153879227 770355806 20238992 431081990 480640578 1063378990 406327850 616272148 1032124699 727179356 1047209106 258326120 662602796 489295597 424476759 778110146 40070220 859367163 291185468 93033270 101172425 964514100 509592759 301779883 1043448291 185156185 996399219 1013008732 983130958 781035968 82763982 794900314 776138420 725594067 796823900 185267975 549337649 615990415 392184162 326899356 454346453 94436870 643182171 105027492 695249701 576538333 783453815 925926783 566644123 99015887 651326231 849075168 520810273 211459880 589462355 675593551 130155930 163229002 135747188 257685928 99313242 902223148 818157178 157541531 228343976 218386901 838357654 115702826 785180739 382654950 890247601 372498221 908423130 126680590 551531748 297276369 265491347
100
711277054 410983957 917533573 955647696 841608706 419718731 961191485 284295601 108885925 997355421 93121341 537113144 1039458772 634642054 991798649 1015637244 550989356 703516501 1001752024 440141733 56833920 700742830 268172729 863156081 101950552 619656712 1051873643 685350834 743680364 777561647 590840499 347482190 491117612 1057122755 665783114 403862590 764171579 937096632 106194781 426389519 70935279 702074325 482701323 95596644 140118996 685116213 726500843 634937457 128934182 48640712 293309315 67862658 849584474 857758675 948744146 762721394 478292629 202876524 594938055 372630068 712064307 595329535 194444743 112320590 1053855298 1033716684 140411435 44659801 971483652 348818790 1064116159 194191747 470689393 499647285 33411397 958875404 817341874 399823605 195013872 607129292 755869863 201034293 227172073 150514604 402731362 480689369 286749646 401991720 620639658 733215641 53113646 612500692 631955833 712972928 697420302 46524116 442280319 480233325 447382887 791254626
100
861106325 248568997 182848843 249097065 751663871 174558249 311580018 64078000 266848518 780140488 885389132 992951792 837652699 896355659 405452899 174508250 830112513 1070333677 832022996 66424534 916996303 499690976 68126416 375801727 369369841 800025800 96232222 1012713251 688345064 269353534 776120727 177299780 202056325 955446094 604334761 468065049 921952370 1024679417 389413590 922725902 319537321 1021420468 449372466 202136127 97010170 920577000 883561959 346196225 628347274 833701488 801804468 853622618 838189391 97064477 870393706 675045508 959614613 1000254261 133741678 530497646 62814332 181609968 774225211 298583610 64775799 96336122 939323613 1043095232 100867790 607208436 212178550 225181450 258133277 796851699 446747580 915961558 740612307 151580672 413168505 715510552 744491956 602242966 168227850 495292533 872089688 291719462 887809505 1060724168 251072681 796232342 414685699 445361824 819797097 525557182 1036329099 441982400 591871914 701743850 662804261 697147295
100
508590939 201705364 1028949222 645153186 135902150 892278316 469912820 208261285 230981331 412663896 516245597 289526975 752754591 84830997 1060244327 598991146 198059066 1028784501 1025290379 558079087 183586858 961471262 208136954 652760815 355948263 269771465 95676694 228651358 801990237 1043436739 135726836 640553794 798982509 357330287 357191905 879538552 180005483 588132289 888395226 713904 853138849 113191876 385403410 227610604 94886859 1043057942 96624 939087621 645907610 732756327 110692878 810509606 79069489 946716414 177409723 504529743 683081387 1061704499 463530362 945028819 561723539 500457718 927006209 885776346 321655657 578856775 561099835 392032224 921831204 265414587 517098182 29954100 323000747 371270910 35354998 544923770 321300827 913518923 303686608 918664490 711821188 977505526 143940496 433511950 596697836 224171235 231207715 528170184 198804042 269943052 526639150 572533577 824495820 698004222 86978053 30847579 203632274 989516892 281165876 914296857
100
356992347 687744250 485658226 408911920 1038965573 220968905 639740329 794148238 503443190 250385352 878741207 692849210 844020578 1030215249 6011496 397638297 859638797 526168435 342843034 666193669 888650641 621071985 173701633 583597640 828277276 770736192 1015592454 923865125 111449071 440845837 158098787 193513423 917802976 571678133 480434856 458006128 481541593 411772492 786239162 847744420 524197206 343282327 315004751 785328635 523813867 840952721 845475186 335056250 71961532 109224682 363398149 498078234 291705347 646903171 674049594 895343688 484640142 415178227 962156058 455161188 557368639 576542469 526877438 535606850 471420554 623390264 990031896 101532076 463830010 759080510 377090795 1017499357 706286508 578693501 12710351 837420039 31270354 196889745 297708142 656515278 353876785 897999048 982485066 146716876 1024644003 424728228 567790389 202423819 387232918 356544605 289226198 996039566 763594636 536298588 647445547 678436808 225331353 655331265 277350914 886437666
100
841898207 461011326 1047623290 1061841206 936894907 960356760 101643679 63479893 208661136 985293980 353860054 265519531 923780173 678921896 1051029592 121769904 52179733 65999920 394672337 961103476 415572158 15095933 670203875 681720342 31006547 860333097 688351649 770016590 60210066 53879716 390761492 662046692 560308079 911607218 46315962 999617846 799114383 42136043 208641026 712585910 417396430 728682298 808066513 260310634 459400890 568515167 288859648 971838827 260443157 949816429 1058677211 914338406 998840406 134467916 258400163 1027832862 333101353 120196664 950941965 925518824 180775659 903706688 297668034 958231597 1028856622 817445576 935923165 587484907 512006971 762768903 624743536 178134069 1030283915 720887178 844157439 994652335 630923597 364945071 261621506 487683090 623289060 1054930731 169840232 111161262 905150566 142742405 266598415 384249059 606544670 412421528 984052557 882975655 237147914 928760597 510839146 989952259 101231965 1019608063 944449571 741166486
100
350019885 551992361 995613712 861167368 817283787 376052640 563881912 955583816 783101657 125337760 971897575 987330754 567236522 153146296 297547147 500613677 634047079 141657702 891186085 679259762 432305546 398278048 1051186123 770341169 836501347 786058318 473531815 779843387 206793879 350682573 191760501 58034457 479532699 828158061 158871945 639851908 194114109 830193652 328159943 100959211 573711900 106577946 507689257 754798320 802287915 1059030795 458128189 598771435 604299570 708216808 1053530020 594340965 1661261 931200326 903177109 643336862 437676139 215311277 704530775 298048009 674099152 491897882 1043191498 164541131 819796371 458051197 717364191 952700735 154476321 200459324 940315 939105908 417720 449688238 529595929 313796269 837273325 181697953 763033605 266975200 122979111 163133909 358764577 161263160 190450721 965433215 1043995203 484607124 512784748 1005853895 854176597 677213957 123152618 697823306 371019732 576189780 93304148 661025688 824826450 183231865
100
987983287 253633013 568309285 21886701 364021150 509303029 321077561 585440304 267373755 72278818 1474125 857414532 807344494 673674331 654574890 217194822 784085388 983531288 762929232 383577510 448120028 708244193 1030172529 642120486 593311645 74861268 942873076 358937887 328547583 1041558563 1042649459 148667963 961102245 1025299604 735929405 400180988 192390697 157653247 984817621 649294900 542689688 956347348 607535985 154621323 745333746 124855186 70140539 791833597 310030507 130570577 935941908 853262425 63498541 184710969 602088588 505842115 253529940 624680713 529345003 556934194 71698416 899289233 994247788 22173427 21431622 906090551 7635452 1030351652 358302096 552914294 273646527 26317370 627968376 758128987 1005826188 155524219 616994465 937868551 192542572 1016135557 66402846 934326319 746185247 704261317 793466617 998895519 737589142 1008351233 359148718 175793074 853438074 791268815 899969453 834750172 931426212 401832475 627490267 815649825 969025699 48807589
100
974079387 715615801 257128833 155541916 908468983 333754078 803052437 665808571 96526328 777581884 652816158 1063351077 214813427 443398833 712158763 336206720 812403538 405440976 410495264 204047595 126316562 808087776 169590069 752572277 902024772 970802267 554031861 702132387 165326735 247378288 531619008 704830958 29135020 91037826 983723337 535553859 135589865 46819240 366427672 1028254081 403270567 177229099 247172616 389824766 894316764 1006819850 143458250 146899971 266975634 313162873 772456545 1071729995 1010948966 373291613 11861412 693425800 558638602 540292050 454339776 498623198 536580547 8238501 12951731 177174886 4554219 378936283 876409042 279310253 559415152 651248680 260419396 949470258 64716627 259543161 174976900 764004587 106539307 72513899 769531107 626859457 354658720 579186897 827629827 1021803279 542227696 33100850 616553053 368725031 599133548 614674248 372269756 876779981 769450492 124653186 404596160 759940282 477371543 597369218 708233052 1060048922
