30
100
387523817 296596594 529258467 798437642 353046544 539123305 545281884 1024822865 325739324 959528937 495082738 1062038431 976677390 698689865 816888119 179573901 302815019 693834627 565399555 87581592 863494331 7934133 1051245810 405289631 617164013 895667360 846464993 253528935 825839217 663592236 1046243701 674099223 208736508 496378594 154214292 536073148 633722312 926513520 174281193 303049414 649936913 638842921 868746852 491371401 950661529 172458626 552871352 410449598 359880484 309029015 1063555036 196829183 400196861 141023139 384057483 265913934 936256368 119462539 367166403 731614350 530541390 788851284 162216522 93602313 254423660 302714537 917712420 112904936 306317347 964464214 426407710 413325502 670458322 447885263 877064007 5468926 411031383 163383722 871937905 889081728 535326618 996860704 519752629 941210368 62979331 843457681 972138476 580850079 578128383 74668029 109706294 292538208 185783678 42875275 113865079 421724332 881778552 703092741 990084565 800963279
100
919291226 618940732 152536184 681717439 497047324 910402010 955106877 395544971 740292352 917635235 199727893 333338316 367690592 384933326 789330140 379471629 976011196 500012373 728623314 498853594 36820276 369171321 839618588 180525892 319087376 690012477 841664578 46771808 780410681 532138214 984385455 415394760 176654013 319523457 891181621 599608600 385687118 959899741 529148294 49821298 639419076 412078988 138843580 969392891 739608983 461955175 894033362 1034789211 366391653 847309575 247552040 154009665 148251250 758303693 451902211 104205021 938901283 968301530 395474186 723875172 468632706 55183767 55924170 902633872 131431101 1061633327 940426803 133473053 78738855 319671568 214454554 154750029 422716726 566116974 350567349 441952869 619804163 1023716800 935849506 372410926 14762445 677432129 182119392 354999413 684085238 446576496 233462867 663532171 199419396 762229648 672604996 72174277 87222306 928545321 165972319 958803197 635144604 543859589 656569524 31807247
100
510237236 297152823 211450205 267458198 694525832 478398784 415318860 144574694 636313626 335146508 263765957 151779635 911120451 134377530 756662709 244493824 546752676 425281614 230580365 142356468 994441887 982265649 76317890 949316183 518362331 455394991 609584206 738352025 787824580 29315576 106745645 456644044 685758984 806354463 894938081 977063717 199916827 169392798 217580527 76890751 424645044 538026448 240402528 444112855 536343630 684061046 566113857 389401809 58993064 812094259 1054548771 585545010 848798533 1041970448 1007597979 601189220 211293165 952037880 378224067 506779893 189977642 565021245 479769015 51314456 557471436 310389777 65344025 696960802 556641638 152095758 502243982 803955470 821828814 859770287 216091199 199966202 1008124321 439991253 325320793 609516712 404899004 55497026 441141389 670633470 291151812 444862753 253738897 946621318 553316767 24784764 249542556 689973742 605774585 727484869 679929070 96991625 95886016 81751886 590289478 220378829
100
93256144 467408234 261024467 466099113 770733544 1061444515 722082779 984687228 607673237 472458814 813551045 297878561 395761340 185556748 410784408 442638939 274522020 812362978 265136895 683501618 427549562 781422618 242464454 475213424 1042414799 889556753 503248226 306737189 745847829 987394727 777950823 845123364 749502501 443650754 445159951 466413699 34758331 883569355 144556474 727283999 966958328 977006127 594219112 277189141 542488544 973092063 90889025 731749706 424803546 457103312 262629901 989000165 310882867 995075452 287385532 833272016 611962779 1042486880 362439392 785703226 3491494 25430396 753573422 800924951 750312268 186945750 1044082945 78126494 995069033 969395703 80803799 57567178 144673854 974839404 641717458 799529178 376424686 972870 741523511 341361362 140903682 231069338 237086962 391334136 339705829 560272898 563897617 582927447 71708265 996024603 973795909 494352447 17072961 251727109 990201444 255252163 897173381 392807910 581218281 968594745
100
991587175 460375666 609931454 182220197 550812981 935979841 330629808 282566182 411342721 317938109 729515314 707908700 55410561 907986926 75130795 73625810 906837997 169580292 358110023 252675450 702911874 277582800 683573108 838084134 782166915 431966024 1071298151 946553104 989210675 781965064 745367957 1040058195 656902492 808220108 567662138 365749615 373854411 12674039 953039317 483265481 323158225 616464400 634001066 623150888 780331204 729507647 774408255 789702969 967426428 450307540 1017948127 843350285 383293910 174159809 300810522 277095318 828592948 356227355 833820227 687834157 503246332 202548893 443020529 700194063 280815125 450203172 136501886 720021467 258318189 671649588 15263883 371336726 117695093 232278897 740616570 432241063 867395747 793667367 58860787 789024091 436500719 373930436 1067271263 125439330 696685654 958139992 1060980592 216182736 4993627 15692828 201754775 1021250845 796495233 743775976 198824333 263129253 288391122 866113466 575766475 133548329
100
652999990 34519313 1064386893 60377773 402068513 835235811 48908312 588027230 69789669 357562375 366952822 881820806 493894417 519564040 78337721 766454594 47515606 706223286 36454164 781170485 870469771 597155748 740857887 1062976770 206143529 297130409 939052630 715166931 526473935 8235104 926193050 522831573 492994111 345871783 442954158 70092730 109277791 177101859 369807035 853296437 307644858 876542907 340928972 413483649 470405629 464952857 746178899 499270875 376460410 224299821 782992802 198987779 82699944 820391337 833692019 417034944 951077536 66267013 905556577 708027225 466771874 1041200764 531863917 490777628 642589326 562538638 1073548153 562243546 853032556 19603581 594356688 969969257 203173092 253782608 578267804 164122913 886564550 490708946 1047335279 757073760 534520964 329571603 739866555 915974918 117321395 107791590 188999002 481223929 308559502 1070404962 814758150 173566370 198012531 133909602 361079010 39871855 733428323 814963717 951821039 70580559
100
762343214 913290648 691521337 301625765 287948292 671442983 31690405 769532335 396718707 657660749 307812625 1011935284 91462826 668813726 774092413 89219309 115554204 971137042 458000879 312106034 637746559 710485638 352708081 59723650 587320399 704886841 1049196814 991319551 916150860 351865935 385223256 25280751 176945783 902237778 121669093 384514108 3453209 613369515 864688461 480406261 837212221 819991341 292380718 781275083 931632177 457994123 622108840 1069020565 461199369 33836509 791353314 253879244 421100060 166690592 100357763 351734544 837802117 1007496114 206351673 428492193 600739235 85580762 953264438 42428390 222803097 62787646 691642541 77783274 452935119 398944874 204951386 309127898 741266287 858678608 101614328 321538952 957468137 65707459 326817736 651470059 707475567 735554299 385975568 1050957213 999810426 573343508 754989466 465955163 1004442435 138905486 453707825 404560265 837820490 835773902 795567143 926375339 977915859 511039388 768749010 533728237
100
700331939 915328778 143133085 102016585 62832117 769484717 347278251 33002512 464111748 152963612 408708911 198781709 58766250 268896187 1021669859 776657367 979878562 270814580 165638821 846421705 962500620 959828021 671293943 848788610 341786221 423561581 241678975 1012186726 2474157 928613267 744200583 549473562 321016471 480016031 209743742 618386187 643303772 850097295 537722997 554856680 287974416 1069426148 458650786 45072932 425321516 808654370 251869408 243462517 381089290 234852436 864644910 941612376 944007532 1049529221 786100012 493898890 248789494 534816583 912316065 981938832 1062954927 637483056 296266231 904397872 92315524 705979481 744817853 968104950 1025995717 884625374 413391396 711995056 1073357990 760437088 475809155 810799090 36960448 8218246 666233556 877987475 3024269 1072840823 464250676 643952942 1014056943 912719969 451760486 511343267 72182953 708611062 958220881 781983379 792373477 303243754 1054121342 129088999 327434924 244512374 587657627 670663497
100
352051160 212699386 630380457 685145735 374215377 702124562 203843257 395701670 387837733 730859517 819606386 220173674 476371998 1123065 335789197 472104916 165754122 929913064 608841995 825666247 248989113 411692495 992654510 1069392012 105207551 251073626 923841661 423010382 1071434552 70884951 729041732 161257119 1062357695 694828342 1001436689 703210994 534184053 810308240 428136633 939327262 835511873 893276317 208654929 693881313 419963274 631614140 458990005 480288091 707751871 12080623 776460804 59377807 101556943 717609308 31876897 502573797 971386289 761392845 324821556 608132267 1008648414 689091377 1050211879 232515471 886044370 795109145 636769322 923684647 571412622 914669372 503887920 119318889 268616217 432522483 83328368 510756659 219483898 616056509 546063076 41086148 986986176 949344444 451944397 856676929 475312507 912418103 970909741 340157489 187055168 971066646 948994379 472144897 204338600 472520809 13125171 67405954 368544337 649115362 465337395 302673510
100
434458709 398972768 773761222 221788397 751674687 202837775 468570527 328000175 892993341 398754396 564918864 1004687437 980922768 907275430 429831197 611958778 245574048 96479761 716155055 961960170 754683766 764218371 713671314 96978903 98170432 479149479 973268406 754707325 321789136 14432365 47462383 493457693 178437662 865355912 467859829 992362750 80441794 91791726 1067183461 762911463 989731962 192905820 774066749 876397223 263844010 119040720 190540388 702700686 800980695 168976141 117675168 522689009 1009866283 39206042 594670749 231855529 410957045 770121411 1034529645 939540628 684050726 333107991 265265155 703012371 134480084 54287848 88070071 1007030411 1062660794 84577998 499474117 606828004 301606582 583312676 196526285 467063821 65201739 523699337 788074837 583816566 454753565 58325345 220955714 753620372 1044218231 777293138 763205219 446299488 1018625224 678783943 217171430 861401048 1068182561 473159280 906943201 977929853 480399545 868919744 625065930 483466708
100
222261614 158460415 729674213 444982833 661097717 512381504 99879615 954409649 666723347 368639280 579713266 865369265 485993294 1063719895 584262163 257241497 781498474 707496994 907435323 1034139129 1036773108 104489314 600219529 144438787 412552379 563240137 927758491 447292940 63307345 1030450672 796991257 259072783 223224718 480744276 68341035 94069545 206052365 457724628 191376637 995456542 810382254 350929461 198497602 431429075 103311122 512499614 187749806 895993554 604485666 504953372 2446203 891816137 61379209 411626015 549467621 18880267 757628981 629725691 706798254 404109581 963735002 368434793 626002587 703505130 527548271 11181827 496272884 555148768 865236142 392253131 886522120 381612241 1025334680 464270501 48773287 134324419 159735535 172409816 884377254 73326944 834848443 423707792 818773599 942234999 439726278 868813919 514382126 667533177 297827104 881804984 246543093 720994812 420235931 1041255795 687347352 962023484 120168271 910004556 955636354 603387541
100
424415844 620072223 701424394 355961875 229206206 535212384 790967746 581174565 559504579 750160698 39739781 457137780 524160959 444447783 47144003 306824171 957133921 957673379 812998541 2852795 418436927 635606960 632633626 454174420 203437904 955496787 1048849220 796482928 501296752 179423508 983326088 605178761 684042719 46634882 983489802 280668510 438088386 554126765 306523406 343280626 568100513 962820522 201615232 580598157 260521959 743254803 616820077 329748025 718016102 1024008068 948545416 577400902 753336272 130940703 322819750 578475206 503404607 29206793 451441730 690541586 1342126 487297003 319431418 375213635 521232765 602023537 183676688 655990713 340698865 484006862 590814953 1065969048 159325617 336603191 950621073 651711046 229833034 876292451 762526006 54399471 488998573 859459346 993494953 15875841 316241068 906467203 861541088 855271088 423996544 940628987 349285239 688135539 362068550 844016965 690327338 700261253 926467453 917127213 746088796 1029413221
100
881093124 516088723 944260182 902184499 594521375 1050658297 35447520 699768872 560944472 407611357 694718797 639486325 709731467 96088112 820788781 765340177 769330970 920839689 658583250 729116756 858294378 463966497 102470613 261976440 655286116 318122584 177941903 508273183 747973365 352869422 878444705 618143436 101205646 685937482 490281580 72172648 903175844 393518839 670262682 136435903 108629297 956162466 405704339 232768257 18384433 731320669 41285641 414798913 982275110 1006864479 658227053 172957689 117449877 204219778 939774327 539518084 342369415 216382660 976031394 60818339 610823433 853874630 923434925 810027769 511508396 688031312 759077403 856018063 997511941 607059659 59413684 174622545 462548782 666685125 293850114 1056743310 820025924 987618161 786511573 547186556 127374567 175731236 508750527 872904625 512976573 884713689 353743001 36542379 842971886 100683438 347384060 689059402 343526569 16477285 145424585 69694032 743629726 641815780 500676002 7844584
100
294667701 368405102 924373020 14211472 763205511 763907033 917228382 396084994 812154539 116655313 988485632 854671259 265575320 833340170 797537211 371082528 428645223 279858043 31674156 964632794 741615703 398466783 860145234 888098838 455240266 320187957 331753746 831684773 598726471 828350273 201397171 672177501 1012143094 342565129 572528483 9890453 808952871 13127768 889909936 36713133 739978059 556313662 1051810319 524681860 464927993 912759437 213274712 358413824 955235691 963574878 83758919 106828938 949080574 678023819 971014141 704593295 307978678 888599090 134366078 907846912 1016145335 223201592 907430705 622157779 359680461 109523651 352977251 293404799 522493157 41704383 761135556 917783428 623137170 133019483 481124840 104516577 471027337 669254537 614828487 701231004 261099301 930962817 317758525 983077950 999035875 429418046 399798155 774904660 17949415 269448959 394794452 971661039 10131574 276161992 8517025 904183333 106235770 612981215 926970462 417610126
100
852045903 911156442 1051631559 507290046 669380712 394961867 179096050 426903687 502976573 434429000 552069172 481480917 180570404 489421389 531881526 691533383 842972218 999678266 1016639397 526106143 393488093 521286740 659356851 271828931 692578096 782561091 500403859 355249469 898994330 910921362 755889152 910767036 16764999 976144435 827731383 434572305 1042833829 1008915448 183593720 858465075 54661865 414729243 577623561 645366459 154065288 123694519 155021491 629981545 865859262 929063244 991953091 389612445 500050954 967406399 86903946 951487454 739246000 632706135 529983326 152820567 770969909 772913730 392416791 964649557 836599271 657692686 1037177746 246464714 109073747 431875760 857103666 464099021 189537741 391773568 177925978 1041753368 485648619 800619195 923470324 279182729 528185354 292928512 616387821 416547745 597356744 417654484 693066934 279903496 691446152 218333470 931405509 243364359 223434225 286759339 381134354 929406476 97237871 532316331 897169306 460402730
100
978456626 253857504 346725270 686261033 372933816 74230375 69728299 46436751 925033881 930785337 318337767 1047847519 341704086 867709539 784420460 627842902 489284435 713751414 337343360 58752760 774902231 366005000 456561037 1023285517 281022735 562272817 625004321 522210080 713469514 370458639 998902383 732114175 449037502 491859522 729655757 73340222 541103618 601931120 752221236 136326580 159953554 162695618 699083204 640423931 522678863 199778149 306164797 707240436 770440444 320026379 11306886 105810497 360047298 416465511 315529769 774853834 93078700 673843381 186129877 677195577 587304236 337318703 992427995 432661885 589674644 542878105 893680050 834266699 185150878 3481270 69890420 159668120 638723557 1071721680 851012190 1066482464 900114026 620094004 1064846676 289907427 300746768 313695667 839192922 1004402082 837095455 121641763 718744604 943604582 391878853 389386204 804581991 980462074 695912848 620025660 729743534 960350572 519626741 833597219 187892614 654002320
100
237503608 843585578 817129853 660980690 561860514 960937207 220245518 280389159 882442511 163467761 555388001 125638861 822869424 1039804733 59257692 899937839 175057787 253241253 921198371 632009111 429460968 102954263 49626531 325603254 154825333 387038502 890200843 896298784 330575138 114261895 845336141 275062989 976741622 1068232854 855113122 199774362 226881656 30927311 824382211 779599302 416956982 802122325 352520368 481985397 1071277378 282273646 671282605 909062449 680954287 97758468 680485440 802714468 451911961 393219622 712092789 463883230 385125146 904537477 209943706 563993173 67654102 1043490295 816597443 234992864 48461424 426588920 257617479 1039978620 482495890 378796324 871189569 579991943 38956010 806575806 733479440 131193928 221323943 160015405 899690199 211393893 1057819648 335944825 209274622 1029440106 163358637 829187538 983103663 313993801 64751468 568142346 22224985 718853589 230919037 4615958 55561521 854802502 317304615 360544144 216880556 474253240
100
327430968 169901063 645047723 510297193 484196206 897884863 1061025668 364626977 369719226 277745945 902584075 1015662764 564532805 17844123 101630700 430686182 296379485 76178577 251893558 798625194 181009141 99326089 483874270 464881753 285774626 113355479 237371197 462013785 921200287 956534290 31390350 912029076 852762698 451544213 697142897 26989045 816209061 579359999 302508395 922621935 259045974 186060467 851884644 459544053 501512871 572710489 442980647 97568771 301904390 118583899 488275685 772277268 718932102 732852073 102066 178665129 633866845 145913078 985427463 784543560 840173668 628502968 246017342 124910843 420579482 105089067 563920922 296737485 576210593 284607247 460348 563358801 374326335 1004657126 685663150 466848283 594307551 656655735 196782429 317185604 348141326 350610510 804326807 292524266 985727742 288452409 296613009 999670957 560352518 1045364172 542066915 429237044 822123807 652352222 797008905 229292454 560755817 724756746 450922212 805332274
100
458741551 304144951 192040839 787033528 338781425 33500972 1043331932 480461869 23721781 343660492 295002345 822614963 988527785 287485834 885693036 637328028 276734522 1013005241 637313190 278336349 981489563 858622993 1044453211 394831121 317219781 645899054 74918358 704064501 772426097 140472081 599226210 580977133 650623904 847860125 572854226 493997822 908386836 216742171 1026654202 669559250 980463060 8145079 547745331 519161911 645086636 288428288 100878043 1058389920 760500906 269375596 705394899 639653282 606852258 882668497 780517887 127983736 1047422635 322776813 781192138 535181184 1051200416 338052320 68114335 56112060 825678497 84043949 1024539505 38846546 184009615 494591420 137391668 1003911949 303522707 355180635 793666657 601547993 192473495 935599672 271842422 870195786 56953547 978747113 585841524 924470294 745735970 857177188 98834783 630738838 1004387794 990956423 943087042 198205258 515297752 797447313 580029480 246936402 531226226 1058831271 263446692 912218613
100
752662864 1030052938 192993310 484561586 970441466 1064034739 1050892762 182813355 870974323 99049853 28488411 882349276 1053369200 956110537 925855480 83083609 177234441 64803772 475542187 426001274 290422075 426991102 502180753 669875800 593373797 895212350 427430126 209301843 7741131 467815851 657011750 456572046 970303510 606675068 716579141 574092657 535614674 667141226 334319480 416156455 207039727 190340145 700080530 390527774 790886977 874150163 886863496 369628553 615457024 640739156 564398581 523506145 1066174537 945326783 979133591 307180384 541594266 22432543 776117456 361987460 721167962 604639431 858531622 350681234 687916623 657772811 842987203 983959057 724908582 373533381 442314229 582206795 262555374 11670225 623271599 612534223 596834205 232067216 363879175 889607666 957478282 52529769 978949558 230916937 769224945 188719684 89592475 980112176 250321266 75309581 568321848 716746054 992585363 493942839 102255411 712958447 621768761 249676854 605960407 773619409
100
306279172 114924944 902050647 77086127 206564253 426908275 642630961 854609859 62311298 311186611 444667090 227367909 598750010 1051776557 470626801 184941427 990552781 796818909 664633352 540330797 538699335 663388263 465496792 541586358 578097723 890239119 914828003 1057571350 996773949 265357249 305142257 769708091 1052457831 952862346 622401420 441728371 620596437 212026652 635469187 721712883 696375337 870570958 411509867 913051731 501127175 511445914 902821913 350235664 90426010 34909854 307076137 496366601 51273230 623196315 651174011 346989059 617393427 451397497 539280816 244062245 522586977 915325889 676975025 317720956 479683118 643698977 804811817 413643384 473357497 428461804 434551558 147202413 997237955 234662040 283350780 380571412 787394321 627553854 969863169 544491271 519935980 725478685 707774930 960995400 335581088 125640726 111835245 906200507 533092096 879136817 827909269 302780071 953240544 797510936 1010229330 151693113 216303002 146711959 672435054 273041664
100
603973666 348178424 815416178 813031314 1026470735 727563973 541955174 362983063 1060804183 940667882 575459480 366135553 172016026 478440259 512269353 464437567 378111768 14703856 494580508 176741953 1015376632 759232979 252936666 231057404 204194821 29933587 194137519 320439274 140307499 399237019 185199946 791503239 220856575 851652251 647237953 209483477 572798005 200879622 343219339 746392793 1008053287 807607827 917671172 862346268 1002828885 441983677 31323116 790985002 162266591 874018883 940998248 173232406 145731597 643217320 847449600 608024052 1012730056 867511092 969335072 391478110 690670878 677982961 1009961879 261333744 666290625 141998382 112525082 849844428 504996745 154515200 63529922 67141655 347355118 257149116 703365258 520327034 639143310 516149887 827519954 436305314 468735149 642626726 518487007 616365504 620951472 347082838 819040088 1033128969 851262369 830872565 1057392074 681560631 920416430 140740527 816271398 743943174 740242090 282620402 1026343230 932361144
100
575630322 245655115 1022361234 783006186 787975718 8384362 1073602908 90559878 892116169 616114202 145741029 541891521 319765594 793542591 838169213 814684705 742340124 642523683 277119098 149355729 501861527 990748656 1059589811 824721181 295575573 1060382518 908501768 753298426 463053606 1050233835 865170904 206663291 897490716 626417767 579780233 548139613 312920207 1064328676 535891971 939349116 1065608155 233331972 850249013 367076187 968915357 590519882 251952527 966143905 856857402 928391839 57256327 598682774 1022539608 708236239 1048979220 939974826 799571555 952909066 903736886 182052335 996136713 4641635 351260012 573045402 909632190 140889684 81802812 918479238 645796409 880775224 218175918 177263280 1015499253 687775440 80270545 1010334652 735647409 693447615 269102389 432836719 395637233 816393486 645881200 392489779 307730043 230360489 939143578 938687894 100558042 415808991 382415824 693194955 872732638 812633062 842131636 245814823 594282777 147811412 317201387 914933669
100
1047366311 1008352414 74733667 234926424 211827135 190761466 663188771 455409110 1031650398 847171504 312005835 114109568 664083887 773943925 202479845 1068721213 334584252 749505667 371883552 373806521 891885047 820795926 577674445 685158370 779938226 475280881 1034271074 1036526700 138819238 887776727 596124922 254573646 356028784 724629265 870198740 1057373251 976730639 480094958 351084496 671373642 12854376 259191614 693359861 43941159 440406210 755760855 565761518 583359199 9385035 267245073 485231239 647566144 785576337 321881929 996014645 181905751 54862089 822829921 84843660 1039501047 963864971 648759870 55949766 923930937 308095187 58853193 975625027 171592950 775285762 46382575 1051905027 799773519 298743836 231695905 59287854 940070438 266756744 245061845 345539212 867234978 350763411 158788739 666471182 666017711 567426285 229843368 412473667 117329532 424519210 755261254 555595747 182043387 540442946 296697698 568624712 834444900 957748497 1003645829 403253488 537626034
100
643795260 814483965 442717732 621874106 345323161 53782965 359033278 958050112 286004911 560512770 591260613 942558678 933817881 261548018 457260359 362357835 1007013747 840362552 880109969 889843029 1042569184 815891369 802597558 300235275 662371203 365021888 463339023 1050434153 984572422 971120411 754239670 600364495 948949782 467053052 701008905 487486338 1025356516 587689674 548448813 268817194 1069223589 698084237 957889161 531731794 835533075 390744437 975040071 759174124 258373355 128720211 47973590 756787914 365476717 825931805 319443050 898338854 1003713759 72681327 791431802 308755739 950954250 66127365 532494402 396256809 490971579 735755331 118251327 580354997 89811268 312660141 230377909 950463110 761616120 396273775 839916332 924873802 173370290 396105685 445510895 398833679 419708495 355115732 679832204 580047562 990328879 1000099200 730793558 69976019 519954872 639630484 52551142 644628839 581779155 513238509 800601750 383539493 360332141 436900111 288635397 1024151698
100
316336030 343325334 554914197 778585575 51893734 509216752 147295995 287007797 731315029 377672575 5176564 339643359 112323323 280569074 959289748 485342309 1070300177 935026363 150881619 939505741 184461935 146625170 928983949 1007804832 43583252 587556338 953334531 696460907 37927073 727303835 714550873 288357696 301337566 120565518 565617814 318861746 354980916 1070512916 634505639 362889436 482860082 836389944 1046941403 820315611 753640969 166919752 261649256 616724047 23051280 862071768 565304549 517910239 510087488 167871166 351403982 17469362 89911736 349218967 827840516 322840822 923403066 183168833 947302730 199571292 132961708 684661087 496156617 562999450 749487001 673918681 243812492 693198824 259908270 10379609 104815109 494375556 827049021 874709198 934155398 138662958 331531709 236093421 1051427529 920697772 732590407 670402731 706019945 147703623 623406619 999432388 554187879 677071180 366051609 99212855 456371622 956785805 313138505 52046792 578797422 281942237
100
391159165 445804525 566124440 789214984 222647586 418351793 291919896 173045207 787314373 783773999 468223041 376475992 559394106 591819584 147592438 573754053 417644184 87472030 668616353 359203964 793653433 629585004 77254063 456426111 556596670 115750827 1061245714 306903795 1022515337 158072774 35520701 228406948 428114242 557179911 451092012 436289920 1056025043 884313375 391232729 801254168 132835948 363576738 622818504 825710370 653870591 638855816 489107708 432365049 647937732 545514414 305597439 183139611 802519735 700206163 873282654 926455722 513734677 125084571 391516459 90097388 815092195 379329808 1002241658 665090763 632329319 563513628 962771428 242756182 1068638637 87395727 390752007 250844222 686302723 695234079 747623427 276270938 792403069 823944419 377013758 381774627 750216050 707234520 1035163042 136044601 721740029 907563100 492002202 562925788 192853885 416515510 1046539544 623319411 31263253 434828172 587851858 819114249 1000526124 720798570 751341824 373774795
100
330954818 554777824 1057071499 103166922 991508199 274272307 560198208 387793651 35462801 193448509 241201796 382125791 210432348 69640648 693007892 50693579 13651144 735981985 768441940 245327412 1061532218 672494874 30919369 880784223 252288890 918803591 879131036 38629842 83244852 835207617 860436510 180863961 930314615 911697062 890471230 211443202 673713208 374527894 239171605 1050413985 717919184 563835896 720778331 514409293 915774330 95465139 821413614 344771425 1042288086 976159925 532459602 917007996 530333033 822048624 517403436 38780929 1035959579 155851096 215528646 637989016 399788215 343779942 194669967 269988523 96009582 352208024 949660056 271462122 315433556 1045239918 984045847 1055918279 286212322 649804143 271626472 180318971 602754418 184122018 333945607 1025266687 814325703 1008163605 1065989911 139819668 393640834 281215578 251456222 830202428 438970541 987516165 136086214 919209918 346922037 850192687 366600798 653348262 38252648 22512374 395494615 973041858
100
340787451 1069485448 550374566 793502214 737071330 525871211 741224489 624298885 661734357 94108317 557973990 957697753 687405826 772629218 213284028 360841413 207381528 282348062 718212174 620592755 869942734 199181277 108376452 498947564 1040342109 90750668 96507656 260243107 275056129 448906557 916467146 310518251 47972219 679759271 312945021 345469820 528363666 999234340 488543511 676469234 462456973 74264050 853014357 663856974 637921978 957006835 527402805 834314611 677391083 718924076 267415674 197368490 520362484 969447497 118302763 782031391 1045602862 917138200 190697748 515150945 840496119 972544777 609660995 1033483238 623493680 772084149 518566284 620704132 657559229 236079444 1056832518 10616057 924321545 634895685 927241868 181630309 813723775 795814538 1022958653 95056331 456860946 129818697 295928061 152885652 599400374 330981452 687334898 75746571 333093092 457478018 625835527 541875681 999666458 273643132 22905452 47634347 426391385 866226673 574371604 432445535
100
175682362 951975733 793016539 995147145 582643926 230326732 16106846 133894800 898770663 283106838 78235149 1064460493 312379316 101183512 83875695 540863828 537967653 960603417 109581042 964648639 643765322 905994275 874547044 829286826 275597269 438529669 663814522 319196470 55330459 29854803 27747404 1025925002 854825238 890534116 727093719 1028385357 597053670 897096531 127525754 412653358 427133259 67417856 337588857 98774109 324171693 1054453772 888762493 602757391 232918037 1071276000 769511442 118379005 954474929 991132070 430800168 300187109 952123219 931888846 122545555 752890376 164227059 560776075 17928587 414809770 479099689 549159764 708021293 136514454 214869428 336201059 203906039 625738903 654664181 182243641 599755600 671290880 178161780 531690264 1013760254 697071909 423555162 500584584 773286062 863834336 230694902 865078483 542501743 523015693 130125113 221052296 201422903 999347214 317812281 436875003 309025885 395572551 862919089 682719428 666168349 1060626339
