30
100
168074261 394587067 349468425 28758032 782714953 339225656 239253456 432681564 63271411 525621697 317426609 358403385 491018319 569691356 729252900 10286840 406882481 225487941 983879156 36111197 274337021 560660330 177719233 653524512 132639277 467833070 305653886 645215599 447540943 90939686 701691379 161911914 736612740 654141599 327191356 790744486 30973827 972909206 285208392 494687659 706050835 242390910 1040857947 880422262 323529236 915029886 189976972 350190840 36828279 30987504 61875016 99286420 688214721 906002148 975620045 918762661 830532749 1034386330 483451568 962625014 995387143 971526924 769382999 1002301000 699630449 1034279266 286678656 324720079 472780193 1030553979 835239609 643271349 405215873 701398891 30511333 481715094 965056142 1029323511 943761341 193722883 980952154 44470811 48912716 992480511 57035531 973958020 330110322 8469381 1030288601 302586135 258165859 560828160 316947859 408619624 700163365 577885648 589074715 627461956 644973589 741461452
100
107473447 228581731 768286395 765820797 376894150 505966481 10822874 195359998 158763143 778637816 427789145 183015323 660837636 951690050 29996765 575347993 430464652 107744241 730660864 1054069331 929032866 155756759 829668813 1023601077 817049724 952172956 1001857092 149494210 347741061 894619452 301849308 354716559 814374363 164975238 427138812 35461445 828248785 531298974 498165376 538565794 117191023 538008443 169250362 805965177 1053609709 168391786 685949039 672870445 860041532 965887625 336899926 175543354 914862461 976206669 63020957 230695597 311127687 66575100 211927779 808484007 334483301 799036212 819814975 258238941 409720278 54938978 476371128 138123035 77152460 921343308 90004938 861971644 408125165 886837128 812425191 206865716 336752917 663388162 132984564 840379271 82509010 461086842 206943944 969378255 404713191 425494275 593299888 1020583865 174697929 560553094 849672942 630937864 577322021 514155325 32901429 1048968209 685706072 1033719096 408279343 823126078
100
263054043 646086647 859759755 862976579 151583070 412917151 460406284 873983165 888322380 403326892 865662565 428350096 821114116 501007253 775832144 969499680 484986684 893587783 283334683 520034179 861663609 886261156 10718759 467366660 710054551 78951679 522701162 674363298 311561543 1056239009 256523246 496077710 674285196 378634824 167998288 1058041008 750068797 956343459 628799298 850653987 809325447 222466007 290699273 907944885 610885480 180732669 345214207 594219624 822187829 564661153 179766034 241702132 127091989 354312260 919878467 495895874 545109123 940411612 81893673 91083762 556370127 857580367 981205355 946449110 677667742 449993211 700868682 805232501 588962662 594678321 842838036 804287881 418038259 801492149 1016321970 118223233 357022437 251388480 671185179 476920576 791421487 1027051006 277125086 191647580 915423898 563562513 789168029 731825184 1008852032 331083788 361001612 630659466 1022753553 706398072 844621814 541842701 959389009 832846930 396958392 642816977
100
914981771 1014245316 491431214 390117329 892011399 243203232 223059253 656220859 561614495 897799653 16506663 360772459 844393887 422186432 985575419 47256904 95304264 347191923 372916444 748641550 25332175 73047253 820871593 492232524 216426332 32628430 532530036 464295654 465411724 924197341 178662148 269376403 249484784 621763986 49476435 596256863 430995852 592711187 196247567 283619883 898135384 521515675 390479901 1039027752 710459331 393124855 809328658 940648544 460502059 722144007 518212792 486263341 376126822 224894787 539755920 213446848 426364988 587142451 770195274 7189403 627848682 352408822 728454734 98761495 944318112 644731068 84742454 760694495 964408324 900412236 875639634 743621747 1006732206 519462527 616488738 360166823 919984554 625129923 741460192 176760609 1020490489 543543449 498022644 992081630 201797647 816333078 164159101 399911597 62754646 555088486 601321935 515413682 802486186 858245957 437724911 192861157 522113756 127942788 686813209 45975185
100
968217482 353603643 83293397 613213918 182741200 56327543 326495526 986992788 788536932 412128165 909049035 350122994 560163431 646354638 1059190368 967755532 760383887 792036786 1022740564 392786412 1022246310 834321475 197698410 976492814 324000776 141289000 409891132 24475619 262712361 442876219 932682419 310233934 947820045 104902667 664411792 518130730 392175822 919936091 819394535 336853441 514441498 104442273 502650015 822146134 741767091 778385288 846273523 230795165 1024835565 169784430 455886067 413435198 262196787 337952743 302939396 723324757 42540674 632757560 316382812 543290101 951735019 820770269 214267527 113504928 724132374 377154563 829381861 470261968 451614138 31980814 526260521 72084082 120314150 708326421 722344411 306671974 602068924 815410273 925498071 115783424 257583984 430728178 563829708 630527626 770169677 155934202 141559486 431656896 611084784 1007785311 248342149 825778514 595178507 888356669 392973644 518943589 372465379 950000994 525798162 261329426
100
999530705 14930988 443185126 261873095 453155903 740652993 1050519649 595438018 336053913 256665165 759962231 75649880 801230204 1051854879 395358994 190764084 105363388 696804314 386830221 1046205844 228546526 224924920 248258618 171740872 622825117 674665026 291967710 615707574 820534632 488555609 820710704 515584857 609929442 513141809 466958173 511215165 230329186 883349904 302945927 292375813 274962289 603812244 199702337 690519782 1044212302 258770218 610019349 499279913 743845485 719845272 926041086 46315692 835694067 1009595636 716164334 877257314 998774076 848558250 201250377 60278735 36210006 348218361 1015185256 323598988 998471299 540501111 766049816 82430409 325905083 1006267017 268728600 849961158 326529063 214396908 699708062 828454233 607712167 244600367 1064010451 3180139 1041654605 341075254 446046802 475376251 849158368 876319161 1047872685 689565209 855065690 871986114 221119208 1022018156 454012523 1034356019 891131388 771373997 341240563 56655934 1039786326 704700330
100
1019581931 881380693 1039844420 643588605 383382677 49836495 872021489 994665160 67116653 992088204 375938618 348862365 386437110 927064010 961708606 701331940 965686919 1022207160 597045550 204131640 455161548 1028922875 319687375 57176551 736428869 621755947 538215931 727820147 314491590 756233815 905461536 386719507 338364150 92557437 792434367 314883635 206164688 41785875 632922094 616493295 869527844 705846913 805986007 362466460 620010263 571765156 381703991 506577472 977366687 57231949 89746143 320053525 793425160 133688512 469567543 156805386 528349553 528065846 274835638 1001614658 492105552 918000219 1030987627 703366802 554346730 603914192 446117751 137500167 995171804 987140266 346038929 384112478 230752661 4078065 735590272 651068299 134080985 402918690 196051109 551961395 231261503 184013486 166697582 605417777 930783668 889681017 478962148 782331156 329368311 26097755 510391070 337591711 767232282 459328162 750778315 875217737 591505159 492837006 1070220717 20593339
100
530381524 589745432 709005140 474335999 878096412 452253559 622001576 960438140 123611011 343512520 714245629 876152233 430447386 974520091 826879692 565899282 35125861 598343446 366942022 233667349 869115100 633271412 746281421 22958950 159380589 856915841 690798198 451570830 1018042360 493002912 684080526 1061717863 1051835858 58730181 651776530 871237794 553389635 606367228 414719029 944250689 419919368 503410144 950621150 360921885 868761809 519772196 129501991 710595425 1000735684 631047950 801718495 766213389 726128632 19364855 987841289 1069633908 113075451 768454092 130212187 664577214 466533197 67069840 1062367168 111610983 964493027 853014232 291936470 580040126 637395365 655125069 720437361 576588903 968617455 284368942 715699734 11907289 220569876 897492171 346060673 53395169 374691286 390455563 678609696 991126558 719060720 234068199 149797525 834389634 423145868 330775020 392746295 665664215 885456845 697366973 3039890 989449016 1043211079 882066575 950197474 513412499
100
527661996 454298524 163269166 592364666 486802417 525989350 725348895 978114850 561095759 716416282 986736083 137426396 157168717 344569671 915016584 75007746 791845508 151044528 951760338 818458465 541203234 629506891 393107994 855319225 1016657512 113043266 737482522 16502846 227563308 42063734 909609826 432102682 142709080 869981943 214924247 636120808 70430825 303144077 807324206 566871611 550917616 123077938 601799541 569059605 62449685 513242774 669093515 442178928 284495887 729651610 100688547 272331705 1053395117 44766421 812608965 74359119 929709264 867438354 418546509 895740681 1063695854 963805648 1051454058 223240109 1073732241 10640321 763331744 827368058 637992150 938439499 256132167 761759135 1059076335 400509194 1010692873 673019073 545399713 876649036 765020264 542158713 730646727 873120659 300175414 915821524 902953421 1071051543 146612506 721696977 862514229 308095810 942727954 124492006 61286422 429856050 59057644 625904764 697878168 44737338 677742539 505042030
100
488538977 749710248 997225614 141823115 1054499297 341278671 747150881 662654515 864353193 203281502 485845598 114086892 248643804 320029129 139846898 306783682 733071184 841047897 230549118 1011508184 1037356304 1041516968 350174999 119256290 506268378 903772454 238923974 303563947 643241634 202434711 922204678 787354257 34936333 264342419 267268169 1021825028 423985399 911873285 659860083 693047050 402633710 1024003501 720681821 1028227262 633361076 902773406 950926419 314966989 265255616 425939904 167569303 592790263 105563582 610667087 647135964 621257620 243080203 463495002 21420491 313164812 946755386 273041989 32524417 234801758 953463953 578268999 99194383 63095450 64100236 226076141 273735417 447303015 673651801 1046613909 977883064 1066950270 902167131 321879540 852078392 315149100 770651816 629631377 79804762 312568020 373433995 831830087 698370419 577207147 191578626 1052808135 629429452 874411003 458901056 759140371 161658144 774962976 36317228 816652805 11191072 515728270
100
221210054 942915826 798961801 579653164 568145239 293409966 395328619 605452561 677416715 51073760 905638689 1027302471 386878475 1005328649 542635182 399589559 1072965329 682276894 691078055 479114753 478286253 826257159 304300982 1013449974 854318403 646247713 729466904 720206367 660221707 486085821 490828318 437628981 410634192 568006047 920330160 723362471 471603762 250165119 730409413 325619735 233058596 5012619 326054636 663334109 658105966 393937891 569591238 434218370 83716396 85668892 59982729 1031401799 347411533 187807166 1049207423 151516316 539989269 136592838 47938693 692188073 332685723 576399397 262794636 753915080 689733452 462152254 887144988 945926920 334338406 703997292 27030988 959856812 785475454 891158906 551649739 110819754 658727930 986494761 1065286490 896542253 412013208 811754158 389448272 721071380 418846437 734164529 612597653 604878448 975461063 1046807630 496743335 970333706 588154100 878107288 981669144 682735066 920682360 405957649 1062010637 12343441
100
878414772 48541633 855428112 1340761 151516908 502732544 559641583 530919408 366915610 114816172 852284407 1009514069 624437522 545015612 811197096 468898999 1044987294 736365112 451947444 593039771 46333434 479020222 1025753730 551068758 61950294 164259840 927794348 517208982 144848984 404094404 665595009 770053082 459298711 1052616419 461157252 934206965 701084193 1065249226 690128107 794162575 915254261 1055674620 786104352 574465956 551267466 767515021 882625348 10504451 38574407 476033448 453604775 856808656 26288136 592135947 347073105 924846850 1068421536 70165894 568767101 176842470 886443089 147531136 722143256 567084442 689616469 772041330 536459334 66544787 882493529 447689065 921884126 722051095 433432573 989556616 5323753 894564804 475222613 445890692 130015271 159690503 750933611 13378854 651621769 210247590 590979002 595202509 4906680 758072375 122884276 1045417193 370602125 391935142 355462462 1037376897 273548439 356941491 95425839 911690158 360373144 47844465
100
275408158 146427912 1014061769 1024581999 768995218 486103185 526139381 95207347 184992608 805362321 133333509 156205642 174085105 188304539 908754269 360575567 671562820 995109110 653138741 446751700 234823017 724119580 1034426392 733552734 565562631 298154813 247700069 949297508 760599512 235560633 957880529 571710163 947534887 1049762986 24875235 792515981 1025355865 1055942488 284495223 960289253 652142945 924103618 189365564 461924900 871656777 347364380 819779894 347524360 543792560 434541131 606182204 198862912 1031738951 660349547 940606587 492972785 944266067 199034186 576893937 701351988 467720238 771080938 159911155 532595093 215100870 402564354 731114919 573587862 344314141 166115710 144323979 987743786 349960647 929867003 272014316 3185466 625074287 78595404 255350384 890512675 736185682 641737720 1068240781 817953590 1052997314 86096057 717106447 188928567 973156260 710638590 19883670 590165727 22701555 17680746 743812117 268114010 349106491 825201235 518216789 1004872394
100
811589699 435080048 792259010 905378771 695543675 804526422 242934475 371416226 112486763 214653003 735916002 616014441 1037707067 785187687 332741112 514932250 945759302 178177301 735714161 791540026 363002009 140676500 295033510 384158820 266761081 641857913 672363619 276200900 4181466 294651947 666089065 475656093 418557160 888873574 351463917 547501763 819328130 260665529 961105431 836030754 632383930 626622983 414212740 729756725 784147798 6373898 630653381 945728399 866965074 77938635 609111006 188057430 535876700 279069740 104423624 312974019 890700375 1071855710 71953135 599263907 309690584 721247339 663976372 801270745 59322540 762105261 1040165868 470364633 699532624 252403029 812460639 976448815 20391799 740013797 247689802 844356086 347924360 472045238 767913949 676544098 764837918 621400179 564979902 131602742 849193094 1027728796 936949381 721789006 846853956 1021635588 286773566 28053271 159519886 587990100 626731498 935609618 782286031 30843014 148395261 458273877
100
953932394 31917282 721264649 45728741 587209252 505631858 135965421 918058770 32050348 1017045377 1070052817 635114217 1049225805 841660242 7278108 995970647 193072422 67373341 434564167 107811713 323475372 879606928 399786592 415380027 559541030 67159115 522771080 1015669394 586198576 431835747 953599349 173020995 820650808 992389855 487790833 315662401 300551940 485768766 599916121 601496883 149450539 471921648 937824543 715964403 296239255 509852888 221056328 427745040 567318025 811255249 536071662 17913933 581041813 921928229 962304959 41796384 478297121 819562007 172673916 413692724 987253227 334901595 829598843 1006652135 603108096 172698009 699713318 242638284 502413510 816948461 797010810 282551083 519227763 21529706 621383561 502331516 871155347 43728530 509476344 187479024 520657798 734763488 131454081 428541672 727622655 759707454 173429363 354939003 962421382 886697103 710276909 481525749 877659895 319942438 531951782 227026770 918504705 526569037 231004648 1011408327
100
393100736 337234320 892408378 129443524 1028763695 704557136 981495237 925151104 670810559 396822382 447505975 699562203 265581194 695717698 54632594 100551466 557986074 721542588 681517966 708905364 97891570 277314779 905271829 33536149 606513413 925325623 1009968581 895931516 229320253 218546296 29966705 1061812204 823393781 68497372 678638496 469881439 787993728 725824181 426184973 279080606 500632480 726044905 194957093 1061407050 566394127 759549296 52422284 441890647 992937210 587527386 460129688 239082635 398449792 23968711 176919252 632582660 1058128951 1066200428 222756735 42835119 751894184 358558228 412871179 34935762 144972494 117896605 1064636574 150755202 867536539 38147575 925111188 8238894 317071732 894714281 138414075 56584210 334636720 258809420 80992789 382921669 722700316 212832013 268861402 275433132 770351225 136860463 514259827 933267076 1069016573 270660743 457584064 111483100 976250062 571737598 63469779 729117080 494340490 80458259 697905779 258834800
100
816290134 954853018 953384046 780748923 385941742 245852663 253063284 118430891 589058324 806272109 666053556 300666818 3859350 705411986 118387510 742882846 162013781 969647409 765167957 524612501 182187463 590178760 522978370 974431728 520913782 83480331 256767104 746356586 281623678 235758175 49896294 228489525 326712339 836647776 84275616 705168885 299300345 503811675 2309550 190073923 365114634 1036324565 776796772 720056619 1057581492 193470978 318098793 682046126 401557624 202432846 576867768 762057281 396998764 297069784 233724449 418926412 202445242 297668082 708231113 964391340 892251167 688564643 157364389 314254386 377339245 676987685 821856771 701570850 586778633 602820199 137587458 567009973 844290413 225350283 944446230 884752791 518445223 305290345 1051246725 1006222185 89203929 325140747 483845868 161982272 531841975 277884975 675632570 214248996 537616396 147232456 951924403 408032658 1043617845 689262973 432245870 760371707 661200036 455700265 811858136 381327683
100
696566617 1008587695 1032801602 612207998 977684689 921538824 448845383 893921200 346838023 497842122 328095120 934434486 12228006 390113329 477714386 144301799 330165517 106394187 907300791 742809003 656935630 245628030 909500507 89905152 205316911 1004288512 391837647 690002168 114028716 99496286 927054231 170942521 13583987 589796086 84359467 1006035067 814379750 910794620 508691577 42700302 532886045 734223993 39026273 1003011409 493744225 109847751 279578936 800592188 645405874 844655383 23986502 1068382679 1033521987 774042731 586385224 1018168000 1029449720 121914524 822811374 653963690 716454127 714237653 147522910 969520344 837644532 105055254 321622959 800301478 45912587 344574386 8559 490242817 867131370 741154769 303493918 408647657 811573884 562769903 210362545 627155446 957610079 399063899 143249424 168846289 632846695 522666425 439287704 973402038 827926809 582088576 840442009 134161913 243808561 885853309 417481176 691651453 676994076 1062191694 952338959 556392510
100
959304424 684900969 490716617 22316718 149333778 348500230 562226623 591871285 674553064 724583293 673421398 765589843 850927192 864979285 1062963927 927004282 110315432 212041354 37221921 73740241 54058478 452371983 36107557 123806386 1071633814 511341638 409088872 539713836 140159201 1034258825 529591172 62977153 206224992 327728293 121320870 662802345 837427069 900461914 199796242 670011854 719683314 901502684 537148315 629004494 1057001295 441596501 987733547 1029006269 1031711096 694384993 342863169 389858656 730448677 639273104 228351598 1024157362 319927649 321774055 641592279 324180322 182309644 569851743 723604150 371620436 768266073 903357797 934158809 808494108 1013904464 179649880 497697 494317958 295610701 479363087 432214789 243175441 663439743 630861904 579718413 733651566 678840938 655926618 895216727 744993542 724742758 959898972 402317588 793163378 149872413 209588219 740365324 651976192 788569105 527276240 945087766 908098101 749570323 699290088 239401377 231157062
100
632047170 762043183 898493853 591867706 815883349 35186132 808867930 898517032 811268231 171476667 337171407 247221693 222558135 980798113 91816451 501151471 377362868 932133976 990249777 914933258 353616835 418976582 405833798 718774063 713868061 858173923 876655974 1044885199 376428398 420836414 408278119 9216051 628821336 502451833 431609684 216736760 480045294 553106249 959621867 1070384779 687366201 382958199 456874272 831002289 1031644598 356491105 5176216 714546178 232899286 513240953 531594799 313924969 100598397 210538693 710029682 296007590 870853508 38996062 115092774 897795020 439913272 1071548657 181961407 939953603 124440536 151720257 278020073 687594183 507556634 348838562 205275395 433536999 847606950 565417856 777048991 591808647 1018504346 512033238 877865220 50392286 777174532 243448248 73177260 491968633 536285547 851145673 320844486 588710070 694320967 177698757 525017781 975145802 857440900 793276153 7758223 189007036 946080516 653558470 587348126 110094055
100
230083361 228004835 55275388 100958991 466554134 942351502 517523069 1014049184 563792193 263869319 580875459 922822782 187800147 1025115113 109062778 614102477 515826579 680699265 445306272 929934245 837996378 1059657555 1072760969 677581460 69508502 834787861 510570590 640580634 67125832 25694899 815995801 269741356 148460550 809655497 387207306 329717938 821906041 377449772 517387221 605006346 664734944 885294178 236125938 144465794 238407820 271036708 367298220 799995105 644433762 234873571 1045025187 172678623 585440860 227855425 1042382538 869322920 917359624 838374804 913144809 280043613 332443399 695557990 894864412 505341842 193559695 54039799 984227410 604898001 725024490 254152377 885814222 436591382 45687797 385680595 307828394 378732626 974281634 993579424 300654671 274830313 1030112886 559383597 785043455 256541491 263173131 745554622 644870476 719163902 96989584 742620489 405050013 456275210 77162564 170848249 758156208 805911692 513248254 1051686316 223499282 965299884
100
89827958 544975273 220213767 425305535 410672668 67929899 408086573 226196181 951309978 654731940 579246116 276482064 677700254 905047028 906774755 898965416 228637706 477143887 670657496 574637420 553040501 666197947 496449379 308235582 711775659 39628181 1030934872 160237970 290977833 392146188 827869569 550881779 788275618 656095397 1036149786 830105983 656300412 1051024309 982070355 378973542 82997588 250288362 668567250 549778286 1041143670 374374595 834608174 538521714 139376997 751638547 868987765 437075678 584169049 129928834 899998887 439909685 226124220 938198284 679660344 233618572 765351340 963781760 619282578 68321036 164402557 714556418 120022673 1004439155 433455156 599318409 274874885 641381012 595694348 936713825 557655347 519843794 1066826741 442837419 979446356 742454697 774241296 75764440 779288085 59675942 339679796 949750322 406796822 764172137 410396013 823387476 925339499 577940522 384436087 464975276 186302750 579463218 280061767 13709056 681668266 525489117
100
439983590 80326274 53447071 610364677 734342730 670791816 112272507 970565979 601604588 234872982 198360717 546669898 673814239 952443129 684539778 613732167 933690892 581530864 626227995 932311548 946889133 207012657 777265070 786286281 489200594 427366501 765129893 821246017 182426847 249164200 65759484 65844393 230121996 195712778 493777351 692416636 935410660 117818896 965589162 378566889 986539206 838331443 144054879 638555731 723969895 495923551 851146036 223608528 511038798 734401142 894945162 55761067 121752919 558713803 75472471 43486435 47108657 629199784 138793893 1065216425 206467296 487695560 508075281 1033770214 765409083 321804509 23194188 718556851 320109167 338989835 445977502 160334814 486567290 875903595 127129694 1061793900 653952945 987071625 343190907 258544145 35404602 358010855 1064590326 634464954 212728723 1053773432 517795685 401642243 654218249 98402341 711718002 773889217 39767618 912293196 986842970 445105530 746285236 889131323 187019887 1038612712
100
159884473 694394007 1040360315 220755783 745732222 206964682 1014797523 846740219 722710455 914202519 812364361 309009168 490515075 651532192 1073248615 889192352 912797816 428677657 985485931 681188507 866773790 68159053 13480649 994515013 116764786 150535961 898568102 1060340150 663035237 432458095 416129117 331847512 510001243 493812437 62320894 572939629 1031508909 1009252323 312755402 420021383 779913255 570704585 937347257 959488014 783802250 590944710 247961076 820522174 464164619 774530482 168658011 441509670 732963282 546699381 47893759 762507817 223851389 645405581 35945641 474762625 791173786 42167949 411416146 475536439 551414576 21370264 1011926441 373832492 375961911 559298538 817889680 300623764 339354395 740281935 745569951 964179318 866643005 338543018 277909920 1018959405 1030776690 789076336 90972689 836742890 262762882 167967274 1010879653 247676719 597965738 714290167 696505795 992466773 261088795 67838215 100920325 153165575 249883256 231805985 143702715 378104773
100
778999582 353520742 930228066 598595026 554744171 289029437 248153735 634097115 341028491 708361643 666275630 521848556 41139347 438265039 928018215 125724525 742226605 651940602 734929558 147865147 827809685 670311477 323316339 1021451558 968794143 460272312 831001352 798475124 93412783 898804084 299010679 560175196 25175231 576775818 1044825906 95434124 796965725 587247058 208502401 536920484 211566506 209234773 456633088 835852985 502437468 812172755 876241693 579260627 944580924 598425918 1058996126 703066222 651883945 705147197 461476377 218406141 250604308 157399978 45591419 746224482 266443138 705538837 137982594 980479096 660287501 892653886 749144643 768677770 331533155 359905694 1017399460 797230296 126489669 421276639 570735843 231082009 25439754 952434272 587335181 952744692 127595801 806467762 141982088 726583174 310218098 702285341 156637578 685523679 841105702 1009317916 652204959 716724100 339062490 328472796 440483623 736231407 517032009 958025154 296104917 60264714
100
275679714 1072648241 624170168 74517406 138563720 797464599 728593485 853609181 959186867 504959798 205353744 1060179332 454367893 604664722 838826176 573046321 207219732 270142467 1032662028 139075990 554015052 745920180 610524442 358270200 332631051 404376484 891076609 469056690 1038146900 1013761832 197261134 383201968 758613981 743194727 650800771 179717365 228420240 655511517 482772115 951776277 441522958 255755736 705136232 855302587 983468071 566628606 751565150 898391844 1047882851 541177030 767210949 537742243 728469628 762580986 28758370 213336859 768925154 283259707 693524974 190520456 215695670 863537021 293986198 937277558 868244687 745931910 2281337 1024466824 1035143992 588756852 110534189 368898291 887271856 515807540 196919867 151331072 549085864 478786827 496860831 694552461 309186633 647929617 46628169 620936845 440536811 916077233 844249502 92983427 859580319 568578347 819149559 358102795 1042250407 735868946 265297696 161392978 400945656 522504143 880243931 751188633
100
1014161948 430597723 84625589 516588761 582142089 950088649 482196114 282610521 292225786 582254019 582586027 487432454 195008038 504717272 317897108 1025738202 783108634 108944141 942560369 831046276 97992885 170332251 558046076 231131879 8444970 444910382 360397954 917532825 911078784 262265831 754021735 868509029 295920405 202752603 855868061 946703817 239193879 652748883 573824433 889922425 922017290 1072213002 437570495 317368282 848340293 709196466 689355768 966633095 1035432308 141212399 626259491 525682640 606199063 192202586 414423322 825078582 694368002 129972479 905832776 328417777 375666907 928694751 633073458 371949930 235802016 309581679 989619691 971769281 551528478 485764375 156760478 323554376 342321530 669580981 651089415 631631365 953882540 209201943 492406010 275866164 877143039 359538308 826744027 160927939 538329491 598641972 717405989 741602517 852904923 420609491 35284708 363663168 899120416 1014637570 664864570 648276238 826078459 421989078 558234077 6383104
100
311889751 557563287 44787462 418908301 91990787 172491973 556514504 893745309 361565768 261559257 584247840 850662652 927369997 1059876825 14726814 674515304 466997034 256564445 645697795 885136886 617017067 946711700 84394438 991227277 741818257 1051548864 210988434 371158121 1033437649 245990837 455370694 303693464 307354707 995236062 548328691 856776320 79570484 992603960 150183266 926126935 862126468 1021093846 933867404 274020266 1029260745 205641307 110957216 90771415 406534778 170361219 11389184 165933202 1059004805 712896922 131629764 507966820 560501194 96390915 800268341 977930023 125477278 195662002 419890259 375435915 445964617 246364850 108214096 663965333 476390792 816278689 893409555 98988827 572006923 849920047 13657014 46841673 368235512 186546083 978599433 709816350 431930471 779451478 699473420 118376176 596830947 670739765 532659064 102055908 365156335 969178435 491737655 87464055 570691455 1002562069 362181864 730506744 1056942971 457740884 1039904604 689110027
100
767333439 811596060 532439847 491375902 36379686 542439392 87629593 663157467 1056094960 115937817 40732031 1057980974 567467158 871584104 845734990 504488005 704419493 654906661 673495117 857608000 218023616 763860185 260322199 355774643 413630748 106640068 323884061 161548328 221564675 929996376 790284834 472368539 208584017 334218939 963702461 290758652 864336634 767073609 1066011226 703643568 382224258 265922576 24750905 99350801 530510211 715416659 984665070 876795625 1044751659 233535752 672631263 615216379 977226427 680442202 708258762 1058220666 763933961 135853863 925792316 473367696 535551999 1045800322 225074202 971051225 151813914 638077746 1029497116 211056613 956816363 992986418 766276685 1068656569 146932889 511662383 848657549 207736398 1010453086 653760525 779632911 247718929 847319046 399052898 919412699 675251810 405334131 736809210 637080653 216883733 307037467 739162961 398232980 292482548 25621640 786277916 188126516 767178042 225292503 916803520 179717508 816083481
100
451027161 114593841 255162421 761010550 256818869 126899386 302903079 675722853 627273175 862373617 577395964 1065569910 409945204 832710016 529334452 745520936 263531769 442024034 882408643 651507858 87472259 1003900773 505762194 906001374 722911589 979998895 773597183 1010002378 1019076006 886073142 597617625 273277222 606773632 616288582 470464101 447475032 1058517474 673631999 962365660 870794459 450995951 1031348437 428005098 881465275 827768445 28345870 560324913 1058614810 198860439 755647303 766566340 238769839 898000892 535230704 849738924 980690242 271866013 249743819 864493159 1007157553 865615395 39571825 22905443 652444655 953645158 719383245 539633544 1067460479 944065527 21153439 147392683 302007549 170869911 104944122 1024534300 578577173 249784254 990866630 184247577 767284362 492451605 421982271 718942296 705865393 992903932 623314292 468450433 677306355 734858501 901172169 30576050 48172623 939915895 749096821 213455609 31204821 174724812 768069637 624103645 1061203756
