30
100
1022366529 492577541 169678382 332820246 138641538 139328007 1006966852 914282088 874545321 91714456 139770481 728510163 5359249 440692847 641617681 914741602 510949943 830883079 328616933 1058382625 758921535 39644703 377934480 901759393 721856366 39998779 838584603 1036902264 69242669 592028960 357139057 723466429 190747149 811904604 500168420 1045415824 501967165 1019304891 396135590 686325904 762164758 919680723 139227217 195731299 770138768 583859322 900824416 289932082 787517898 826687818 133936819 1743658 976232582 597239332 493440783 497869564 724809130 875568297 599736732 119893853 386491072 80460739 302807653 837257863 71095414 692102170 729386716 536535222 639243039 22901920 170329683 873217196 139973425 954912518 257700483 957961262 445339077 821521476 1015584777 572105861 352835867 165822741 651814628 1043750654 51091731 30716536 761823993 509830506 408706996 530504241 406625423 829118111 448112040 774363973 212719827 734046965 296370878 551831170 299862613 681959625
100
369397492 911964554 310294781 849924154 256740977 101530952 140280694 1068916849 650975759 639640396 655850397 32692330 953984680 444704951 344405215 771224358 958659933 789217933 732698413 535543245 747503632 1016084021 819719037 792934439 241270248 140591612 88307783 252216612 988813265 183358866 693054984 294038358 378352889 10427018 1036837826 545056114 197068629 102698207 467182458 1027310291 668704794 663937898 199657145 642537463 293868612 948570221 477864716 310951680 279949586 10723851 426247812 197077043 607731847 120367821 747881527 357186172 757095915 238590494 28381373 893092841 200333897 469146832 509963955 687585835 688009455 121986454 12315452 142773016 75566064 449273223 1039297147 495451435 393533605 133815458 200541210 1045520386 53701671 303059524 403861446 234605791 150255575 244741555 231768496 510015272 125341143 404412055 953136909 303893736 149976463 358876539 1026740887 115959627 1067421736 99765329 973572363 65391398 736267540 449836779 159989161 540703084
100
15870851 995020471 434327482 384753136 682382132 347435518 505493708 529649811 66589310 471507275 393817349 704920557 731107782 867636975 795001580 620763711 423220691 288152128 336089001 897711890 728885330 790256662 1018861452 1059158961 901746772 776250191 435818119 610374570 909040331 1009420619 406300847 535511376 662811408 1024657008 514800319 65276476 226478944 669552295 1040018068 550675400 120264026 980647389 340996018 298035091 685427330 751146115 124314557 799037440 511640770 317228047 378725121 971601078 479127268 740395897 832158955 390602529 878925081 928785343 859305102 749129455 922762613 76397665 408899872 767841941 797864048 589596645 262651514 913504200 621283686 1037260884 109690266 804620292 14247704 743214011 742810916 36480265 779662378 62785708 1017049565 344324440 104202147 924863162 113108783 786403514 465954159 682262272 250855337 517029050 390645472 637382811 472460668 571345190 365990697 685311275 1009314558 986693777 749150178 510200150 203627307 1065255124
100
662965573 487340575 721837961 314135545 1013289254 498703773 797777551 327754491 515555752 249398667 293204105 423666358 219284610 658816116 486624606 725616693 989828332 955762693 480695994 813781482 696856611 438413712 325536908 509251623 464179690 249441932 561811846 621854118 184975620 860999954 653115297 767371266 823208891 799877218 727534742 726100027 827233372 301853020 247938661 913697590 829312441 66025224 186740690 727124539 878430117 886899470 454026467 75805557 496200571 987184702 773795684 1057268342 441370776 528455946 792126307 667363504 240767197 131798023 104209332 302417405 178464046 679387248 703336045 470339863 64582133 28774563 199143787 369520673 933747615 831428769 596733644 355934492 795048734 64085650 591260019 994546291 389802597 175545151 741396872 12159856 826335471 856017559 758958325 519087300 63889465 1072393258 838162410 216895747 53801028 114152369 228847961 536474917 514157588 391022980 958990202 130470151 147054131 936819490 792408137 197097448
100
944847789 246831619 630397164 1044207639 888411243 250417069 322361244 617677569 91989318 506318221 14840932 1066079112 1064916301 384722351 969508116 788143430 613929777 340751457 613629280 532897375 267838921 317318327 785565536 41159670 939576462 924353800 822225937 176139957 609955871 103787374 46255057 654151498 164995775 475327050 761161447 670511844 410497234 753456319 685749753 190441402 705724772 666161970 371298963 1021141380 703202978 827262928 918138791 745629184 8502878 963003144 967565832 1057261934 141099663 501745677 305068269 95812373 330230223 909287765 872687221 398746044 326481883 365249820 1059256349 600557617 93707799 304105954 448520011 220502470 644910087 466053865 1037257159 846573263 122933207 110632120 704072252 181102885 336742100 837153178 718393532 516284582 78667249 487525920 60388153 61874098 843653699 427470235 295880205 647131056 143434117 926135971 294929523 630306183 393861781 1032937363 587122955 774757925 456539637 1033888522 475829850 389110524
100
272319595 1069084488 895725184 463368417 504243294 646070176 978389162 602848806 602318157 155767955 79229816 343220779 34824168 510403893 712380266 688815398 163211169 687385343 737206279 237499378 660365105 926435915 829401174 354246798 1039506705 1052199643 718624613 516248218 40853506 968876115 715228358 508338141 726864774 680411834 490962189 952337601 351380580 515856125 236084819 805197013 242279719 331081580 58475702 967555914 544277152 52587579 473859799 499288951 37488736 141648899 1069089370 967385430 514946367 125058110 598636649 263737860 1046470616 557107662 570686002 486272068 679389962 728977782 424764772 156420349 280611448 518463583 458551478 676359096 872519434 919188629 1016842337 729953059 449885034 175011208 821148320 419043728 328859784 1072233612 6943799 323028342 475046423 352578905 152227050 34777583 507253517 571104907 833004545 897906489 327830055 673567267 701222090 796728117 710012515 861060612 347441943 429134315 1022794627 372089975 54009788 265078276
100
203078823 849470738 314425679 985551445 478817062 501971831 638610748 146056161 811256423 252773836 444064612 759531270 681411393 111572469 75582975 239702748 742077810 1073277277 736090220 96157246 272576538 273618287 286666669 54629451 885537340 538625054 27235048 464320743 786574144 86859870 351957991 748158264 499782516 356618920 389457817 245253161 408876166 543944058 401155727 752580330 901843467 591702485 245849471 1017399661 308388348 685536189 141299141 1017876203 419792180 80627389 461880797 386227806 92008435 100686432 838777322 1035618052 218896990 48635577 343319603 500995298 383471868 676677852 34968992 290563391 885890362 71298914 200592961 197217060 463666665 501593834 487126471 459097059 793980859 223219346 295824393 980597645 384435657 740129922 65284481 452452730 828789264 706214497 1021161421 159878341 861756911 132276702 202934830 24965326 728036010 987031848 567074316 270623158 696644074 82882422 705989488 824060134 205094459 474634625 297950600 581200264
100
360431109 264162086 201135372 846655412 619618884 135022402 896724901 814131944 856852098 534061428 1019782346 479780934 802128522 606402170 632089525 355141196 164114983 925872312 568245223 694654817 775729580 306714803 821268898 270871115 1050716781 216528277 66175598 964696758 959868740 57392557 623960468 500220340 708913421 711186156 20067494 50347576 463475498 362637160 291715061 259902874 551864319 1011135964 368849689 676770838 238460279 230890022 7134574 103986508 546640253 1027243464 738792081 590814402 508249732 62942313 115840742 571627101 1051103232 1002091601 421850133 347215596 943853291 570398448 754726281 392565917 762928705 1000048983 912796912 191975302 248795012 425624765 1027483326 441182749 863876920 882042619 955590313 286757312 404179304 713024273 25887790 302544687 746358303 781812127 892968715 264558349 424064496 629158252 921576387 83694178 774108783 1026680803 901013533 549345051 978540214 17748369 25700261 776067209 685245409 445878953 238995498 356161502
100
703272832 695897662 769899699 499583598 599389457 349854138 173112709 486786205 734353785 701973047 80123955 54679118 911707260 688016277 420502146 751652401 344195071 445917816 220936857 811250683 833417355 847321286 867303301 641246437 854365649 1048754730 551123382 683737134 457433889 13242516 16436096 702948244 296802289 1045135543 502153628 569030623 680419420 869721738 112769956 194415959 266323360 426621384 994944154 444237896 778677919 394871408 879197025 404069765 934981727 373480773 498658115 485285602 931491466 445665358 519599209 719886265 888032239 973483863 512271462 109607270 45001471 164778095 1052696237 213964747 187678288 299913320 889894166 731051469 704571678 962209627 8376413 330457557 775794629 368495905 864315555 835281487 871315528 63499738 983977451 1043231278 474307277 796896874 148406430 974966118 256852511 155943159 396057096 29494641 464231467 718866797 936461528 850580939 991976067 387191290 104990116 110661750 1027211998 514101138 890147683 707410551
100
542619244 26705905 146948183 61857832 283582083 479719566 1025731234 997308856 835713046 7808607 406772331 297228170 590106664 806524652 923604423 1608586 146826496 511874208 818685005 1061056197 246287018 245073741 1060420509 141533678 914366325 254653605 578321366 926162394 964694132 390437058 723205149 7508996 965176829 737070751 66676509 1051287306 767529004 658213020 252536706 623182638 889277281 781359358 667296893 106315477 1002878142 612764268 637570627 1000975115 803272362 682903667 217463438 662891518 275002704 108386307 699601178 1010659711 75203361 156868593 82053161 760530820 135718222 212975987 873525504 840332968 698705998 28508327 110318696 192902314 139281502 367574284 47996717 287778026 1045697020 436173318 685498018 593094895 665390700 120059742 916081948 46481635 12808243 127195584 1012395635 945257493 776391582 886367036 633535620 708114806 438273852 353090502 1041687473 887420957 923361376 1045121462 490114911 571996099 665976736 764385865 471058038 547989832
100
220158494 653629413 868249388 714323496 475192761 74438428 690777622 256495474 688110083 807250065 157822289 115493853 287763656 946937404 501008202 541937621 290690360 657056794 474720787 997832200 993541222 474283181 8382435 808719338 222342604 729255290 531175316 993119794 183394245 1015462794 184665380 616185179 598043666 655267817 698577460 278913572 737155158 42605611 195700364 729524752 729476762 732837602 453611669 895239143 139158985 275376169 951432669 1046185011 636688949 740126236 117519255 97245636 633443856 1037730141 475205400 284152365 322349556 717201809 462820955 980266564 775378268 784364001 973328510 804325030 851918632 913122682 204275267 262963248 877182493 1015741453 241281680 464359559 545616227 244305487 1054526191 87315089 83978501 726837882 172453903 646015738 1062919797 126058699 1033864769 499907761 397966597 599515138 710813180 542223720 579353198 138068453 746943577 145930775 756072269 714958781 202249111 403446649 647454625 975652566 94643096 495041165
100
258671876 550752867 1009431830 720461470 73827609 470252704 328315420 480664251 174326640 553213471 591087209 488148534 724714085 645583441 501508365 630973828 59098843 515056845 90896347 109484923 747971764 322433485 345132009 647963096 994204508 446764718 806739476 237935036 862143039 628765300 347863930 934927403 234554703 984856131 1012566526 514003596 964079999 502629863 1073732807 171302700 188666186 74786893 296851649 568333755 842012972 791775240 74688794 765002701 432874536 1001800653 1032405958 62474586 372981825 1053331191 371326460 197476670 559696640 111124995 686092472 736885178 697802228 881507093 51113271 758955249 858000174 942059122 889241981 550840684 350546369 411371268 179211474 378133142 707539528 568768217 133768256 63676737 720612192 15488932 571246359 264981536 1012868649 241040187 309748586 404619339 865716937 283937815 222014096 660873662 895513833 76463575 391919011 95734745 348856374 156995005 930511364 13621729 338126049 906253103 1048399317 140017534
100
743465015 850508925 10121531 73237675 943469060 995289896 1016831242 564387647 882782567 129371461 645690045 746666782 712180567 280520966 996719758 1029552781 573794669 1069378531 647694232 164386645 685093481 984272663 892640347 131387204 475839147 278187042 317458236 316580009 773225658 118251845 1037316354 525276890 720122305 339846665 633210714 439117489 73794061 644624312 972469589 710400779 121914768 892044770 1046768613 691081544 651187297 1037149914 524532323 280249806 105310010 935959607 554137356 224768134 872286201 42737491 941438847 446427485 472420895 181685711 177756481 268143813 324617044 688287245 470129209 255162417 992435169 117097397 703152436 291157660 764858164 798913585 229234274 727123203 237372512 119307056 250178519 23369446 430122650 243314471 797931019 160096971 271254973 34002379 553989210 763002555 519276231 361220248 6728069 341314756 29598810 246851917 766125104 491272053 775618364 18884206 268457826 466533988 1028325079 1008586689 535757575 928158380
100
254769873 501754993 660144999 722804245 627881838 845145811 642382393 346747457 486560811 312650693 483346373 377357622 736096991 737035203 941686837 658781971 389131557 76496558 366012342 618447259 1058130140 956628041 803663609 953960626 78281895 963527869 1012973492 794458851 483378285 834695445 57039135 279134685 898713050 361440195 130399352 11371249 829703389 508203289 1032300927 561606550 524789800 696932305 850356986 934831590 29625779 173730182 1048032050 459301150 778694458 266044217 60721269 269285922 122672826 953857484 311574930 995096566 399680248 181370506 9540192 290680902 676977658 145551261 420522039 980383711 832706443 340945047 653612660 647324467 876572091 463101674 863785722 1035114202 491388253 273266288 14254764 510453772 224821384 274835939 920999412 651857191 194834711 311837542 812201279 353869359 699350313 552297722 400358783 668673353 602016673 700080394 178752680 158187327 308908199 899818208 171204147 967035903 384594469 522446637 443561885 498937628
100
1055818885 226419945 390897739 657909259 505037792 616301850 92834792 335472029 634865947 525919930 514294639 788747516 844139381 120157271 556416514 226666088 616914450 208810240 926230762 763259107 253462652 164185292 140216334 558931124 426503964 425498963 545138301 602347494 273402821 1026491955 77567723 509016778 550794794 1008635276 147850283 196752496 632011875 1036363908 1016238522 344528690 244239213 529114053 224283700 786562346 438413222 896011258 287091164 225508535 268776789 693447253 80190233 719957244 662032672 876450060 763964147 205847137 217348243 1006417879 889106330 674564880 129794720 970631284 193039072 1048654713 369616922 761445156 362248890 238811854 895753272 128279339 736917954 101003144 848917785 725027667 1064841144 1036651488 182920250 360579690 95482364 95775319 513130241 102856639 720262166 440535598 857888566 28018601 727533615 429974511 159654788 481318912 489148309 719687138 458143741 353125538 682769211 598388889 666029715 520821744 638581814 488672101
100
881486670 420611137 364349662 646367839 610851750 261142074 819520350 730123632 416587237 936601251 576674182 351276888 189458301 523725858 398586553 647001855 626687714 729333761 1025692572 285316144 494622733 188624558 280240797 117528604 932004092 214636604 321191016 195911127 818912816 66633953 134772851 317768410 124008237 718877046 627621235 866422655 1034883837 849717242 100148709 421834632 841311406 215652367 764572807 408648345 610109391 245578619 872421595 176540857 141692151 855028393 908952491 372354773 436852286 705213734 38308735 490311485 949437378 384815652 259383593 482216485 916484132 379797754 907056186 710951462 774012168 766656929 161851274 540985530 476180377 72813881 706590132 930551491 1069161730 717706882 499557783 120427780 842901238 971266659 170880726 475935910 70912040 111968359 772271705 620206005 703606996 152079163 309775050 922929569 672412469 151935282 110586137 316245950 182845452 523449537 470937849 497883588 469054240 401061123 134177120 937409103
100
321334837 1066120459 15896416 900517155 210022971 604509943 285881050 1030214448 295674138 375334633 776719110 475694774 258591100 371019239 177517327 585827854 148969775 612311741 609137543 417215892 1008655782 3661434 996330209 549518377 887002230 853663984 697075188 596414388 232672218 357254455 328198270 181916060 750424880 605062698 387179935 136821583 371719034 976696040 253978714 674290367 313272286 196784981 127331351 958127840 1043885607 104668310 1038656804 455029804 122160961 307107225 473250095 721400095 342085568 200919947 829097934 373969594 19765338 764540511 132776695 291047684 643106408 333638990 571873160 393515908 706217066 927386449 312354240 363163081 691061376 826844073 477727172 554028002 575882993 717866584 81671195 564569830 815566504 450565285 129061426 727308654 194330034 314336668 758417114 368266262 900325313 800324236 368161477 114504191 1010481324 800064391 807881996 97211728 782574829 300168165 808930220 665940912 1005095457 550856385 333093892 288402126
100
1065702266 773532504 346813658 714118802 397431348 945192785 910406921 349473599 323956821 717938299 827347988 853206208 533665032 762382534 853798073 931659240 363951549 136609798 488966201 686992812 59120295 391929971 261384921 788670375 124859196 821479722 546304097 917990551 380598969 316200105 748976288 503597790 248147100 728047959 545317861 911339266 812550440 168487418 714874759 236520493 806726116 208645694 299909727 472736941 485975580 720726837 116177225 429873781 988907359 496985042 633439143 290746267 274370047 815233389 98926557 783929048 351290772 97915970 660195286 523383819 592734585 799972337 49028478 740388022 180967758 105021440 79324997 230123647 589356404 404541524 1073298594 417126833 286194580 477652412 995066510 350447032 1028840217 468884070 223942661 937125288 493337009 447517288 555913865 45168311 279965647 756880440 581962398 947133119 21759276 118812980 65075279 912828605 739235138 45612572 37953448 80268629 793232336 325884819 380013881 307452747
100
386125473 1065656986 789392395 331341732 1033627955 663499489 81121314 703280701 251642522 31764269 1051840450 708564723 713326600 368730911 166492994 142938712 1017638166 484819292 510872476 942885956 200369217 46120972 101503726 926523475 752306024 376784222 743259385 375363170 581634128 854303746 459956133 618718998 835567904 881338285 743529339 831606869 766467301 510439833 446680105 670464458 458903567 721118466 526551298 738847077 395174130 594764714 800847227 999622617 229179463 45652565 1054073264 140064029 854045096 395877710 749927132 846589164 666174487 320771297 501992420 113179460 387160695 801651167 305352141 687128811 710853650 648929821 843778114 504399845 770057489 938450164 937345551 1058465791 287698695 603545539 70762920 958544712 60664167 326124136 887594403 597107346 226986505 333106123 130850105 565516790 703749545 1062620756 705800394 955587917 369098856 501961840 537643606 32005303 1061840457 257105167 236404228 495517976 967914421 339748905 215356062 623837334
100
511431476 494033427 530252573 699173825 661325232 80079349 566843099 540478886 751562140 243903481 645854404 685835934 465488893 1005485689 331519247 919219333 577491294 725722357 431215542 330123419 416811595 410962061 309486842 767672325 834362325 821135497 252139998 806726731 745115665 373856978 159544487 635601880 287339161 398228598 146640226 933122686 424475913 439071271 511182430 650871279 93950851 575576253 213668013 197734981 198660396 912573872 197230760 1059463803 924083372 385742750 498791016 104343793 208764082 549492427 440925774 284834796 126370926 55559580 527809915 359860755 158658581 464716059 579133016 455484147 634706273 719409526 786794768 391229308 290204686 324143744 1041978385 284867203 358916702 45423663 930826383 571083070 366432662 791999260 318109441 284918731 596870783 434366726 241146786 753020329 303346150 439829839 552096497 197307964 64578844 280087933 481713713 159803725 722296438 18867643 987002858 738797448 196650446 1057440085 568735846 520310525
100
153887551 341084725 282241952 124831854 726544015 384052905 392415177 99746685 1065273087 216552027 717083829 544535830 850592108 998453668 821240579 1043263526 41100377 564579621 225979191 245795870 63551597 382185024 606283322 813576563 634661104 779336604 106313176 223589919 211219538 859774373 253107521 843516446 318205093 666448649 152013192 217707506 1023215646 542872892 399305255 488299808 633094552 900017397 60742009 449621681 1049430288 30627503 905516351 176012722 124699690 434837289 709232412 922732468 45866667 906256358 359849241 317914956 143583997 151610286 213266977 316024980 142299822 475790091 39011974 692962728 981178097 538122445 89901178 796152618 976691483 79842951 263335063 725980351 167879463 536699151 332306008 376893840 87427123 285863170 705187998 5169354 466547969 393288509 862311979 625829406 190765175 291726693 104163882 532127298 734628895 606104160 1055932581 609770349 274826407 617927386 506083086 386388447 810193506 882918849 848305335 583816279
100
649424074 741772121 698753179 37579756 868616426 482037649 274217972 89409300 841815773 368795998 583032751 186828574 109642658 257911973 227538333 259751441 79163644 939583917 846734483 972532888 90704371 573162915 739962091 385413759 145614673 49322776 793990402 36667 441648166 385055358 396797368 310260320 281952837 460538542 351319795 376986664 739802820 827427172 547179548 11554291 231683712 766710721 419463328 237210305 5716630 306765513 564151408 286058426 116487403 629258211 796977281 700918950 1022606502 690382172 952548173 271795317 513260209 1008885476 389985617 75759033 840031803 175838735 228603277 949050151 736256312 213372629 127520263 85292058 361913567 1044121618 486219848 141878544 844033579 542536711 411945437 519360555 420768347 369524951 57630935 1048604080 6005619 582643979 1040089163 576728203 58408121 478675982 1068295379 495215306 1043271480 815902386 793286924 474320414 922197568 789210026 630075926 414983261 893623268 818539534 336993303 118617090
100
304336858 988739256 158274731 437723167 680709742 259457446 224683930 776830257 311093007 927373586 250980406 551448275 1027862885 37601842 530910343 412779628 51299835 520538046 975336893 641525544 318174915 497018483 494940329 747851381 682825615 868092308 621758017 889193608 975541913 521836388 340089889 998767318 636495100 838749613 407774469 836693659 484159288 245050940 321544528 891526486 907470258 369589090 511602569 910035275 479024433 401327221 376597720 554814976 165220194 540410445 658892173 586581184 294708054 409191367 175707546 220739867 368387583 305490501 447592724 874638692 490539702 970749485 664890550 420753202 621185976 502719334 1038327389 518634463 1068163748 870946270 673779085 143406348 1031377151 1064031750 173988842 39511323 572258480 206953812 417279424 84251572 748913796 973370048 409557629 876440128 117727403 803444551 96447793 938338417 134136633 854737516 1041020181 854583480 280544422 1011953330 57812481 644396238 898287694 556709411 56838387 88549932
100
346144460 380435599 932245138 206585142 205895486 223167898 292664452 164329505 413770511 981233534 238981064 503908767 316946263 529120458 870275561 709663490 417269555 107849647 525346487 988570493 841662534 389264004 523028677 230129832 527333171 899532866 762865130 10411775 113509412 1050881288 236133313 409121379 663973702 262995608 328184872 88506007 12545355 464667864 274426308 168669124 473230310 882217555 107592828 801293045 53456466 426128566 1003902458 1057685148 918944204 208074067 925826606 235453195 680350228 771516833 173514698 269368060 392840689 467981241 1060789446 983766026 618482602 509317851 766882525 27141942 794733965 1057629159 1048227855 576072034 1050379883 1072214501 583874334 875215833 379964954 175126141 358110225 988288197 392787442 432024191 210280627 96942008 637048145 345622109 589216020 1007468068 1031841303 106091180 535543815 378023907 771412266 673319079 837415843 729148335 1055476467 912720556 706957763 545628075 615759840 533707964 957893766 218583512
100
914203903 966299343 343996577 575315946 764165182 524275909 137274192 310144118 396052072 856210516 741290646 101138434 222202637 614982059 325034247 962833038 477439462 463518653 589749147 479629088 613050187 524731584 917776943 668926018 201475259 555522736 124921858 546516095 275994968 826487757 917523512 519985897 175142504 686498584 314901083 777123734 568574933 586804442 942297812 805023774 427651246 794127134 1029118838 66232351 169341860 159859250 777443316 399347129 557046670 1068131626 996276838 649344531 938291173 584362589 603509705 612215252 571236681 242118630 373492859 109951402 655673850 271208484 817212611 490959559 829603423 1049552442 306296135 957000542 573255043 407151248 730679187 643997483 565105043 446279504 301555353 611032041 951251041 435021034 729159468 432913881 909224932 184077968 677873796 873118785 703849142 404471483 656223421 227329515 88514708 305263524 178116951 788819362 96345826 143707083 80365495 15181496 673731876 405408372 303574437 170119555
100
235023397 728229324 693426139 444191062 225233706 11970622 236149150 346468740 113316881 632247021 405530925 706973480 796412462 928760371 718362604 660750332 417881112 679000395 840700613 412388062 923568170 271473365 292064934 782477392 621678851 221196630 828818686 241652472 964624903 226478006 753713220 478046240 142148571 292082112 735983728 40572983 101859564 240510117 331038592 466921294 400185833 748863353 363331061 890289563 139553349 966337461 167739219 106317817 998972598 220282291 969117349 557574247 946851769 283548981 779854582 409204357 374196747 217300447 559209432 58200090 581730097 470163384 714411489 601242000 529785841 807202733 582147882 412192374 247059159 503595022 1050997711 44597757 440893617 1021235471 289024625 882028412 271122707 82864457 59566263 176700141 286841556 1059765814 115570632 321175917 148483215 88009912 982479058 38263231 22012196 137724306 10369415 39134410 644707380 298783214 74223771 439741975 488752808 992961493 107948615 146693204
100
563422906 415390921 676868563 243962538 941636592 408083682 672472331 392175834 870879023 380734038 696949014 598388915 904363795 417614959 488201778 403980526 74831261 130416251 142762561 229146764 476074160 784821322 1038838088 5837647 534035093 774069936 733292019 454420030 799642231 366458889 398780944 434869285 163726568 922067120 186902287 383375890 496104539 421184390 756416137 978590682 637456807 707107442 252322486 882768018 1042809994 779537115 889603829 427159318 349185060 810652208 946921544 868225669 409878392 757940832 1029305813 723701442 875001326 134860386 346407270 566738165 1009983444 404317871 263905258 78809096 913016536 55649731 1016467954 627040555 34418320 884133023 996510773 396264529 1072082162 643927882 554555404 986991793 41620188 668201291 607798262 169957701 1004070029 11842097 618325013 185811278 354918954 289720844 942809776 920279246 439214138 424703473 97771695 104006924 693235754 520705145 741877282 477438228 651630795 123179586 365126331 712733236
100
292824685 560348750 106245249 734649679 266215198 70711640 552830800 325955144 687668736 329670006 927293885 245457689 570565822 976371177 410187559 224595206 920342923 850888729 522953650 451204536 172501915 147186703 137869508 27928507 157605800 110552313 616587656 703686399 909888622 730515881 50304878 426522968 758136622 5033239 206186153 428367614 559169583 536938203 61194927 801839886 1006333752 404609971 73214653 33631238 69005336 315817475 474242641 910513229 844523295 438304336 564060590 488600233 513934754 603745220 819597915 977152710 85042810 36930734 311266212 244129206 924908165 47544063 645110552 480883308 795919652 140521677 340509961 1056468544 637348028 587317459 802773263 215801198 857801525 1050035951 829429381 987106198 133716606 188970148 549511434 394366014 49535239 550739350 332956930 96932683 800021061 1060263952 813861907 447651212 291342129 950840705 847389096 329460015 794460873 81189626 357762929 807665226 1001891470 892969394 610572769 405178195
100
120137602 553706671 514505128 189249590 409429866 559007574 507776521 702016048 376713738 137767316 597231897 84522371 447528490 970538991 404444128 648134596 127715634 1027465259 628778059 20881420 639846322 254797269 412267947 212601722 860661212 122529468 551260466 62853548 168073221 337344370 664102521 634218826 369195816 1062420431 540718077 236047484 126567778 534912878 569737117 730817902 301991543 457581103 270229278 608586451 423098444 473826483 368185511 919276639 338370411 821889251 4105029 1033064268 360348546 391436906 224472936 260668118 482265060 428311350 587145060 431584447 230607878 45314043 914229234 908619212 753875971 504071344 466686124 875150917 182331673 676151567 475720852 1052955257 443286058 388429081 770073230 233842488 133440572 511706512 536307169 400381527 164035321 668287100 469155513 123876144 211267888 68895143 586826408 358020895 280981842 1020847905 170630433 43089414 125318645 225170876 353347580 412979913 24193621 967380368 858805237 125979603
100
726371961 350953773 791050128 526873955 1004735636 23472039 589699313 143809083 355775686 367898572 2814955 1066679326 507511093 490494696 974793208 950178044 1062837708 997186474 581494420 338367078 604921020 28065448 136977345 982715923 96484085 447726297 883379844 627066461 909079729 668549657 93746021 594371265 358722026 342043048 213834483 940306531 446239455 450167467 723463742 255193735 474858643 921537194 518421339 590414617 257623374 75979792 231887332 440730406 164802842 440018607 763621237 359160673 841526855 79329337 194935856 587451551 665350631 641340616 532698938 187682907 493261907 592109399 27882300 890079539 354448804 889606726 371245794 924664681 599519802 779847642 90879327 1052018018 760817465 27644602 375571176 485863466 321406727 376301171 428476724 837496815 561348048 343379958 664598531 547896450 681371138 381550101 394399124 831597017 265850065 507550217 933471020 170739856 488277684 1061318639 117885334 740578915 560272358 853419846 582038942 1061781173
