30
100
802916974 590568015 1063630164 636882459 568309947 1013172183 700938424 322140787 612077407 731549040 1035856177 24875118 593442002 311694338 553982462 745454541 615017406 362536393 747096534 1006912230 169764225 592370901 578149727 76252450 237331630 685906312 297773496 354847104 764686220 19376411 12586736 211279121 718623381 969667608 673145484 226345338 972960504 1065700577 507062789 877964149 818278680 523228712 311338312 584782160 143006475 252688757 537930036 229673324 464465692 548646308 205998623 977942719 190508618 288476516 11261522 76976466 619085511 716750265 716021896 350904516 851336825 263136378 909974131 672214726 516302204 349925075 98352951 748350365 805705885 88991685 579161581 29421220 948472801 134684321 484889634 360465607 999363836 613719441 13666389 950488840 798461403 287174671 180974716 21278973 45147931 161216876 119795839 1011191632 860867215 758422346 555084988 23666238 579276221 66366498 799018114 890208281 3667042 476200384 1028493462 622457798
100
631321538 521605553 926044992 934027512 136587804 770837247 269738515 868731876 69446550 500642977 883911649 956111160 173389900 1011461676 658813665 967100723 413113389 396949800 734735963 17017158 565974398 802669459 809769261 562267801 739232596 402752091 248500297 354939015 556143645 545840103 10518836 233360157 1016073240 929620623 572795017 1054650783 639630296 747839263 436199540 442312964 146476741 789867353 230063928 479109749 607869338 655006831 269780394 1022774738 773599464 129301901 515595699 218610733 300601234 338270797 359000273 483676748 129322319 410605888 918576790 977701675 66184492 139257452 200112936 43190904 966298631 189033929 622001600 147422998 73979669 1050944963 914847531 128931226 378942044 454535611 662399052 810433233 844392250 1016472710 674738328 702574136 218002140 28396268 256593048 50652290 919710920 383329834 239232106 660945430 125254996 157199985 130067009 674723215 483779628 759117157 840501473 155556410 786829008 939696286 985440803 258280091
100
842429482 270212471 8895208 980271517 139439369 281953885 550581132 185316458 318598064 539687659 995713958 981491018 641101447 160524874 814171015 272027743 361454699 756458297 388843320 201647777 596107052 694252169 953262322 577209437 19697168 399806879 348935075 546385842 432777294 962602229 556078448 574945043 651337620 596937368 861602349 146253768 776630914 382761131 377495015 250696812 504944429 665086947 391292763 761867120 759969181 247817738 977156732 1003855255 201093711 69794941 577684208 627758200 831162547 52737710 744439444 285309184 138999215 917159074 562974708 333433325 215413274 368956787 910336212 589234771 918060354 729200079 898176170 1021775899 653604711 406101623 450284320 804952703 684198973 684935873 469299863 1028479120 128560494 947924759 289172127 211728304 490724630 822675318 1022834304 307417624 16484421 800962032 786284469 302232915 846180737 943681834 583919724 512030913 782969665 664224479 100265479 357803029 538911347 187553371 10296221 413951448
100
410949376 1034177657 952244708 238153761 60825284 754204314 298754025 1073029947 469497009 674739506 569901547 486560256 667917156 895445800 1061415618 330234658 810610575 490591638 588475544 878921414 294639224 803780171 903944047 526270723 711933047 466255433 591093657 779412583 978281340 797802568 53826622 191624305 323191174 977990450 331851225 855943192 149729069 10994853 299629755 470033474 760489497 684276596 1056743303 415221326 1046400904 306932262 98724276 284704395 531899084 178483573 1029378575 554531518 506614731 832017105 1044496694 47538336 55169406 750195419 511965213 597645406 802821234 1006365674 678217357 841918231 258587978 486559881 313545120 1052088674 903086906 762445303 317827655 1041989061 583365262 682450597 566031300 555183935 933362465 799702204 741333552 921300927 632180454 94749845 1019894006 46092970 999723107 254711614 438423894 33879897 44847409 746958076 930115811 557536152 225828989 997541827 406513669 68079145 845736330 671954368 898003064 348219711
100
921478096 140059595 103759107 401459536 520339462 444506595 318226963 248362351 469183529 600508277 194374654 708293406 495927347 123090063 879825865 608531328 467475667 963207951 204517997 673008337 587173356 874057002 299690838 179568350 481410324 633676775 160818917 327804296 957199382 838440354 233569520 998069061 455913328 845751434 857911101 822892959 428818646 586976546 552104970 44029363 897008045 154139843 239947912 146394802 664638865 876140569 990004059 186721379 65912015 682480034 405503772 627346847 20002539 665538611 307197143 542041812 617919772 112076146 355249805 254201987 774970571 983471196 830503347 13868483 537025048 231057345 67658162 1044484795 838206037 900126915 474511973 547320619 125552264 586679643 685800094 55533796 71415277 858896084 511288992 916785739 973492338 544323662 630688422 566962394 917137722 699006268 450200923 862605215 749525275 844486630 341516897 434833852 192545056 103776232 781272266 1030572261 540613895 44034225 425861538 516891621
100
618850309 1049496163 274523417 664863739 555330684 551487358 906258675 610259594 868582401 54870745 472239224 610791677 342159955 1042694732 1029401539 113124888 221058951 677966371 13840512 502534737 18441860 554205087 336801905 536752723 382446469 355992437 71539693 416788861 334914203 375454797 609746012 501091425 843800105 847681860 514966204 319718213 472431974 148362346 169223711 244276389 209597150 58350917 990990891 170850223 44342001 920146765 337700248 499297989 404873811 637194350 138395830 814713343 194198666 314262409 481108964 723960230 20425332 265657074 940121626 912265402 248828094 35995379 908086112 1062983533 636493421 496426056 151053141 196545958 345391961 832110242 691214249 609944960 573241005 135625508 942588578 9633224 50007401 826125033 23618971 642876546 982180064 364082556 932149121 667920740 165348666 265890654 618136405 32505945 874336243 475148419 107583148 571438079 966012506 687765205 877494322 86894634 630606867 687524016 141975074 899198047
100
460317540 817560784 662748761 253772462 574251447 954107167 405200008 371188986 481654368 587201291 512190605 96458351 976385677 369822753 263199168 851815380 518468702 50605570 875134890 1061924676 89991527 592055524 253645963 52082352 1034645810 455494160 589995989 200821339 184914875 491227749 872196270 35855196 661200882 620680404 1060223091 175622687 611587644 1046102242 169389360 888667364 934159091 477558057 759454760 598591039 1070508257 799307223 974636115 455433110 935959497 104022829 834015451 452402086 464333535 67684353 134245278 840688895 983186250 642947132 411803567 375939 274838185 435355485 112692181 951501803 143692171 612425461 1028809995 256933954 1005903349 16047401 628214014 534081640 283467233 442360627 929800338 236385168 634790329 3599329 1008259678 352944066 352575200 154673685 801883435 788080730 792730153 448614211 1000649336 341341319 52961886 874224118 623757561 203654605 626055866 780178507 661200660 772902531 892425583 456432243 599422306 68065366
100
190480694 1012320564 767007428 145233002 361141355 891533068 97706402 667825748 516351361 724610335 251577239 83409634 100067834 238284250 437299358 144383111 293104106 179659354 769548424 81900460 682344060 1053900018 896256376 518783279 868311149 649882537 515294821 404080863 901695119 695524025 563840411 1012464641 365990984 289900306 462100282 303199182 373561360 118907092 168711094 649296882 683809271 445119961 860820053 992619791 681900572 1015749673 958508980 571119416 92544823 349697155 675865667 415415414 290370832 106519771 317582020 73620295 915389189 161987286 713488080 29853978 347431560 1073727055 447085394 673520852 561364383 73341910 459915529 877652302 933936483 196124460 260787466 305776596 759136385 405974473 121739069 561607335 587788732 528556374 779456731 551694204 44283497 99426867 33585910 611731964 129068273 1024248306 619613425 406740546 51329874 648844762 335538948 433025888 1071623583 411871589 48360633 562685402 327279739 9691330 601535346 198910504
100
878883668 937496800 302788409 406802529 711976496 173718925 694618347 1069199385 907611811 687529812 247253652 1045673664 592503978 1031462883 999729532 354555231 970286457 740791104 563855200 804042901 51889653 1065135681 267756785 427173650 692073785 910724370 364764243 277229597 687304469 1058163123 197004191 973793807 450895498 146547320 789383009 501940438 216666191 362557575 491957530 895702131 1055470927 730164829 314346943 319416188 421164329 276500042 15558712 365960603 511725743 17309936 896627682 698239500 809587815 846564296 226589454 291671587 846355213 5787549 605996415 397215684 100048911 439492366 1053938416 204689385 375366160 589186320 1016456588 634734880 771151205 985979754 834362484 972897802 492512923 336482616 717938237 997543901 123489519 324092265 129192815 470562019 217967828 720673089 1070379271 1034110713 684493425 314576599 645501685 411034129 65948704 55895960 930195103 502928048 848923889 344526530 150922588 669160561 282804005 983464938 28811002 909779072
100
596699511 377443385 370412575 1055634374 586406692 618160462 230569764 258221372 807072898 886077537 327699065 480369449 931569523 219278351 633620123 770175314 634323633 182700520 333079068 36862387 528959557 522372338 696924194 163811065 248722448 679276580 917718757 475019017 212404805 578439404 524205620 301405559 821675501 136057258 939826673 7007760 37330786 404552755 918955152 553318225 302179028 538715214 613911964 258145517 298653383 322755130 324214835 613241418 267547283 939867431 267357573 732992772 444441827 679847352 752066392 326319977 981068342 923984007 142685831 134155004 398422881 152909985 640784766 372122355 443948044 552489478 121443008 322709177 214462768 509072426 895999842 128253036 344000415 899474551 393112973 119239520 428614268 991981769 980085503 851555994 328706495 698501616 871244683 504205141 105607346 940903986 568700820 839022465 684969078 727114694 380203670 900430911 314079871 257360729 818571678 369029222 221894420 712118925 930925004 580251393
100
219106934 364343000 937536975 848993828 382240283 929208715 986226626 981280210 698803451 489684545 483747712 277427059 188648837 888546158 459381221 684285683 582157214 631836694 258363519 442807824 435054367 122309202 786205713 603988702 664108629 812262866 332883729 192291397 780308608 471097942 952244265 794741377 785453140 742529588 476824761 908206498 1002706554 908787926 734733139 59687946 152153104 386920760 581168702 53402353 693953829 156814446 259532277 584409828 115919678 320841756 175055781 236831298 919476180 813911292 974945202 416788414 104709844 224068956 877703218 194603232 144328989 992328605 610120560 854734980 1014103813 290351285 595147371 653741401 346284757 253743790 455532372 1042604130 305757000 671193893 483660820 63810425 582970896 467181004 353363139 395489223 640084561 514105064 604539442 278744142 377086756 464865747 809028706 479568991 183245334 303071099 997143819 395269668 923990438 551810273 496570902 124158231 374226890 471605660 201017379 977738889
100
712670803 1052964100 89693724 365840356 1069880134 437772864 96989257 430409095 1055479494 991610769 329890012 1040524824 824990649 746151270 191819634 793048656 146952215 293748578 803587074 699671899 375868271 165846747 738252113 744857434 852716899 729269596 685684604 1032402914 505695271 853436195 30132850 26059900 9810694 917095844 490233976 93800227 153333981 1013752324 383595683 622184649 535819934 167640990 881340769 562201554 59016655 816035458 340494065 445759126 827174664 453826033 537465318 341882339 719675513 440784610 395579816 543848314 50971745 152084097 803417842 223186062 509161368 541741226 453825109 950826056 1026383878 38335090 168282804 1035136581 892341033 375053471 510280646 34215190 981646484 147979819 262212760 306530494 966001770 658828997 1012477448 370272568 201061863 468701519 1041617227 598991087 66713047 1046414945 439121511 563674948 594401565 181251781 413235898 873276172 342250286 350354937 513732465 744043791 580826259 900816048 662683666 232190602
100
137780049 480848115 79923118 195635174 44201078 430734784 433781279 1033567947 506830703 527122425 84304757 263386099 176534205 372737393 10943422 624788171 476026519 69906128 642249722 955763414 61622120 170683922 750854302 602963497 386115662 258219270 387216402 757604334 785851805 943057 43010355 478843617 492709722 703672168 167804369 85718998 195974081 233306137 586702130 460512305 665428416 859985923 830429838 920238188 430717817 653193625 229284752 212975253 740569284 363636258 502092507 250673357 712833450 498867260 942271107 399882186 575723 164337237 852360848 908677462 181513849 605493553 780347263 1051471565 696027643 905372263 675189952 8727459 111660363 357969636 314144569 466502620 124784376 382488934 228342721 43553426 235171013 408033537 266769830 503423091 880066088 500008862 39737640 708051521 1059296972 636344439 370091515 493700944 159783183 856807069 438624713 392378378 454793349 20087666 866845358 664953966 633801843 118230319 553298362 851444365
100
771691871 568429939 528030989 540229720 560220002 885765200 1041830310 322078688 860634859 410648383 230776743 138700804 434486915 688882720 476890737 802631693 906245636 1048557639 1070052347 445354491 679516446 698837758 238551885 450020608 963544533 211456000 279841541 238974978 962575105 300997120 521731029 82613277 305127116 907748640 983076610 548982559 840078648 755741050 29754599 287182347 417195671 767241627 212759408 66164631 348845585 341086466 391668896 1046615725 690423841 454149798 586073355 350514413 783210776 554903405 518726236 603477290 982401945 364627126 1020869073 1055839721 1044264731 643597008 177067706 85754853 532348523 993526656 267059453 824284302 1053611559 673800319 915110805 20037764 962384707 880260602 854561550 176551457 101718408 77626641 343051 627170285 698573328 2274904 1059422657 576135975 549507532 76866648 937510009 615557699 357179390 378525199 70731793 288321382 458296511 137904492 789418620 998462188 1060644730 1014050260 738728509 539601379
100
83963552 420922608 60530829 196347953 422866333 726971842 49704162 826627112 163939722 34794484 1032278284 942380816 639052957 472396124 31813097 531103352 1040756479 350247139 344155532 344964676 183449931 522505480 954387899 702482220 293466899 783838811 567505523 189025595 1034348891 547406339 275277920 845012560 280938780 1024880697 881651558 77842592 963471810 513217227 358819099 87560498 339027887 586306458 584484682 857160290 580587190 208427804 353126001 23272030 1043977376 575639258 698050627 348258732 743023530 830971891 565623336 369897890 1030141189 119531928 531796920 935437037 346078037 532619150 630221124 16915467 136125747 276450479 24784461 234985424 215351211 513352041 676825098 993197029 104865983 354783805 434556903 497229636 568426978 677430849 755230209 4071614 505602685 544691615 235328426 452529525 988154477 370071572 207896043 505010018 430630019 75940721 268019709 957848528 38627587 386308638 833586639 969751007 413554725 515074450 1046158980 1039677698
100
296130780 503987954 910032769 89550330 192939805 891468835 657545464 535096161 162363915 402638295 705842390 2991573 113335408 351734017 742540511 119710419 695389353 737124934 296125355 935468748 891353896 99934337 728951588 201521059 183752947 577689410 706155276 569632563 334763554 988463434 239578997 647466439 498364516 295514896 576603975 189222048 208032123 973610303 847854269 564588659 108248507 779001654 260446696 829631464 653824655 805349766 618679083 984932892 364188917 48787576 284033469 505626912 475254781 312716933 973440042 348040311 840745805 777172699 296010450 921597852 7332256 401037279 327499369 313225338 329310018 341675429 332807797 931215858 84824214 107480186 488069076 779122264 747509904 540699483 860701491 184271350 277423932 609982075 260768663 568950152 492865589 11104705 201940184 964978879 636862766 167297863 105290273 912592062 275808365 33209820 837330034 521008800 463182667 475161475 878405918 266650096 443767989 721663986 644190285 542241583
100
900121364 103646075 152150609 1020285387 34104200 963167223 318698816 868256181 2289951 1018138981 887384664 650722731 513322849 36626493 236647145 428772861 135925769 254976073 453107129 309819282 761382277 490885931 395940223 124605027 179348855 550105813 63641449 446472189 183720758 478750735 606500247 135342595 100395598 373477620 690084253 642216106 444137724 375838581 505647877 84764988 261429938 430987220 551607755 122457238 1030189721 15865643 685472991 228013481 916506122 411781603 369632423 680742908 287172372 104770109 350729594 329012776 910827258 157671117 631064102 691445851 393961650 1052455161 986381930 472777430 1035094886 104043390 876593533 24755311 795344119 1050867948 817866885 541046032 307475573 136641061 292637985 244386870 38945960 595840226 280617952 448395122 299456139 303532590 1032988360 574550251 195066827 249021672 60690384 14759387 409604428 379154502 663839589 860132622 521531812 984815181 111872745 571510118 275249054 646012506 928071471 195476569
100
361096092 538477313 734567537 816029607 890919831 968846746 298226635 878767822 301075618 938034476 252859033 771977930 1055102058 60909916 156139936 645274857 397737581 166825409 70631611 631176621 535046784 538231912 687011158 413693774 44401482 638670931 700770547 72237110 647169222 532903925 570898345 836253059 482710213 866299832 1006276255 816643464 810721130 499922039 921057942 430340684 6824364 756809220 560793181 1016204297 478206935 257864099 1026517338 59155374 258667019 149314701 169149960 586851678 588959931 856424047 685209715 549690095 746873648 73917416 497579198 392803948 469015044 885707022 1024275869 511255700 598032807 104987626 910768859 733687640 59058398 464508663 1072846806 344010848 778999615 214150055 612897278 292246407 172364725 374998238 237522777 173353307 29063938 495970677 968578306 995232158 1000826424 991094456 724637093 920864200 289333567 729279208 363450373 617753474 160919891 279113658 732167543 542627628 909470595 663319767 881430628 58512984
100
886688346 372671179 14326348 640366747 844180309 978498748 673757828 814690117 902473804 412687070 356517679 651539603 575726008 946224362 343763885 432614966 851219077 757597229 984523031 738289848 346679956 713611786 166899895 655498740 432978234 242226806 3688075 211012504 1023109055 674348666 390321095 100719018 391168992 361206453 291995984 1000411392 695507534 120417752 693563969 670917062 198123821 540734247 515954282 848689660 807088790 747932927 613960908 970238966 500389653 470661962 691541534 964011226 977641515 152482316 197760843 669020965 1012421325 319768538 362392562 975920423 592011747 1033450590 960841957 1002637186 653441226 394501845 753397418 200305583 526210515 623508624 800451581 548871800 279786689 727727990 783052876 600172159 531630415 21386369 121728569 460563126 848873896 10285629 440225308 386040037 682756333 91600716 1009283199 44270632 588325299 794335460 334921888 485776238 261369986 1060675919 601462514 82937851 112516695 1053949546 191310748 1016517606
100
390815782 226023672 162011292 806479945 506767115 124972565 324818267 182440740 691856048 316330294 954537400 50708351 708419652 1030173265 571222042 263545371 777619720 519310737 945923132 819055404 480006355 402947541 213139887 816570588 954856589 784097070 701365845 568568263 40061108 326877541 984552679 188245885 1019598810 294005362 935412593 575766788 368906532 325036294 62742993 231357780 574277325 768194306 1044203579 638209496 439418017 394914814 389285303 330639603 541525634 258244547 465987234 968504441 316929767 888446161 171821865 273662002 455630168 72123098 940527057 895668314 951145715 931625285 976304626 1044756516 71230186 213356972 221827639 94864434 72852739 299448926 804939551 136197407 943968278 599171294 10861951 550357493 788102803 1071965282 832095486 519445175 416567033 625285205 409116312 1014072025 70406752 28514005 783348508 879647682 508578544 382477109 438409646 418203473 587151976 318200956 892505669 214846037 520962200 387579877 550123566 930526996
100
77691741 454164615 509208517 148704718 986533897 899496133 267307286 259186010 493012157 169234735 853292198 166248878 439642245 971792224 459676556 398682751 640116000 448459977 6652110 635399318 362848640 778454316 139805675 949571666 126071883 723885346 775797586 880341027 355313245 620112022 763961064 343549712 487949636 523241800 990560903 105697074 150783426 708296012 281223289 371593271 601454159 914740616 959099905 754777568 786710933 863960121 369992658 625772163 678707442 634801006 373439638 599044489 580034297 510915468 751057768 840248817 443550193 538587592 587130970 352006347 1025898068 256022192 256901360 880583614 695054674 1022205091 269316771 987407236 154616652 979275348 714597728 1015369320 290071129 687717707 356783622 375055054 274314436 651888740 35979500 809250220 976724875 227193421 939580504 995117321 118357218 911640588 637199112 345090693 298526382 469587832 633073325 763265489 472490251 1065006523 254009964 1040607026 33396935 714151382 399369563 202332674
100
135278365 938568970 103550767 723595802 252818359 896145399 140349371 1026364242 732321567 82860056 586819386 97175084 615326886 684518742 622043735 694279290 1003431406 328282124 1022811471 296686531 702110064 480127884 983474804 462591937 653195511 59017370 557045931 913577187 592318499 377964527 1039466990 69638860 849371880 264981687 740231628 997609170 823305228 603830035 112288740 717876864 380369836 209391256 170359405 998384148 44031415 239156431 293694641 33595137 93597809 506877875 724966798 964762222 387302130 177093686 1005097460 103680950 800396197 5830844 100310889 991641319 914712266 461637533 911665800 756037443 234368244 785930664 135017853 239886785 290371979 415183003 697564811 716117900 18630986 148359596 266235526 518877315 848451778 296212483 209557337 281011640 311511766 15781693 227148418 20038641 850878269 7601643 656052113 226258474 602405124 808417297 661234349 370700305 386217225 39702951 107278 250503305 433442945 549628187 1066060164 785486888
100
168690126 823410415 263102392 265081658 627076754 921864900 337095353 583094534 20581426 546132367 303600094 556226652 308169706 196502379 377280908 211827090 242650603 459545228 250703966 350739540 763202521 787024309 212615587 709416482 876450636 235076290 478386142 957141199 694915154 794508576 614420293 857948419 1042868203 408044624 321771588 980970682 32907916 372282984 751241719 330744259 828401309 974588561 879150259 107772994 234078971 306730890 975791229 886021423 893143415 346419747 422839185 43659477 467663188 259668931 275942621 397993299 689666509 1055523043 756391555 684060958 774612109 380061585 821705819 881478013 476962869 683634158 979718766 318712076 742476505 329160880 901580668 126477882 502445187 178418081 220847991 90970571 490564015 500577822 491367942 983700822 388681165 514987416 828266755 44673479 22726083 553115671 748841725 401292767 687796840 537330866 296580535 935277743 521321226 37871640 202523815 843686945 1050290153 224287498 1000398712 212228975
100
532404446 66477192 824129962 192414500 739800574 239371115 644273204 555660614 104830567 1048264550 739339590 698808367 143377451 406708724 667302507 530134629 995483119 860763461 65207043 222210655 816551277 710368954 1032576705 539486475 937901555 574787946 627162158 34225225 637725411 595562657 56137508 486395245 817946161 32178779 594048851 677814209 67323624 993825229 236097215 991058688 166547365 119988701 351580223 643098077 396852506 261312421 686102016 221106298 299981965 715359476 609253377 29396721 627737174 996334284 299135637 849970127 561829988 290556901 1011891428 419027604 445791417 976467753 48607081 652489268 1038053354 1020146230 10787445 778311577 651056032 511388639 349858987 376066078 420575513 683712171 1044392322 1012397077 992673703 525505365 142651334 248666435 243319600 975909706 13717528 104451423 727177900 44215086 60207977 508371094 944858795 632347991 978325891 465829898 776122316 683861072 239253376 938090574 981636423 835609944 698342993 59062252
100
1049408225 505336120 831506911 552036866 973586193 759522382 26394649 1059932945 451075652 1004059390 816305662 754170136 403265928 791699080 795792103 726199728 212652319 275096703 444568737 811393030 398290689 379151691 438495723 316400477 507898199 650773160 492584187 294557066 458577153 754171429 462294522 479796598 325109777 796221350 658718083 385071520 340184142 586361827 602351400 1073127064 643735986 305277671 527862765 370353541 909988076 581287569 678644939 219433632 169512415 464095510 933557550 595622839 150956577 463577981 745543032 1006024363 891869053 326837281 701394300 547420146 1044904562 910619955 422700803 1440022 998919345 132709174 937189451 71581491 814976930 454396801 443958914 490764669 1003720416 471282369 32374863 990982072 803320504 991349620 870983754 986824894 617112239 635429998 140023679 1019654397 23738361 106657624 82067440 842877174 409665538 674950956 777770768 860914623 927370985 1032683195 793989192 367873410 830431744 926533415 311043957 279974396
100
194367081 383810408 762682111 813864717 311903692 300218469 817446640 913070124 341188720 759534245 605708105 353767629 64715208 179114196 597899032 748454344 628542492 14116499 648739199 685700135 219379464 870768375 1047347250 132942760 910726651 38016776 766560764 14248254 891102905 512936003 236423482 572890512 599424986 914711321 821166686 975170425 1049040712 899250542 179305069 1055808134 358848709 168229146 21525890 925276539 369380451 292304491 657655113 387985615 950062346 973129377 97281924 577406251 91492085 878258801 457208970 605071854 1053210165 151341187 424893891 999621548 947764525 76789748 61094957 265206442 191326996 868473557 88272602 873659748 532716150 418433193 917719408 794039048 1068257203 452921579 381129383 538983928 1066901375 760683910 696013519 732589644 264496480 397860187 184513095 21414990 930171443 333684415 46966791 1057284860 258185896 780612090 275331095 793907849 247164353 935439305 956891669 718090972 576559959 389677020 409395124 615939599
100
112683865 400184119 195369713 1045078139 227389271 939820538 862748549 501741148 375790436 179214058 811312001 709345376 539977728 330512647 658506448 855964675 440295711 151888361 416706576 700989076 854155435 325568568 445888277 854285239 1059625216 29487667 32444260 1065049060 688205679 470651946 43540153 1229541 31532731 567639812 591678337 893789788 753015198 189619898 939007841 1067258939 352896325 342001882 67074477 374425929 163537872 849877765 16110065 961427364 736679636 406350193 193841772 137026874 213557720 249937255 570446480 622324302 1055634651 139748294 860723588 805058554 570558156 953682814 968478882 859410087 516489233 875459606 1043316217 282311830 591049985 208759848 762519243 468974682 728100970 618274783 458021392 268610396 203099659 53458815 723190514 64049238 57255195 737887710 409905999 210694617 171508417 1054541539 94471739 25214151 25523353 428797454 160258683 918092505 487351093 26772720 818889994 306600218 477183130 898111918 172018584 345341545
100
273759618 563134214 167703036 1050391057 440439610 1042673131 549147096 831906802 1013771703 397780754 196598105 713994549 213761648 892865530 805648305 848416932 299946988 371471188 400209505 17272187 801728587 421403529 191344577 138371562 647135166 243297586 1022186878 1036214678 786339595 141299102 718980886 549352472 135176714 88572239 937785438 1073700732 1038768682 81272445 1045948413 677552836 76799213 861867921 286303726 866984035 182491751 425993643 837528066 656513219 208769987 706247454 42990171 811267263 1042606526 494593518 433824243 372596777 683326250 1051212377 896005907 584070213 650597229 973167947 870330844 586330700 72132863 34678504 572805825 375229931 798305263 358356230 712136971 332613569 69854303 176410032 571459924 853628900 972939523 191394212 120423436 78915677 740881831 322027222 1040182264 75489191 1003211174 376046315 21322925 793246516 217527923 932502975 129298713 571455976 1018230292 233559007 353343995 884823708 946839969 254456080 181240934 121246364
100
546683590 295817282 496570410 960865103 782480046 575575755 927923449 740874629 771074340 159596816 79989938 184805592 327589821 1069493877 1036895090 791781187 624753599 326282034 584061002 257896665 1061669028 819476177 564213694 69428800 233949851 138418867 778636871 1037900593 114581767 818434188 537920209 796069114 529807614 716880099 117733693 181336316 462540747 302752147 73463008 757992236 221758828 649239629 515707650 44080278 315686676 232236308 825447777 961757653 705730986 336500927 409320619 377170333 817212489 102431610 814428935 536857394 200596158 720768837 248497805 389801198 999405581 118569588 529642441 846187199 282196205 370064941 977616956 465503398 481588807 359316717 185165019 1037253945 739639226 265195779 691488910 259948577 330169882 369652500 292981426 553044125 554493421 937521301 18898328 646242302 17201645 474722900 536572164 499158057 254926216 228791024 1016769710 867438104 225015651 737805660 518568644 58781785 896836563 1017957216 464151142 509617549
100
1001716760 587313705 253196010 292737360 678910579 993786517 876495546 685637136 84278197 947165351 501975770 1067788742 605076981 148279376 346510140 81093328 788401824 478607091 280580197 25226298 48627956 125971947 841934319 1059430472 543798406 989195523 993162504 244130544 799083453 451026172 663616242 915465309 110670420 67797514 1030946689 359396205 907703260 226702935 484561824 713334836 498721335 811725951 608837580 299363959 761220126 123613715 977191575 896587826 130745245 124389910 760676135 479551507 785052818 697169795 613874612 194212860 1058835249 1032937412 200904717 441950085 120908418 70905148 32859156 53972599 828994273 1059830207 202858045 781868882 254974078 464800021 34365971 728286664 277023195 1024086907 800349876 393149760 393029201 835477537 672705872 907709268 630244491 264777644 610254765 389927507 369838344 139785910 320347814 985887680 870583453 113928265 762624167 293307088 36639473 299798632 22315059 376211184 945819904 938770055 539974239 1062358590
