30
100
583467418 688558488 883840122 940944673 997978355 813274534 394909996 803741311 349609493 297641800 858200048 394981896 107782931 182695829 466347243 576167479 719084868 967931531 91834310 955441834 654348738 71355274 778364974 324487331 826548718 258072021 830704213 746533768 386387946 520465685 741776238 772833636 172757789 53688789 846122548 481016675 370212019 38354439 617989988 1069602393 874392603 126776701 483449406 973833020 589616007 995260017 175035656 169414566 141413487 270604797 278060427 880399956 478526478 1053455524 602824084 729825193 513361892 557932232 832307060 581915180 242440754 445812017 443398785 507171589 961508993 7747980 541061011 960165508 972168731 155081449 987993480 259367067 683230352 388197949 712078784 836711775 479646771 405917406 85489825 255129994 170345115 408526602 783876628 72549116 39204131 291717216 551509510 438810934 239285609 986340452 703544552 291956189 710440402 432110848 311574576 1046369597 784705029 400569598 683382486 562955971
100
893245583 131246552 468053378 1018130870 16434631 366401718 399196335 668546904 561659166 361645558 38231077 805788167 466536944 504476577 973222114 89235263 941308670 4681668 736773512 572232895 384445163 589254896 799819485 331601163 163453120 664912571 408692811 457661417 123474025 908321341 401724513 172681956 580051766 775072404 108752208 490503629 8450139 319238496 405216622 931057460 697990512 915796807 260470711 315682035 921870065 361443442 61696071 660855972 193507519 247879951 604943585 240144422 1067212445 556173773 1043860843 610167324 575290548 582621283 735030384 1062310509 1005776911 883109897 964003740 472537797 170845984 256081404 157945924 152072979 72393273 578874879 790397916 836152841 364350484 775255765 50515070 575346080 561341004 656144072 945615210 96800657 285748705 885792805 281417600 665031132 640338872 362247614 599069127 1017997125 100533529 1029265254 307134954 159744978 973879343 344727160 707430582 245721422 837390476 355813969 737150622 1049598922
100
595246289 619146295 657204758 502048074 670238431 216472252 595668556 914724929 570606818 607868043 523868742 184319654 551095112 527154597 833340451 997033598 299688706 151022642 441597638 579325488 463328774 598247675 887663191 95259914 211389388 23363566 262052032 482397114 1030256082 915783838 705856048 614378709 639863832 169217729 134662556 227231059 253041061 95969968 788713785 1024460049 889624832 349526506 441589508 151957326 834511031 818231185 756257082 134931246 964288476 896103659 776643296 283915322 109456002 438821346 656719932 180015838 472815173 905532805 266644313 991479018 581805759 661515909 338030728 410627602 1038256660 868803513 459959002 56305774 685925735 848684186 790878374 805285114 280408418 626657735 195788809 946736151 551200435 759321987 635036513 79132168 877247113 720487474 858818002 902173558 640756507 919661792 247971777 87436781 227974177 176239033 695378779 452716637 126206809 643137682 264958223 802654105 328672515 938648415 890706960 836389595
100
158933179 507272916 108909630 162171977 182103139 1009704855 873472323 744563578 423438267 26338521 846598989 549454155 42807879 58333660 562464805 1008594447 631392819 25420583 696255094 944061346 966163660 95404805 408609362 543289823 959686405 683068935 620375467 936971047 697845235 734605182 528279771 689619168 896915281 82361858 1009909533 985786356 545966589 793878510 351320849 26369358 691666553 228786145 853004092 103318113 140629867 800706878 817163909 493603232 567597597 443524269 211219642 51794695 571858685 61836440 223125257 501454993 943313438 294850991 919721095 892873407 353436598 259602276 653098669 139754776 452593822 944345200 427946453 660914851 872426197 693461836 38921665 654301806 371681790 227073721 540802581 115821579 403180509 350117432 741270232 756700174 438025437 407223955 207087863 646840464 861814925 510771794 38685378 924605871 35893790 306021959 557641837 578597387 1011242215 530318851 927778960 5688139 470676706 407089246 1003597992 499341974
100
898108403 33287572 650862875 832453256 152267681 638596120 314092681 952788957 846377739 694698333 373908375 350507699 1000680217 935199599 790143613 428919227 321021557 511922622 869148537 813119300 906507791 357053854 887557964 317977030 23244186 342999751 573153722 479468635 230701068 499351509 420883982 268244801 746830882 142433993 954660755 975274073 447140057 420496774 418460188 971359147 14549494 715859541 108596861 345390048 626074752 925018209 1061869327 701555398 123321152 401956924 917183536 197431760 972647240 829331544 309326017 988271252 905609321 388606351 911554214 109657931 149717435 527950748 601750346 500921172 980342297 158008736 760538136 794725297 1031501986 260458142 985508611 248067976 128171322 1062727166 667527935 1003706531 879830278 880638990 304184453 243545073 794575604 601121404 127246867 1072050691 990621745 970542301 604521642 4337551 281874608 762837290 388104270 239361521 1064970154 248356926 975421578 212644773 624688152 127921753 375893225 644672718
100
965381024 1029907838 727063475 866359061 606418074 456904541 834128188 617670381 61104820 1027715359 865248633 878362575 649495742 501243746 272680987 611176202 278906733 668547399 364216569 767570096 450260439 181974259 917944461 719258649 799128057 733527054 498196596 317329504 628974900 855775303 504263666 493844708 960735436 1014951885 538970220 760840649 593483368 854610391 102362603 757097589 176914581 859362078 849764256 447886355 618148675 713964126 201540698 499307027 772258886 58997977 281444113 662041256 947192790 503466707 363581279 110440777 68121871 1047948311 235815426 264516912 892008050 416754800 317665628 895804894 992375395 474388529 917296627 790474645 892006313 745031854 365586161 489936860 696596976 96239809 1064028836 673964543 844896842 580016454 40294143 962724749 415571882 375586206 638329368 227322072 897185640 1034418224 403268264 240847224 347100608 276729572 587686030 346148040 148270674 514469798 333804876 818396776 238419107 1002958057 229940361 459575993
100
717556257 785650829 1011071844 595735302 669685832 332500680 171789268 596321811 152052314 921628747 580316599 507127256 197618136 628073037 450815361 390186187 294859593 101675687 1014179560 953950282 981148341 910492761 220625257 49535253 110012456 372363267 79015106 1011063758 656997429 895595628 318692726 397293952 822619248 884741887 657246540 105992213 814299123 474518601 1011364816 1024754399 966474714 363413629 199318225 179782416 758886343 913078256 734231265 966731841 378384990 127418268 132408280 518576367 836658634 34682273 503455058 645759737 673733687 163516864 480287532 573498404 166204501 194033118 190415371 538698391 475235804 79810183 783285205 316650847 474398210 604242793 769301557 609066220 846695430 661501908 490034459 565914514 885145001 340810561 877493050 253435401 950102960 676874696 582605449 342541294 723703396 764951720 724622019 657717312 451629585 761416387 680440807 136686051 555467658 403732767 616411832 721744928 506014883 438229862 900894013 628672291
100
20530279 686737218 259137660 517552415 102663827 574301910 372429727 521519552 175850624 915159243 557113956 760780158 471748970 943908154 242509191 1007366849 422093229 507188220 970851625 542887928 588958540 727343409 971243853 766695443 685905517 9494973 964414044 917206791 843521499 259913670 503720354 450967118 23068547 942356280 904133070 556050788 283647223 948918849 45707126 1038690891 815754222 952845781 279048593 234726920 51599042 726867499 836141563 1038252324 712191216 745892669 612939252 240016427 72491932 150097228 519323297 649355312 779675146 395624795 1005126026 786234183 824751654 503313839 139444506 954475786 359800061 220376661 7034147 489587477 545336130 1040365980 567833431 170370442 654395850 1003648150 361629648 836457358 771398160 344088476 459283848 800843722 415950514 490783431 247944930 958905579 907813873 345596536 317650464 729786914 402292789 271008720 843806186 316706724 90965127 805994809 71021005 349303595 1043055894 647245531 964075193 41659507
100
1054494503 105354115 909418942 314021460 824563536 1071325537 142382161 577870740 7128013 673086576 414383349 962926385 273300697 301167666 505215094 1031199885 522636019 1035664392 906773543 796835119 344103774 209208252 741952093 213100863 529781922 772694010 178405103 944463885 917175049 1029341906 377572285 170897546 604988707 321700920 2870566 434850253 826654787 929135236 871145104 523246479 770876671 1033708275 707491555 194594479 63650739 158128676 225662222 327851440 88469759 734880923 220855425 911193398 687684165 173721409 1007321522 937198733 804678188 111833058 699721368 684824098 155096352 714206637 1055180595 195414023 563054031 878459320 69277186 538418291 837730733 1009749882 586606731 541596224 209231217 304469327 571560918 86064492 449405334 584684792 348150002 971634584 1035370203 644449304 918610287 19513484 38392515 473210040 894946275 792573617 741407766 466666947 923928678 155275157 705871710 301861771 196855061 153917547 612137835 379086914 241216146 38405768
100
650779778 728180866 593876967 975669091 889231302 756601358 509150118 592875713 778432750 690604643 248625799 663510727 199290559 705773874 343635824 465000218 48078945 927268656 921214955 86410400 811632095 799670935 333427879 186088453 656820394 30157732 183374325 23875639 533857303 766441751 325206091 595302123 678174172 608785590 739235013 36470038 380874391 150892489 511631775 483453812 788822599 296071071 560527036 409975556 668170449 32745992 10859042 225507721 805564028 123089370 317251708 803094027 613880949 177566573 804531607 715722068 813191500 617357598 203318501 581521012 661127541 92843983 408044029 977653566 189190089 2728805 132567321 452516040 289644034 650570569 670261142 1042469871 716045634 289033960 100727927 719125969 191837837 790161971 1044089059 582888528 644604746 196065824 730093731 63152790 508564934 995440935 503866021 969930124 931664305 27397061 792461691 913440865 778540190 543341820 73286621 166062345 851553927 659851985 317050146 612512955
100
218055373 75056587 1006824562 983664159 289287805 710237177 207933806 632323123 709496819 172119026 809673136 439360266 89534018 830154912 417754241 826633744 873624069 606616593 42006251 961525271 950309337 844077048 490287166 399258066 32132830 895270443 134592141 465204824 303481146 1000474915 646081327 973297575 972862614 829791359 255072062 463757599 194516127 701228417 200024091 463592963 648571270 41003919 708725736 285307388 175006849 38252723 641373708 122634645 668892231 975299100 232592307 376416960 131766680 590092443 400943180 549424463 960811955 804677927 218843657 482681724 587021534 126551385 246912610 905144929 102547170 741321713 986019474 1044519553 889128844 565487951 669783064 547106878 65897774 24340474 986537272 40305760 8221467 207524125 534272376 144962708 217249326 902151429 175214115 57580522 356206916 330216356 907244233 416914263 860879293 468073745 173602237 644608561 18166783 388661766 790892694 918611638 100999155 1041300577 307391662 386694789
100
92927907 481433510 243697442 11219242 992190836 405293024 939404919 380153938 862890525 356266244 68692814 519159289 925267212 846719100 955872728 955123484 234805588 72440311 442535977 216117051 3764778 9260009 57630393 841751772 711229289 1011774474 564629732 753128968 149247503 4365267 786143595 190934220 858808510 849335556 1041643249 747338682 416329788 451132961 767200383 1073066597 882973683 260495088 392088065 556069352 349762161 840295676 606299335 126515552 147732969 979593237 42524677 621290093 1066369201 901979854 419833171 890219958 615988674 193043198 920743213 783228770 320520507 201975360 856536948 68955039 121025758 208352882 521065451 445690654 360393874 338735674 841349819 764039061 182011615 800933244 390657263 549384252 137649525 228427237 379966713 475563601 462996901 696362852 699744043 793362836 341450982 735150251 656228927 466476235 293289298 286039986 434552784 577075775 335644198 543714869 96953566 400724029 823526470 895378993 276968014 324363671
100
605836907 111187304 149724704 318032674 218674921 939921495 924473140 429006423 130878838 924873389 596661293 853847239 714629666 464953820 98908911 220023562 378258368 144175549 636805213 673398359 511892583 430837005 609068257 797967 296392178 238251499 456974568 124886835 798477952 957376092 122446180 432410345 265297140 1067497672 776139848 806062331 318154101 895729786 200934672 210623831 135200240 827927075 614091062 75653008 210248337 269237335 1007779006 145700699 302086734 865054734 450047659 276578579 553380700 954997029 943103367 353336886 602472375 146988763 453223391 475469286 38410655 522699860 16823493 774038889 399620117 619905305 647227469 800039082 532204387 990767510 399054864 205882037 12196241 645670811 206506924 63737406 40219376 572752604 809350465 846749211 415135379 966015345 599227893 653100486 525575889 911468630 733454962 646087132 289967557 393020396 111124323 293484704 133968334 21291127 391491066 863373945 239278607 301615773 570839149 774730351
100
214872045 635104884 395916978 357655195 492558166 926384589 367536403 297409920 160967084 508646073 1051948937 973785809 132876838 640730236 12094638 946481415 349617890 946876896 700350528 272261723 300902752 441047474 747181984 1019822414 775065347 533125956 620451414 757232929 368030100 841040618 986422923 959833694 785283006 380315261 762012045 12852045 850453907 1003278811 100950095 12758143 309601541 837550948 648903654 271239495 668065390 508442751 809047565 560188476 602153225 642255379 37683618 431742905 370006902 155949326 725877542 211858013 491381818 547883746 958456129 747256716 337809980 67900931 1007355197 264867819 231990602 572366442 954248070 1001244136 156909202 884498965 966435888 78703151 359639337 413513092 621126513 916390966 1052357256 954159166 153428514 602483378 128570121 766454090 232902210 798402592 399664750 675177398 400919411 562442045 112342107 56970004 1036452731 418455438 607684823 449732600 333891269 1029888473 662953167 431912059 1033895133 580265130
100
185850043 615425272 803905743 808528471 340694873 837641833 6573533 244040372 766755321 617410861 476520105 22272292 433966533 824634976 580951503 835540617 390856683 491684038 835822126 1000412070 113437210 880825667 694817641 846033316 160429833 68436835 589872744 849445519 721553137 68320723 472988117 107266519 11082766 1041126118 541711008 1032674512 221189921 1063812369 775141500 904334130 433816561 643498863 944685663 927758233 722761157 594586173 419160838 894777350 745436139 457831263 242169198 1050302044 824014389 785493722 367282524 533948644 769192311 306387800 174487510 122567369 562361354 94607015 1067403176 58918045 976376396 865197626 761061857 231158994 608690974 898424742 616732243 811649090 434556005 1058281766 878014486 1031549608 953933705 994282008 341236229 986109733 498075128 986526590 824136511 464523452 44678564 712124542 762000295 580045525 701605249 744304354 46891109 122268094 692853256 419491737 984404067 267371301 161079735 509327156 379994321 516941471
100
784516714 587364770 381974053 606474645 848769684 448053773 495570578 340068689 981882418 942417164 835010598 728448082 37212516 179742176 12752646 666160807 764090993 744916107 640299961 511879527 214343236 11244116 103920556 285513515 509243625 940742215 17377711 943353999 924356117 836551091 344385143 977164468 872720796 945894570 525586714 585763265 454922232 23761540 521818005 707342685 448927433 268609116 830062409 176872759 697539920 291379089 364936570 719583103 586685682 316288583 732856271 638899050 513657275 993961956 834829525 205769137 732054232 95787923 332637308 287237394 171922204 422276804 821684376 989241038 958349692 990435754 503764321 247704361 767209875 142146491 269548019 627693038 425858079 363692084 148103375 248114921 785688450 248697491 350656601 661964394 914819137 983982875 705350488 236009928 570118537 182516563 974547320 902254556 952946085 988226183 490332107 725771650 743519881 426873414 212132164 35416604 418481738 1042266850 80461627 147074062
100
405166067 214913516 288404803 66311795 931927252 248082679 351516582 706297914 782647589 587201505 998050218 825750687 768054599 775975570 295776963 271717868 122881763 971382230 297076715 202422672 514108771 978110428 869292062 773433500 545437304 246547642 503949534 296529991 134769298 600247014 884802223 88769131 524108139 141892542 992988572 73868805 516556413 848722946 757317041 568981432 209587591 665189460 975884158 360528459 1016493836 1000804799 332289178 997159 637109459 516455981 266014750 640085722 232259176 8620272 946103078 284055958 728147354 624543546 55609684 18102194 144816891 697529508 327148877 552038952 290230883 354442155 367091001 760089366 899626861 201149998 84264775 528064061 39068153 629157362 503604775 997945733 336067240 741115166 432174478 169481591 404582243 292728511 233817782 780834241 563550165 771460933 826961115 988756406 882469356 1031986436 519797183 549311691 260488796 595720372 488557094 477079323 619144476 741168626 449307227 102551012
100
730231741 303422122 48579592 917940411 310666489 992500707 759788173 334320222 278194415 84388830 752111902 690749652 502797259 433179121 532223623 358890474 431523613 197041019 726038844 575360431 1010973273 684533853 38895571 38717173 1037685591 455862140 855236997 300225492 913739475 749607745 392820401 95166504 717273326 1004551704 393492826 721947662 808891819 831356660 53499300 624160875 280664435 231230922 821676634 485929829 470438290 868743185 863115627 762178791 602168503 875386184 778602601 882957090 903549816 897614704 197751048 315451143 68714700 49918862 334963109 262224077 345295503 971441707 925781437 282123377 1015097857 104953812 668470897 163509809 602502215 524475802 1072395017 270894864 198062825 1024389522 230728045 234045782 389631058 281112405 251102894 483323149 638532692 544424066 307500923 871554181 647945377 151566648 867311788 894595280 556907859 266003612 661825467 322678343 656346468 512614745 352639814 1004986627 1025708855 1000754715 309105551 883315044
100
313509395 753427196 313002126 949391761 654732662 219756183 192652519 926099533 479563262 793609870 734936731 594514482 438125415 449975988 521034776 722291221 684799987 1030375167 384431762 533693740 492990695 307360776 232296064 384474005 113650444 107669390 337858589 46661839 390842159 494393587 320686056 656460862 1020511905 914816445 914204452 95474091 624547767 804137494 940447833 671369666 1011085899 360350029 505357265 958532243 145261625 901101139 427074588 940855314 771599843 895671359 329009804 714216599 27496110 982828747 719336378 491452767 284926339 318765780 222792703 764919561 796862798 191508189 542589948 244403737 596028803 140073869 663016723 969953144 282363540 308567084 663557611 39277810 271874684 851910442 421601007 241799606 1002596663 790390425 429604560 324018906 397019463 761206958 749600511 206563285 661763121 194322500 239024180 206695171 807551742 12967256 132200170 939547173 534641339 790504846 966520800 744099550 330860793 694408363 167265433 335456055
100
270200088 1031755741 867511835 913786065 352208998 169865782 82793436 898144417 632149956 388757108 189478572 489322591 951350411 1054860841 810924837 681613232 977748147 312899118 386888898 234245565 543201115 394933020 116792931 865468851 1609029 747058644 76849869 330409795 408748375 279898104 735819048 814631715 678116635 189782127 650443135 218410890 313337151 211001317 688045379 885586104 1054603798 960812360 800997321 4942188 680175638 950997580 581339847 675557228 158967896 130746344 433183451 758923265 425095451 153658071 976459780 262489208 784889410 88686617 279502375 357734050 669891025 324792687 299734411 560287060 581495923 781046242 730602333 872241384 929242615 274754108 567900717 1061269435 455278031 79177101 164639343 529631917 136031119 278189480 272339708 753971620 236263284 816203683 577085838 201381897 911209179 690939995 1014600519 488245577 952578245 484866285 395105579 676603221 452007513 617534270 798008481 764636450 845273954 791461493 531511286 267001642
100
1495931 567244506 736175082 172577581 172781954 341197536 142199394 418625335 994493051 121917442 989500568 861703750 28692382 945130780 98112533 827843800 165389798 332340332 861066854 1025002766 662145682 100981785 747069852 11824944 691224486 668434089 371540172 463350311 499406952 380449672 201072784 917324802 657694179 380034952 755366789 1067428466 352093031 873719132 163141323 254886733 569813767 929463835 783715976 1059933454 523991577 623550916 908210789 1789779 158973370 834764724 37646863 275356510 40460104 115574577 68524471 288840853 743516390 925564899 960994963 387987715 835754491 36254293 474790747 1068204500 408931251 432545913 448732364 104920029 406283644 804965921 92118569 231016465 412262795 838736263 381261237 373216269 461201749 1017914310 440512826 539589261 413159958 61098334 1016849029 290663412 45949261 457812660 96492519 158054089 936165694 333071503 210214069 916760628 670154095 438343836 1936841 621083781 330342187 545383916 1024175616 894590894
100
694874481 61623994 582090180 335870023 710762116 236511325 6480769 889577360 622827362 870665938 590606021 7521594 47269290 37383687 1016549137 55065315 853957344 790722155 125146634 694581998 239773934 387092852 153245692 539770114 87034526 68711964 320101460 753375883 742988833 370873696 608394789 902759224 343049099 69424832 55401636 544489851 906807636 380232899 751139756 350457612 529055960 725813616 994997307 685816167 82346200 171547349 23237875 854873673 70708215 384497539 652956314 154863671 825739583 737547024 1057646746 1009308407 13790361 76518036 884377986 833781780 989392728 747436332 520986499 563024734 806221999 284746875 142515443 394481512 218830390 859986212 908909774 216615433 266970217 827924305 120525616 518394075 202393385 222900015 361483740 587161023 617017913 522661231 487949496 537090903 569606594 610269127 243808847 1031043467 161538767 800932207 529181773 267080197 923978706 363937701 443880455 86023348 1047004445 280716841 721385201 378614861
100
33043393 658081573 367930053 92440148 573443767 510530531 449506776 389358811 803811670 164891147 356219782 561005028 662218352 355402917 223651472 10874551 434001371 398552409 599812863 59953535 134488303 3288311 1004032670 670981582 1070075658 675802097 335014267 1025088790 414288396 1067180764 888750698 717129520 375499483 1051081459 235768706 51505881 655398368 499515028 107197086 843703856 749332361 505846208 172956125 379252538 1062875333 212134559 501242914 143486047 547324811 152429050 186786196 574479594 640618323 110146495 376177695 575246732 1010945435 731813761 1065190386 493483225 1058684515 863115510 978521087 268461001 332739761 864548983 921110143 118789689 416789262 861117315 55640427 109549416 1047255048 366546236 267707140 142429818 408869550 794201832 565456459 809408248 28448535 56604785 173234057 286648654 1001466587 302786790 327493833 937988940 167715224 219924216 625882713 1015972006 762098030 137531774 347235149 1042977652 128550788 965607409 870217212 335908019
100
718664432 826260609 716014785 178243859 199963838 255574331 995881957 946991724 869632447 41553741 165956293 893707967 1043550463 284296991 464329453 350605768 499954859 539935451 678809423 529592641 791440021 1031473905 468382910 848843118 274728116 250043027 491459185 58038674 88199586 140244025 949883527 563669111 971918620 875103775 859912829 193380587 122101894 449240770 197768121 739706429 933606244 431501671 595567619 484903108 740248546 96496276 368301574 458269272 754761549 148903061 292680148 897082071 575124120 147409912 424756575 356830370 730819288 113132561 962993409 928031005 273100232 369875831 404073461 204094770 207630918 982663301 47088859 980551119 251732180 1024304602 115843640 950658147 461186072 118556377 656932595 1036505957 518818140 618986538 75022042 400390861 923332879 532455479 511960859 275176601 422514498 1056080816 658613963 638718282 44563499 591376904 45494115 202511460 496768165 455001589 845290813 256811249 273771182 63770100 438792219 973282815
100
110870722 44372897 245275421 528757786 109265380 994768854 989256930 735979948 506099232 78166439 891320679 333460014 584329218 968416100 192808135 489566417 1021607000 86674753 299388326 69415148 183531190 233571799 1032956327 1037616761 814321139 746023584 860246517 42598037 641159338 681855102 7065531 439607299 475077050 905944116 1002535084 1066761130 111793351 585919211 262404988 267488531 859820727 890170031 26606692 674474732 576892469 1002715888 579846562 39520135 855719985 933801218 870838263 541901147 437363805 342793373 887576359 326091650 138759602 411555933 1029295740 984888890 360393449 476289603 28188996 585662308 94493443 289607730 494340942 259904264 1056698818 501642355 157238641 337531855 368593965 496285233 836936198 297190279 655389968 473936382 1012808041 466994083 324999545 13040204 675915387 92448185 417369404 882585589 581653283 384683010 730816369 1044638388 303682760 933009885 684654321 847917482 433871065 720565324 987131612 373916634 318513477 389829237
100
153710764 39391491 831938082 109796548 398573678 588466316 325002306 405929683 569060558 886821468 805885286 561778 406759777 503209844 477435460 836158356 839203872 422974427 456777784 959012207 588932582 396321560 728887742 557149952 126032627 928578746 704302841 860585861 817580908 799394000 792875568 667734785 1056701400 463598705 906349643 836026043 922480036 484249142 27571546 570953151 317511584 661336763 753462542 960263515 599207553 692013346 73829182 669653412 901152093 652234639 299188324 597238255 309874226 399226797 134563358 800939352 658481759 85381927 290578349 867301182 240057128 757157936 481520249 1002912709 926609974 929744380 668139146 261385298 818373141 333271364 784441105 469738515 621878965 958349510 473234141 195939445 788938218 364761539 258718951 214737324 242151404 809696384 253455559 795395886 638117848 579358917 185196347 1002564664 494359596 349758049 540292775 474939464 923363151 498353572 765817744 996439969 664367111 860134371 710841632 11444170
100
735686647 384977318 787612687 772451916 586883774 397815570 1053024766 611306462 954443673 1051435901 925674988 820301838 175591661 243410335 828811118 234207000 805760162 173360471 690650592 99089564 158494887 940057639 926680289 628991007 511473515 358647222 405338325 601936265 576769126 574845004 762041186 641331622 973080718 213212505 996454387 330461861 1009925858 1031797230 47857720 82185372 68335843 1050638146 955568292 939825665 358007574 920218414 216358126 421953586 50432387 2048178 514503825 479569903 17237049 815675502 111587147 520947163 162526152 144636201 301298081 1043378942 131132869 429305934 599310682 566269253 119961929 621527658 1070164480 1011324929 73939826 607128496 528527714 541684836 384119777 592621685 361487381 623970823 364579131 512458163 838582766 1031882599 184182185 390191498 201486985 235577955 1061839703 745620411 319875526 203890880 685574392 432891435 222745670 658436261 281466432 606582118 895902706 135762207 302735465 599302426 1052652661 1051691678
100
254694551 565919677 229160822 292390612 614664022 940892798 545463392 264116637 266132847 465891503 539644150 108789586 930699297 809359882 127367226 398496834 753292878 965795472 277465359 657081661 357213436 695620355 244819646 248814616 62922709 376042859 354044275 295001133 662790568 625824146 313915070 672181976 585958630 172111240 595642899 645292027 444625957 699348511 956960074 553265786 221006497 245384047 499392799 626595008 295978166 536169812 127071667 402513209 646758503 974190571 595661577 60192470 497536474 385441817 48050570 841782668 207867866 991752196 407003778 924011221 376286292 825050007 21809312 691778093 422087898 1002577154 805101690 767733142 959262499 129395000 621500679 449425940 355648905 376525936 313490467 720151602 738420617 193818277 765077262 837207164 358486599 93315094 673665773 54045699 132659463 765570502 302525768 65099996 143713717 914165245 484950154 813451937 168257886 385928389 348925061 961982190 891788469 689684590 825650923 911056357
100
973229578 37927894 478635691 658738791 81788401 592143937 274328552 779733211 91693119 181426316 636489803 285088812 207651153 94706940 595604228 935427778 48049740 698840632 539343945 494911910 409749910 310413261 716159441 999997703 680980315 154308267 1006013276 939205814 61090313 225782183 411737897 957919401 690419412 371339767 768491133 126625147 798513715 70591417 650930723 785166570 141526113 840898156 761186023 553315928 208274909 1064387956 208968218 1004238668 1073091562 924854426 814536209 795018222 200334608 887168138 330643110 813046670 992669081 1013226324 983592373 348017949 694461461 191825132 145055648 783755186 884258262 236058538 414805964 55855878 780845941 42481867 968351010 1021552632 1035992395 141962478 612904591 286054667 526899193 227598487 49655684 705706723 944951520 133013679 642382966 94866636 896877226 880550658 486317919 640295219 228870591 510475967 789167163 618044970 324712657 176698620 683789708 778325480 695737681 1068534064 69497047 893255495
100
203319735 823673637 789083717 58600765 353085522 890359171 89549955 153723365 886522532 452690306 1001136585 1068898159 702642870 879805879 791968896 285750436 513965939 1033769532 1053407798 785827342 566076717 223878446 473149470 62403197 991112726 456922925 29203341 934936451 689087176 233502687 159744638 162817529 936360638 867293804 774317071 852227704 295425240 3238403 245659906 97734113 522584027 701914708 699253821 8313302 191075055 171247637 648753994 278703422 96687647 882503038 757731032 599942341 728578781 241268428 1032813368 874715993 378578043 350792385 942852320 696217262 822296754 623442722 37836012 291607483 229797919 156311864 34470296 639073083 984170177 149752400 1051594439 404555309 866970749 946787387 151386751 300436053 464651674 220912078 916935019 977921721 699140933 186175331 555911000 231958564 58305550 971763543 246296504 66436518 401575018 794048138 591777314 415874321 658743087 612020450 1000486608 11843454 257625626 1024120264 497909535 1062936006
