30
100
364017862 786548962 704050079 171265062 353904940 613376885 88881568 211600010 87141580 937476383 680543920 765088674 695865684 53697320 378712025 406880418 823152330 499584846 510313911 903971439 65191428 624081471 978580222 572722212 342023982 903979554 289893106 64478609 8089672 1021554959 397223917 260646327 700634022 211451794 1019099612 735688013 841205358 84750124 728917186 187498814 930506525 804066514 655560500 289142057 1036225539 664089452 885883100 109155808 892103106 1066305111 350122231 782857193 766544339 744692708 120644822 308932096 407638273 399114199 948592225 812925843 707286507 628487656 1050565263 342128452 332973958 739312709 983769071 98238827 64889753 221171214 323083554 489312914 417987904 641711576 939267934 239216119 1033671530 198115371 157313261 633512973 615970651 529878532 313036716 123819259 33260331 422217556 983223181 940172059 691445828 140516734 852004117 560246140 841604583 797855197 897872862 128789089 492001192 324938812 338271510 503454144
100
81427804 814629375 10061764 28492404 970023281 1035708013 528654156 468361931 1053871781 222648139 266292330 655465174 759683988 1071233302 213888740 285111628 395762127 686155360 738811062 53706809 202915929 375840334 789869709 100934525 661415469 927073051 568885326 560383819 764546229 197060755 792930189 112003756 144030292 620524184 718451222 1000098298 451011806 964379553 374233704 346060133 175762459 1041726262 290877493 152254321 162128968 67880053 927353572 298937206 687157397 366458000 694291471 261678111 760081831 774076749 654979589 736657899 1021258776 754636677 551483977 73177520 871627506 553220517 654152721 901884691 449135160 323128880 767632072 156722960 70806878 106804794 665948300 469632632 349758923 22234094 512372912 340258926 278289758 295815434 142750268 564769002 353495270 669447518 306242152 205668150 360966825 341165393 958906149 301306995 75812062 827588700 484202900 718508565 390237235 1004078988 574359692 335886435 887951943 845673476 488860440 767175928
100
348063097 968080119 231772485 23824631 127295668 150990619 640755980 570391576 822615572 676048426 52023526 460890115 461088777 893784320 852509887 648297630 237922714 619328811 494351957 957003200 330550496 502243182 822064060 687052214 403081609 720662078 175168988 418408386 553993046 868965448 855633649 653812375 628390045 815239913 481464587 308208351 803193031 882920628 126190732 724481461 200563411 33966064 491886252 615789355 909052881 314902808 535357432 339749061 653741417 648670553 975602383 1013814269 461491282 824904983 569000420 74722493 806631130 893906536 1044055743 575782887 948198245 954075031 839467068 232020433 84711142 1008406946 21741834 164577473 718246759 217524925 57730604 805617526 950359687 568379597 996019580 864993183 973840375 570719214 980900899 1020277857 190027772 618299630 694801699 423187669 191286768 1038361551 783400909 946382471 683509441 482538057 806837835 393402360 543185777 622050885 429650967 173763357 118433684 616001635 697375874 185085919
100
980658805 1054109998 339316377 86190193 303380994 191463572 374448797 416097210 377379524 451679360 49554607 612348053 491440426 294963343 63513992 613212413 452175063 633991352 804034644 1009201278 563946273 460771264 987016501 560308922 133697939 899882436 649657278 20787688 417409131 671407795 1002732920 113872208 396897564 260475090 614226016 41887696 942204110 503020342 403011943 656447066 622843609 847037517 649264881 865156723 308600654 220739670 461861719 702502070 603296110 708564964 466802533 622799695 637102640 365397599 475495644 955371649 757715647 913248386 253735153 114359584 977793786 586580702 627979980 511333144 646599667 328388694 542347786 269741028 841765489 624478369 833757500 266614551 159998317 845438668 515573862 750201047 946740376 974274485 741206912 592099421 243870420 719698065 468023545 173846134 723906743 766831974 712688687 741590021 26940171 938827666 185167863 599658623 722913617 63095874 375302428 1017038957 95617081 142224124 35451096 650464237
100
874738710 1000257372 124224818 189705153 857937724 832685646 309958400 583473738 149830126 788888390 553442096 1066463817 431691263 673567312 700461362 249307125 174567447 60637293 460037254 953230263 152100402 913792529 401683266 456385710 638819871 52322726 985488527 631132974 577944579 160262664 608198444 612162364 1037748435 512858376 1051410410 53913364 465461469 254017001 284815405 824947108 205832768 203837414 1050987634 544385294 587510639 973895850 59992771 142647594 180730290 121433814 355121476 841258497 851550116 993124478 311454890 360758867 119557046 665136556 394116799 1038855698 598206123 72430300 372997344 987973861 349917722 84960127 379676287 544965798 151056112 694531192 422763425 1022557156 130790379 465032865 649255776 878137442 614503455 902381895 97079914 644046230 615658869 657919146 697547136 503397163 1064105767 168336511 758842360 219811711 887965766 681187949 434691644 43889190 863653428 392937619 95829065 468459109 708762410 211809281 325924913 772453815
100
238169914 1010319513 105861708 1067854383 657505464 362321723 761997701 625081169 327369064 926818150 184516218 72191650 956831530 1033534585 589702260 35485692 336754514 659128427 714592627 1032605455 882079018 883485254 425345192 901764575 142067822 37319847 924853500 217870148 923035598 262353984 398781320 486597992 3928943 108480087 562974235 128221261 714534762 487116612 35501496 196176965 144232012 586631415 708537620 724922488 118213525 507781487 65381148 499316065 65902137 554543428 424492397 509369169 626445090 692671006 246053595 570663147 115818411 756497723 605251051 690510246 461446182 797514221 800986968 728626255 274515544 452351002 609798289 310661508 364878840 657953466 39958073 369928761 819952947 56854109 111727270 264554039 566044459 333907875 56969316 208831128 922705523 387089857 344509615 860465229 555280789 729203970 188400124 449188504 893606796 78310724 1067788912 120858002 404270666 341174391 863857255 476157094 919973171 244650274 317905647 19953940
100
974794974 753740874 285653103 937698142 765120216 784636016 1012120351 821454636 896192083 182314378 648442592 917796160 492592420 886323320 638431553 1002298819 71250484 152745804 79482406 845975888 798563330 155188173 187604551 46988153 259120927 289232373 641776047 747564354 55338159 226221684 838931005 758732708 984037614 75061546 254269990 36361740 1017010601 976676784 779598449 87099609 998790337 249269200 712923514 834715617 447264428 1026849289 493826415 404288748 894552308 150813708 504542934 584750648 135241909 1680193 872664837 450830579 364281123 757828419 548771497 72879044 57570818 1026452576 268138560 125894979 806779436 620936730 537760414 376367741 1016634895 118696360 910389100 684050801 336181804 880643190 50268580 895443861 61757849 678021792 746726423 153926737 473888896 125333883 363327463 970743682 654676638 7547405 448594701 974093305 850297285 648608656 737124052 69717498 484879450 27287027 571623004 670587326 119604183 420027480 128623896 115537393
100
924321687 361153872 825009716 889871829 917928122 257070752 647153052 375213356 909091711 31966327 862650673 364408858 843430106 575790233 47719024 796608764 551082352 834717086 98413002 1003875396 495573020 400786801 1046231331 1014607607 503499885 442849233 339791443 356590896 785347878 898045139 443600296 963211419 753887934 521070430 272424034 808902394 193733086 705188781 996444982 354343076 947699173 386829777 771018956 550575873 495039335 437985325 713774145 431643407 258095786 68346360 550012838 64617440 928354855 193674686 721064575 151348506 643961103 629262303 223022148 468872565 228329924 1006642447 905545443 161688897 158235739 367411412 627894588 101522653 156735777 810865676 874879396 34964289 549655315 527580004 601520227 37565557 955007588 159620577 139110966 1049993240 787617531 882139995 462303949 232337370 612817650 740686589 15687502 1052833281 753255704 966914503 278331600 200387560 184048496 126376204 93681377 135921788 685090224 211057908 252873217 958150333
100
156363515 346953253 442307651 221240391 937150576 895190324 663887799 86542096 180386039 658643341 581513045 880179107 1027839240 644614272 10700657 634102716 74985582 256795856 175950062 789627336 636317896 427022648 142405576 1072769900 367490059 634663650 1065787788 537956348 73303806 1000520689 558140379 441743108 759081916 496854521 290099947 367760067 362901558 421971073 176590853 150790827 486282415 263509896 26894344 69772771 779878974 39757309 435765733 289742277 738955599 378710086 618824993 50405472 565780514 574620346 714311766 508984055 763001163 217878567 793446321 972432511 210143792 988920909 1056422774 186138661 750741902 93990496 195839608 442101702 904310261 1033520010 338850977 110294646 999691335 272456038 425183600 248326906 775321149 845277318 567107190 398965325 779030754 568225519 766841304 78658079 466033430 631843480 70649040 100371281 343125004 877437935 917662252 881364090 562819532 259197011 242787533 712416357 941471666 848450715 453621290 240774289
100
704860045 5176523 817341360 895703809 118314088 895042254 787730472 927530053 749792603 495131748 169552533 846652006 540753419 118527573 53651525 159825122 535576081 598094968 435609018 135958414 20562810 3227708 1043673388 208365841 1064918341 454780707 522771716 646474086 855309800 954444097 126206562 889198686 534672844 7772097 538643353 65932316 724417996 970974048 104308398 413589399 201724346 53426928 507142108 561805595 1037687514 816478679 771245074 911515848 269838949 380053133 367145843 873195282 783320072 749027617 856996821 31382335 645314658 310731189 263951171 1028887020 923832201 32777982 175303291 509442952 1008173958 526709957 143691633 582322904 364825300 792068712 444522442 882944882 14349029 752335193 882084706 245270593 1028803229 588342174 34350791 314221063 960502997 767371856 588942779 695842262 911522521 1049977884 439031221 27095958 104617707 401421253 130977889 926450819 169258686 829322911 401743388 1036837292 407471611 607585046 776917113 644774517
100
217003813 859511998 2370326 44592667 196335328 491265639 503382809 283366035 720190186 928295330 61856736 601293472 1064161023 771763666 376127260 968981806 91349100 581396493 899390807 406500894 391822482 492103070 194368620 194527429 473898855 978278019 1010042377 738118252 900395508 456110063 339918388 78111950 86530264 917053129 33319363 19308700 460067523 493668908 739056866 867497980 71247612 768828901 836282769 517212422 729801692 993432824 1023215140 734601286 148122961 556014620 290128833 516002621 417799004 366273594 900682981 682060512 743172243 311545074 633725920 770760215 1029714079 334515989 957446484 955554879 264732351 118550316 303149754 361555881 358231108 877232112 884033756 51609625 899780371 451228880 415671900 16801095 507213862 1021609070 715181612 968178017 868155915 216455970 819630612 910158727 335327075 195566965 1005459760 354259534 464771428 633076391 423802479 893947454 186084952 225513259 11472661 639323220 901513244 537253670 413765945 869392513
100
546926835 983644744 397701160 730339951 914501537 372813184 708078756 329898782 670301555 794663542 881237440 1071535579 1025543775 947286929 646183997 43456488 322658960 924873868 81484879 806304027 705403109 926415096 450750496 938646110 569741679 220537527 443574860 473855022 866541559 229036163 468412516 355808541 634064501 781575269 519310699 327135313 679325594 962255422 77063260 450206722 156385607 353349185 976577186 549937151 640507668 864555895 872104606 881013802 542033098 431618618 621325860 900697847 339321065 289433274 444086526 162849777 107263779 234002299 1038068584 269529654 131879647 935951317 185506962 260825846 289409463 378370675 873848098 929986551 902188538 302417876 98677167 420121108 456118571 380144845 519101767 792238009 383039104 871767301 821197801 580854633 724931939 924024184 357870860 987734585 616188917 423885557 873336343 369277522 1065918854 390828192 455869670 280875378 329038110 737074800 753916492 57404268 1066226680 889941938 964994187 416536739
100
151940 815268317 219526291 440430173 393148763 375366383 341423177 898186723 828668798 248882529 35276005 370566556 178983304 557170247 186874399 889000776 280490218 218444971 631360704 391033304 962163046 690990088 467282212 472374261 206668693 218283728 526732735 565911160 811104098 840067304 201882004 385977072 37884557 357581351 310733503 452663839 440334122 484411610 888909037 1034477181 678713887 795868227 397752287 304809652 1063520681 959022869 712531435 78426146 937346007 292731386 398002811 302483802 393927950 337384973 943935627 306791587 130627203 129640288 54085935 42261111 969049284 439906168 327041547 496606213 103212592 334438348 619264985 517608880 952748410 549823561 483965159 1019003279 973349930 908852689 184671126 83921387 919009564 737471671 278189276 116333507 1023946495 358280004 84976323 598149451 1065596630 112850998 23076584 798473320 420151931 1002975548 857365756 194591030 886885143 22494587 989878599 1061793923 918497195 485001228 588379936 698016337
100
731794043 701779830 263802967 175080670 424896330 967003978 766984321 272741151 535041132 606643762 799379308 735128991 905008586 592577752 621040363 16589312 866731969 845196153 330648709 99168955 996030882 183257191 182070260 515882395 586586161 854795912 961061287 201749056 847226919 307342292 377372993 763312286 191697072 926623706 540947479 550463355 860829166 177074748 172145590 812075764 202007412 907860270 11306076 476314360 987285195 675799035 152684410 73761227 513882608 830360960 563035704 512971397 1030544852 830737071 933028849 893980561 361691 731140366 896043186 438673711 705097054 565946677 763900863 443980786 1005374505 151206228 567694863 104462146 333948669 21455786 1017760971 137368538 830635791 1020507407 387691475 582488651 929254279 756949867 306513977 577796472 632308738 456891452 480123587 1020669208 249821969 199746325 938070637 509326392 941246648 809156633 928431845 548589494 757073136 761560708 952105742 1061314759 265261605 923515682 255319933 620928881
100
287736534 809927935 473538834 346967166 258523413 948311825 1037184727 735195455 295829096 126285414 994503750 175905592 228880110 103132005 56348085 66236057 814698711 633120937 253746896 582117640 43424490 165404031 435247383 989584413 27392768 426776683 612239965 436123620 408757382 662976931 670698314 443262302 814968575 1057371538 201770458 913764607 552649856 540665687 117722076 647365937 528605235 700691267 231144821 998356176 864935124 980744543 485195674 692540845 446894903 340023268 860029593 678603532 905005248 740015552 168941713 697999397 508243433 493243672 890919924 383439526 778644672 730336704 430843404 100920623 742885222 380202949 423597428 227332564 1002030737 209755620 556639387 630101151 764246026 688037904 247730245 492127756 265698608 237391344 1000984073 894406028 490547572 354619742 339202771 476517378 174944475 1054177513 242362724 655081033 972580479 338926164 899504333 360429483 273337102 452674837 61479672 638733419 982346569 503579863 787571487 1067947069
100
199160824 670741587 927657161 49657135 430857739 4638710 333595691 145041217 727659096 408454209 964178806 380162766 1034831447 7750335 356706604 138869372 832792633 752707280 984474567 88290307 611074399 996295719 552631348 369505970 834734304 230053197 402341971 243333610 440206856 684638748 449191288 233120674 173335251 522532420 474569453 982304482 701812342 147654601 195781742 850096712 789606359 831958402 325936299 597855878 741255184 851150236 111194057 454233313 809182448 583789590 107937250 772171188 552059769 601465155 696219008 63497963 623362659 488144971 369264166 726618761 336512152 443516329 242127559 591514914 513647542 565454254 674720845 637934689 375853712 176812797 51026963 476263811 104206253 186684685 509247084 311958491 220211144 961154730 440544538 754978636 263030862 883119221 135018967 580782802 503374307 197735263 770062543 891917049 556341981 869500722 143334180 930534500 1023857095 378585352 619600233 877924936 393195488 289127890 590474792 825648366
100
983952594 326180956 424658996 186080027 756008481 606739959 384334349 544339647 489263402 156264030 34973948 1000778643 1022786349 441582824 354906781 114662876 109837757 614046562 141046301 95026062 266835266 391593101 268902077 348520150 911525752 1016731295 944257618 146587793 85817838 721743294 89362376 42195666 947820680 984049288 222151066 579263328 588975102 247865486 1008986204 1053197877 157745243 899391700 326418738 598599680 1002797950 912002131 1052847190 847722660 357712796 621130360 162397078 599428535 177345980 986212258 467734739 239099140 545467450 17674151 553897091 418500361 969413956 342603856 741657647 631300474 619108704 604840920 931330294 421681596 1003909604 425173873 424404488 515082091 844402557 47931839 714571565 677762772 633188521 886390106 583731004 964309883 509708348 281924433 508389028 987118231 932033503 220158370 519490022 889011601 281592460 611076547 375754776 238490761 1073187604 206625564 865241444 382648529 963039897 836324746 1044284807 9625456
100
25625566 68366930 436333472 1019851216 804154972 1016154668 147607888 863614445 255313213 304485007 177622946 609521374 1024234285 805448327 908307310 72506091 465309645 227256630 307704254 519544240 413157938 830835794 464521808 737482396 957227876 273053349 1009703447 528213875 106567904 966311564 214742458 427821773 951836439 69061753 854451220 627251860 807062509 89049458 259682482 817981066 554504506 779394447 8818264 1029397185 462669644 405880447 699713916 391460385 945669988 527715844 314313417 105320677 144397876 938805362 784034206 81212190 464297575 25920308 172347021 131644207 221575961 1057176392 827287004 52991055 358421083 104919998 426172935 667073802 72204209 584442940 1071943228 197778880 690867859 760887165 922300637 175845157 606897391 187226573 264683010 793292991 174259621 592877455 720165364 747876204 295064330 385780663 1009986483 868326361 824482150 876469841 960200562 27603211 78031222 746115832 1046853909 393603802 68205290 264447839 810522298 634375281
100
814072268 60441389 611677904 184674951 465285016 534755442 785289034 1037508949 56652720 100790847 39613959 537489362 300524823 1027469439 698305667 1011967475 518380898 229411280 858082317 329097632 639301434 974851590 297692233 113449269 868064478 1046853798 672029103 956052997 832317086 314438507 251051017 138460882 576112993 394684613 462671097 264278615 553588000 414115413 113589873 671822270 750306152 179965811 494760249 1068374826 557176284 1054269352 240188268 911471663 1042810033 246938932 1040219899 464421973 151092529 739433353 167170088 313884568 631173176 317763022 83192845 553918699 1001713850 423307613 124337939 559912112 538616379 959387717 572636027 665858881 38516565 1067367368 526663640 603425643 263962678 976092894 60149139 957168878 399821087 485652657 737480550 187474686 1018906854 438386463 1058975714 27086533 640769909 297044283 542506985 369119710 1026778185 305340877 1003220276 319576284 807912691 520333773 257837262 331519425 549204890 334867179 143220118 728136327
100
149584394 763745986 499270555 1021092185 197650881 214758999 914510428 540106271 572443865 461183922 498161569 927936832 120539346 5806594 1050627632 25939270 104134749 106487499 901596488 723177550 606395875 386918500 20445976 914367114 122103293 710020218 526075717 92251327 777435641 232918667 487085416 367275720 336634460 85558892 365473678 934796817 257767771 96966340 239605942 466072604 461188448 79688590 557791063 445416703 920933259 433338523 773394391 1020474852 850151982 3248141 400379668 549342089 533261136 492611806 707355871 251316414 40406827 105250135 692219517 893541609 388636335 791701913 696906021 75817605 18019837 274993687 165635204 575876510 711890668 250059290 330861883 912599638 1040329607 632924732 318416736 508906340 557701260 558155501 786325753 988498064 55959535 1007122162 745055364 462433592 678269781 279624160 172110706 96843471 322836122 587255461 351801511 935002968 316863051 916867584 703511292 240685039 95843884 121601284 512899006 677218112
100
999041945 680324396 963141646 196450444 432771835 856640764 17091502 578064660 422232121 74600150 51967113 483416798 691484343 918469335 810290334 183263025 764405421 216220688 641739773 340864391 961442725 497251077 280592205 147820047 182635265 612982831 1041024583 46359596 643500658 140787322 711926328 417358068 827438722 236828104 520172675 955418033 553402635 1039142251 45059357 138180196 538173374 944187055 608332047 291347517 261272222 383141710 372687096 451549220 712981122 1034728442 775595912 1025410356 574627734 793975510 459732998 811174714 1043482586 238800381 261117131 423969082 645610914 890228218 692680133 182083562 122807828 916628558 628147957 296174646 657950637 630656494 543381233 520405434 534454460 989754818 405738851 371377483 648089062 310198055 845046152 269928303 923336864 968745070 20375729 659951327 1047283128 3984731 629527749 1044759308 500063181 196555174 861096638 1070255768 867817938 885422974 823605543 201560536 627287439 376616449 575239845 513107289
100
180728772 258420843 1060629592 1021886068 94964049 650619076 946353992 752790479 513333156 584729997 594392656 991609928 552953518 463990455 337312715 489593164 704483283 179420362 301223622 18735641 851179627 294057821 396758405 616948292 594615364 78406559 83156990 593174580 893659166 363782865 177322588 662137764 910468142 947609802 444313469 91370533 990310044 156635762 316248949 1056780185 677742084 168494151 745893385 373248185 120660985 103938267 826522933 602410385 47818622 262117203 580945831 418706943 190435211 224258538 36454209 841194039 300926350 147205228 594703258 675922241 1064073191 1033235131 130307198 370012025 304333930 857304910 150013034 549076239 147288801 231047597 46512913 790854789 515309448 433747190 1048557529 517910836 630076815 149587547 513410143 893310407 922524060 1029540770 748750575 1054143165 288334918 139194787 905307404 762086635 794414235 793447118 397129198 163460088 387998363 688172450 887653631 995285216 586824122 11805495 376710237 1045484658
100
971138485 492752732 472757714 993540463 519810779 99196161 561918199 195623089 513300089 857391751 408839470 565783405 1016266998 514303454 70022037 883663836 625352138 337559591 948921761 842909355 579515909 293294137 721707929 632546682 189958855 42786080 191642392 19294557 133661638 266111128 89339279 576310622 781872587 620376470 149765824 195782904 204146997 626747072 536894276 282921630 670263412 37103855 540503814 650732082 817929871 117538228 26694598 474692494 201506207 1032180177 1024475032 31557887 813573458 1034365884 476412770 752500164 258482537 408104479 300247393 302905491 269015097 272427610 61594532 729185813 188516654 1045463808 862501520 992609126 91102020 319331926 283442010 92620950 518323084 554674391 314566288 193889066 327175085 14084018 639544977 635115675 741957728 671963978 591943184 528623829 906465267 52457909 979887765 400943290 721375431 976259390 955184891 22924445 1002874835 237191908 491946483 168526535 280553246 633185496 740035712 459587062
100
904924419 512302202 607899609 164073218 733868925 271777547 273748885 264581009 560692503 108584756 666314819 14865743 869981650 161885257 261356399 171076906 4426598 219107441 218669979 836974628 766328764 278837031 977930938 84457937 685296500 999039932 355756213 81852124 612415584 758667218 769887722 640942978 52149255 644286946 52034983 782688789 176880163 978398135 159439027 488354170 626923299 743014641 839555014 326708139 9902762 1005421956 50501133 695432247 135799310 656188470 1049848743 691025597 522511066 372227364 550377514 937432436 899808588 1009450045 914095390 363292582 100409048 837025733 759539840 829442097 450950307 945180372 83390273 109048837 926150152 463478741 955570117 451508392 501796631 627142407 269472869 1060614837 44962577 712467711 7392749 552115288 529604333 89001252 1010204190 445901780 117851095 994204722 183278125 769065469 218010027 550405816 186404162 1012934846 217414014 226142106 377586427 649273749 639647766 365672079 179241446 813761554
100
246075044 657151498 732785756 505478706 318686391 156273503 878377387 412026951 561122812 226015313 966335695 986491716 765392508 71391297 663565992 252933107 756819857 971994628 154207915 401179090 1042513516 87991906 553675108 685091220 47002255 841274008 154167022 864380832 823741523 609538775 625578365 399418000 625044324 1015666882 272610260 674708916 957144384 585476596 996200399 535591821 2163643 401320568 599092443 978595922 243796861 350402383 481048185 933348462 468185730 329765102 808118975 488179455 723771033 222008765 1029609686 719900761 459391974 496274585 283455357 348615810 749624161 41959250 707419012 96142771 263809365 446506286 51492434 448227037 224678881 548887908 944260192 184299041 807209338 521288098 567755708 677140311 507459431 1030264968 80890503 1020905096 32886852 464392235 138065271 238983796 811000448 584771731 7497302 1000230669 1051967199 340583996 903336577 1005105146 441937656 663151769 73752937 1073257237 70089655 895041676 325982997 499684078
100
113054448 768714399 901194053 479470203 485243664 876714163 906299795 972531067 796932396 1014108691 1006062466 721097751 748804347 827305493 356971889 923862368 1049865252 831832355 264816369 158582456 958485700 995616570 410428234 981357144 415080427 745398892 642044919 633181643 744058910 12110174 275585829 762579057 440235991 12486090 991532600 696881661 795919360 69247742 949579847 86098168 276174460 80702556 411657371 995250491 829034655 17980376 563745076 951321209 852241840 331339901 501094724 617070259 528256366 993936616 885659569 996806849 263753352 19422667 156262807 734980816 606091556 363784300 901945540 666877151 588151129 991015203 174263867 722852673 30288308 248109535 651162802 145437981 175500727 390035618 565338899 926636785 510975061 1042580992 895166207 770626827 219806328 147790757 322398022 495634959 346064252 825033420 323425904 947844468 730533297 992645832 805254455 155971078 525820124 61267839 574743819 201047142 752174262 256849897 1012288141 480690565
100
284947606 369770516 306113837 499825693 946378277 929552427 169559160 720871775 459355086 849915920 1040037974 931258299 884947417 156308023 999115788 686191148 97482789 194832582 964594608 570931876 536576162 480804886 333730478 403696776 1037063639 687806776 778232390 138823471 465332573 679038062 406800395 207691878 840886881 932527021 327488613 840875759 193094694 800232738 230449424 170853629 857517185 685532586 770320283 431483577 552477275 990559064 416606186 956221633 437926963 671487987 835165877 822112932 894658201 307671925 726469639 419570023 343159476 149524109 815614399 207957507 765449405 978670878 230142482 273128420 797176450 367595710 23270919 666596203 630571492 1005497144 294536185 614394989 40138585 566968586 264953369 979331251 526058602 971457511 953975018 925974136 311109174 42495287 1066809795 260461294 878429166 436699282 545279313 382567609 271883607 436985417 285232658 398780018 75581771 112649693 972915418 1038666021 128287800 300492934 859544914 684299987
100
235629485 568705140 290618609 608131990 788888434 839112465 541779687 770068295 592235815 534002251 882690195 577326447 573895122 725854235 522827971 1022318560 132896943 486377932 154721214 223149311 986440108 969837182 298294716 359257670 552452076 508788132 759643497 627529411 539241541 36607366 982591078 795011480 1036740545 255650240 253500360 216883321 924225057 243682753 867971735 428978737 365213781 702641997 712481872 386205981 409464581 646345980 490357092 148513199 11005195 168391864 74591159 382859500 1026208247 276290115 736018722 237226735 806151306 932292015 991743473 190210404 101975355 676932068 247029605 797225485 772042933 896733981 1037397555 86494529 46477911 974175595 530864387 566238312 641443506 576641841 55521010 586674304 503901711 196242342 335989264 521756827 1049833191 938344790 307149283 32602207 335849576 81352865 583728610 410695300 69899511 895827515 840601595 1055447897 392027305 538297770 344506126 1039140672 836736968 51171275 396319088 627124526
100
326033742 853780329 460700972 356612479 454838581 608712118 694475480 818591792 486053721 203255815 119247845 385372033 87712485 193661826 154313366 5332545 545087705 1071399231 494626887 731927155 831572616 875092169 868105188 856824781 54268954 170197667 159647856 840511034 7598859 706872001 285555584 46027865 851031210 25799435 345506749 71913979 60744859 912172510 154656614 812340905 61293398 1032556682 1006664395 1062551579 100863141 822797781 666230483 1046719682 366710314 439466102 146009975 139124287 657198551 598162843 920599109 15494121 711000179 231941987 644945118 306234700 389517340 265080677 834210680 721323173 412578496 102052136 925736796 719950183 6361250 799388840 677795177 1005851320 258603740 18729176 534320271 312160756 723628503 85544474 880071765 858369321 261667796 402247880 192125780 617232794 702810982 212636591 436063674 781432381 202814966 792160911 561564616 368651837 424409662 689333404 849010772 424127352 494638798 45369088 748584776 203151617
100
478664535 1060033569 251229599 898205995 27260465 786931825 376346189 695551418 615025043 1031957085 426555576 1070007575 800208758 537590559 163685828 490407543 239530055 515190149 752493575 472686562 9783654 321784944 104364621 139117745 364685223 998392151 138986002 552000534 579090899 15979201 729614859 483911572 688309032 593048270 517687453 271317379 756889045 853515695 6757988 555875214 546446719 592103466 789670062 791004468 694671807 218881559 320316414 734560842 62630050 566874341 754785929 720333175 672104743 859108885 378010300 481477302 772062661 742389182 611058100 950484440 449943266 102238472 42812868 529242367 704343389 326535345 939824371 496277285 639624453 908446603 995081083 80823955 383176479 869487867 576165451 207722346 536274148 680088444 87422342 1048134173 768037376 107573018 501567234 73989621 820514581 729999352 172245194 220727180 1006308406 400426186 420930461 538441554 207104876 924242268 904916332 721217548 643173172 35728649 455844832 1063513423
