30
100
144568307 884539436 524260037 475327276 783573349 413479237 856594964 693200533 898415490 503569143 502887792 61453629 210206614 998440635 291076806 237593356 927219792 31238160 928793512 852501043 549775942 103065845 105053645 820957093 931241071 476145263 822823823 456165273 703533223 448902409 52671595 822200842 154768430 369214799 118334853 990359351 238456873 131145810 839844385 379137059 986620448 407614503 827671595 678192918 409093246 332918888 522988720 48897050 569050901 788263601 422184035 685314430 1054562199 435929892 712207385 961780823 301914654 240296166 1064877389 1043936506 98390436 811163295 583989917 177085316 778180748 397135614 352735306 310053970 231352599 287260979 731915452 719258761 152745456 895225203 92715260 715462287 513954465 1064055160 229136697 1011895952 1061596187 651230462 915938628 175089402 27316530 552717895 341195027 367791361 69864223 368434840 1000463681 828536092 972768764 89857722 410429324 284950406 199297355 249308026 1066902358 443952318
100
343351849 424270374 625811975 112595762 849870108 631272484 658111977 268176958 472342573 83650720 494353582 505142180 1052831032 564248203 528297189 480987992 923957407 293887228 740848611 608922546 21386695 162425772 779919933 944009711 85635993 115491706 729077840 663106221 331876610 559541993 110394041 51325555 781750643 465975965 254408413 435951143 893573473 535778786 343250786 834804630 727276230 93913893 321284276 1062568431 476129694 848058488 719269249 1010760264 107065451 485036050 783639357 283211800 452951218 991979725 266098335 863148475 393485180 926652071 367937570 157786354 737478102 223331137 344301701 257489760 727424337 390176355 303576396 161372942 69220482 708476534 541498684 103112423 335167363 342954248 974230755 105171773 1068980336 1009228620 413627150 1032737346 421241836 453102231 331066704 820046992 81594777 320083172 245001346 658358690 51090595 625912145 661270845 203530328 880336950 589688992 441288802 426051447 938513411 261791159 240570259 484752935
100
100879904 243272119 880082035 619343013 658094730 85508986 685843404 226058223 882502 744228810 653920135 737460576 371082442 186672219 871679322 299561661 176156722 13893156 547106275 260939087 197772218 406238688 756464929 205102691 594773829 344218766 88285945 354419658 77730009 822147058 1005411250 693246041 616916257 387520273 828266617 389185642 279603178 596129465 537409502 424502874 585243814 792147447 542182997 5879561 983594732 885316254 314457783 544566877 343194357 401237447 100819646 669971391 813526561 137246795 481280908 1043170972 66705264 882280267 747725349 160086757 240848906 172892329 267161584 53413263 204907448 74268556 657266490 272849172 750567784 660107488 398324658 805949937 546569132 510101459 722508526 783250214 322738492 382116442 253023461 887681721 576550255 516111786 530785396 1017943603 815558854 83319487 245088217 731586337 65302882 788837080 918296891 334088084 960164745 600964088 594343712 618614434 981936677 293354855 504044788 607524066
100
728642608 527205257 569723124 10208409 424658849 446964114 949167095 87630841 331320781 877020198 326252049 675241952 940072973 531593027 638305003 217830378 272957307 168820297 911814194 599386 161728885 826137723 491681815 577328022 381451296 42954114 678939088 178346152 136973027 608210409 403444245 611867071 970621672 438588322 218542499 171730860 264699806 212162175 454703037 212782950 554020665 391547066 445525670 553253510 476571440 714514285 106559528 911400907 638994623 973605659 722385424 120062872 702346595 668958758 727866031 335546481 572117856 457903958 661491035 409587586 528409150 913559128 602861292 882911512 840605512 786174012 656749119 952309029 811104780 555494903 554851511 952669120 1022056669 390061791 490345143 310838691 416558420 524689714 741143593 427498667 49715403 1032172175 728959226 774593628 585998561 1022892154 312950171 558574171 17986553 497891549 886435714 620719858 434585018 669614722 896567719 954647951 794299280 951100826 141046023 801586501
100
851369017 893485349 671328585 620698874 489865943 1026775172 305824118 214158520 527024336 883078446 732975818 708678111 936444133 411935024 610779111 69695023 28113337 683093787 50925971 19599401 471434837 396789381 989550392 594794390 180653733 835387526 324081508 782797313 925188089 894915644 795512906 956079928 254924165 883282759 74418240 206294479 483782881 87537229 151170623 678535068 397116041 765557111 919636582 743380540 548946526 1022773490 131858039 657481613 238139427 914652528 866801241 411343410 730452993 83175588 313583764 806988307 407246595 941666761 950421208 894311642 1046694811 690651676 144244342 401284726 793234971 11911517 1072556261 295206300 344352061 54862419 933760063 723304513 133409436 941080389 630983617 752568353 349176632 924124801 963717198 1044547387 436742134 714716888 194105581 1008485459 63847966 439872544 913163079 435285871 420315099 599538609 481279018 922158683 662336703 537518313 289978376 724273445 792836668 295696808 275956600 900234913
100
584700628 990731188 558401765 195607881 708592855 267738906 689867214 632491957 593633308 825920940 577525626 339762548 190425493 492083600 906723532 533537005 394602296 649709456 1064968684 223898990 240155773 511254426 1006487748 10528677 558749410 414854465 277768580 118410791 143354471 742674490 293298974 479351276 120864274 275750112 586978250 569343697 835586157 119622833 1042382212 708998165 111549443 313900751 567310985 1001958620 692020198 301598848 1002963422 499325103 433287212 1050088879 567540681 356697082 305697389 881875304 128525910 1030885517 163514951 465047135 974686675 42761756 30884314 104531818 210566484 561447615 630397517 430313475 302299952 904590194 911493191 570875079 788071810 249920662 943308918 17468409 233167528 928885358 287192076 87799295 73644488 528679331 356097341 398593508 50689862 419866561 213375938 423989717 1047273807 657529784 366371161 953633700 474149970 969309787 660270658 167878984 320167810 133917412 527785411 560084315 405870933 654073710
100
158291867 721830920 633976186 205919158 860554601 163029528 778709611 1046587461 566590029 516741834 716568586 254723241 787566704 70831780 826047746 540669626 921383200 203815922 218527077 738001494 615978320 473625410 154583845 44441054 408229397 206101480 130795164 484064950 527420714 630589563 285427461 46429640 71714157 339123030 925035264 1040473090 145980255 405093144 547832082 223186643 1031105960 135124772 152786978 415906994 135642513 66878498 253421566 915587479 336977801 174209148 876677588 650924928 507567009 1042419938 168132793 255901422 54828559 278398150 617255461 646001509 1022678959 785130209 345861749 786833392 64581245 88321452 292235624 436084634 485129756 706891752 1051476643 759035381 899410002 26042647 684244525 151231383 312112522 1015233024 615959795 54418073 1071416656 647534895 144049477 525204247 585649881 323884914 172567383 216727474 175223160 535800925 793807297 2748945 414291242 724583111 526834176 619429723 806935307 401825099 430095603 676144318
100
754371272 35570526 317139948 188449418 659450593 1013581418 921876377 228907160 568590974 222515235 94445566 1041779382 141369417 207672313 926670681 585850679 680071474 88504128 299716203 391121040 402187500 74230192 47476984 188777947 321094253 876203493 788910666 869716824 727174258 462434784 383480239 401713896 410965497 99784580 714456823 1061754001 103818949 461458714 873441015 743737085 5902301 894555597 189247496 866424826 938479629 149103151 591406728 898776315 877742179 464541874 487086423 962960277 710475955 237252144 922805852 727083523 508247060 862899812 514660094 151510947 705650017 436229231 597904556 442643831 1030413241 514446164 175013205 787199653 841877248 581365371 108183536 973299959 444914780 51511858 841410806 312415580 64875192 1048894503 892679907 225400933 85542724 199754735 676662969 579510985 317821427 62034819 787466364 302137825 30476795 589078462 786598838 84068396 277131865 520499424 116341749 996281805 327124554 848612110 615413065 800899336
100
331974351 588552391 1048938185 128459323 1049737616 719055112 111651612 668955276 353644065 644200106 748642742 797431829 708635959 988060878 589928043 237005546 701076968 551669144 518868405 782419554 928532017 644837043 616600884 858697112 205198195 496633290 879428648 131448812 303174386 971699472 738708473 712588671 913175125 672008121 577329328 300669882 972890153 988548735 555778427 852076999 201688158 567053342 420038957 1018692886 422365384 995127767 645869243 251633114 315699615 22539249 1016794560 263359370 443876863 975519283 421302010 80769376 721324137 323924076 887171275 186299101 265191233 189893356 1057664952 176863299 938429774 383263496 322402030 345785114 970889788 1057290137 91095224 752734892 716409629 240442749 278806282 410589320 27495140 32128021 786064377 900037890 522691305 492001734 615072321 137802674 893674344 790476920 320093630 481910769 1018584065 214467098 911395827 533711199 419767353 216532252 288720006 197173344 197063672 244072691 666026433 443142809
100
758940312 355914003 1040805752 815738526 421138697 1033483149 1066310826 188442570 721152455 299658854 90479267 1029793284 882216279 605023096 837409049 928391850 1023073217 268921280 1023744905 185506428 303235348 280526305 680177073 230643228 399274464 879403682 862169108 195330709 103020474 68704619 1000948858 109353425 391171516 480500428 338051693 95394594 1067961602 717313783 770726844 343724986 688367917 884524609 453757179 713635634 333462756 526469541 457889282 523782151 807855695 637016897 417039978 943296536 952759194 246746838 909462035 420784426 477437816 4104780 324583841 402511204 112795037 1046453804 1016304378 41232339 753416003 1050691108 154815945 712129767 440006566 933566855 218783743 723419892 386394248 141894602 589699660 845157042 792026798 386522376 98354346 45553598 202659424 264936063 447791827 254789911 240738285 30773009 374196422 158003617 351312933 775445444 543235910 939460773 633719005 41562178 730200154 833870415 1037131119 555318106 163042255 677036079
100
215952253 570225585 71657913 179262999 103382850 272294102 798831813 1008150772 730883554 610729811 387782159 763226678 965046204 713372420 334500280 37588044 382815955 556176393 683033539 925218342 907077451 140129091 972191897 1063538617 915664879 1061285595 811750790 1011031679 423568046 985487036 33755449 256668148 273939737 1004314900 885308488 648601626 725618919 286109399 204347818 197661174 567665778 422912060 963839803 749117456 210854712 874871102 331314747 272826103 701095514 136730140 347665359 655588283 703831328 142454745 326680959 814696561 525532530 892154044 1048608182 1058838707 398664801 542480593 594238534 1005964829 426917532 569520743 694021857 752334033 901075195 115234449 24542625 629854196 659921144 878117285 918548352 1067038255 1006206257 761952191 896090849 717651502 445320680 604502335 390305285 688995108 314447235 60917575 29933463 291604806 68663564 798079038 674002721 69544523 354003121 62364751 305794452 360034803 628285509 33206763 520140228 278348413
100
1000925763 412114154 551704878 375718837 836812239 340333344 476752593 279643625 477712585 159319016 620040242 550170044 52078514 1047854758 336495266 205531316 410512333 703565601 794175606 322749179 333299615 769828358 843870600 1035540448 428254069 503042405 322519988 194581076 510093790 453707058 150681436 520682862 409320493 713814981 1070719973 980673768 942321400 399636059 460667960 901088671 503539356 446203283 487324482 543804950 931253174 888816113 64168052 561770228 936333227 957385822 126385219 106363777 686014753 750628518 468339881 509221421 672280708 274961400 81652130 829572362 1016980610 596185450 588218801 452696653 457793167 548388467 152888920 340540625 370241378 266100079 429746339 76203155 730225526 1033098271 647546270 1035091767 628428682 441365542 188687066 686145665 986866978 77943693 15997676 108364509 890926851 112620863 16701934 272078809 764806586 495616398 477186557 1058416805 322432022 930434732 337137593 787826330 235185066 884504883 579278536 508709808
100
468208798 445607507 289327878 562827673 567622605 884553094 832115038 293625198 452716933 646633493 547632542 961027696 717078766 649386674 274839888 484236166 182722067 292714392 625916194 108668249 338691685 951143171 325496167 943950555 116945209 198315957 596490901 1006935485 823730245 722758515 281317829 339543799 884213799 721406854 919068982 99265348 562514142 73093435 503141579 784588707 148485711 763809379 181413512 533966295 843051201 575066580 417283864 11151592 498863457 794149862 345957962 328389024 234475199 793514742 944767887 260246287 732523855 112291814 728690302 682794760 825946090 357112475 637259601 219173538 880546890 48971390 591302501 235178679 299550609 108879612 568875454 758382696 860761795 98292742 162835328 104105367 724057927 902190738 820769911 459659627 559015786 824286488 644466576 543198416 531875547 387975189 386440030 950859508 550336304 539188875 529865366 95697355 566060128 23698047 514524307 186472077 523973960 668386682 605920723 621302323
100
174974217 768454775 131688957 1066247969 357234493 1007623367 92690414 248072383 909115180 704641452 546809678 496472172 603398510 544425269 156244263 160439034 310104224 743515411 1034688713 999818012 617417188 999208732 690700359 11942377 398106975 102724043 227929336 720007007 252681914 847385790 842064886 566790878 671852962 399190327 319882914 14332841 871204425 424612508 243341086 537651561 94413282 978169592 447450321 681389225 232763176 843155319 570063079 661075803 425611992 1018466541 14645967 594199889 617340978 431782992 66438331 502361285 583083388 914396986 833630243 130090705 1072384127 1063992424 520446530 623093752 705016584 803787837 181141656 281421980 510988136 232154432 1069086054 196033925 227890421 553759897 154256437 248586336 806151303 559740568 459599439 553109565 62305532 147328815 727344964 169194001 99979188 798057075 401480039 456210738 696409365 487601438 820410959 678723550 906461448 1073388816 496578391 18999220 941311866 341377482 550486557 661592632
100
389623025 1004430598 143171924 959147684 176351953 1058981817 994054098 152608714 898644695 708901792 438745571 329538892 23793686 455370858 605486491 370673322 164798915 774557836 745413490 163823210 1047153593 523724219 175677124 59393685 968097526 785116531 634607186 22801720 95961628 183891315 868408511 779258084 545112561 1073616959 935571732 794854703 884109791 17519005 534044477 390397745 623393909 757883672 591345802 1068954120 1007109092 293161089 551230511 490304340 148353666 222215272 404148164 306905019 985996107 694537383 1044342725 862050150 247294555 680099544 533610515 644311683 994927989 292324570 868025457 142923201 509394047 968950096 86133000 223506135 321628676 594828321 496546531 448553213 20194224 317794041 691187828 1026447728 651205336 554242503 586990093 802702323 483020016 796454717 928010856 488511305 305210386 322488660 796466976 730116540 169813886 1007289797 678375733 598590873 927562772 485857936 212297100 1010095538 729871579 497832569 121406829 545210842
100
687546758 754118403 399598444 566581450 12945794 634965472 171620805 1023755570 473435774 948233078 19605189 31877451 958708554 909500318 700660563 685319760 901494272 760498453 254907350 738442911 1007805562 907605498 1001342140 453498425 86483159 593106002 787306230 617055046 1029799418 532726404 553997434 562818703 547691531 99170270 423552192 305103874 948702452 271547662 943487302 992850738 56543460 321565865 895552012 1018838997 784970448 337179559 931193369 188883524 1031679213 851290597 556760052 905443326 590462264 208968354 557608491 994968613 514671086 880502018 405891024 92258303 501102100 464755854 736312566 193788790 68945392 140472754 845677369 1028165017 1058239373 211479102 906247731 324834585 856296252 9677286 870390792 375802061 728475662 599870146 530432475 847992878 684984410 782255566 638429270 925555675 436630077 212953963 565577767 881579543 159737877 750775260 870078077 61555526 230452486 330297290 1027068303 646691444 367909237 609730753 26746133 430480845
100
488997297 437448397 560913190 305848259 580089709 965397239 417152115 382381380 195879215 799068378 145639503 102064776 203776274 107190077 414036599 1031349707 96793751 256710894 1058757711 1061371277 19561761 878817599 742253915 997348624 203872377 713173123 310823879 1070387419 36866378 843239574 367664352 1069364025 297791398 752464211 525055385 10916027 661393791 720749851 186913543 463672498 105902895 59852116 750695141 836670902 989102065 823199464 699663377 620706338 78316133 725804738 58779405 558771349 122432784 890062421 1063108223 194142322 362787545 484546580 1052184497 818898529 720269198 1061420027 82424593 710561996 947986525 855239685 421827762 83273827 34450523 649197747 764544202 502100120 575995137 540448140 925538354 357579812 930309801 1031665047 735287529 685396352 614834453 271120354 782960274 119660397 226775017 742597631 212018929 789266796 754457388 190166658 231712369 1001411655 812144587 891272580 168183969 288217734 233193494 931480867 565520562 990441723
100
394761215 907053563 824087351 48020196 223901631 1039808630 609169426 319166844 232432010 524581184 676875815 528293096 471929487 103975708 210649173 859863532 499095677 257472241 963111487 463728049 889084427 977137735 890148045 362505795 876770161 90244559 90428073 756202258 373138157 109273560 36664515 760477042 112657728 207313626 241667790 532556059 805233198 420484079 465865664 1011801257 828344578 253816149 269701718 499122717 454900999 1016759533 536312205 20741978 215429648 180045503 923766058 401426089 458987761 979996020 296575540 920715061 859880451 1921754 9730932 1064336 97856420 69169252 728792572 897600556 775486133 104886184 183874973 96895971 615648026 644410079 1071491439 124662896 109931070 497384808 540131405 117644532 824163724 93340741 278263126 29521010 783728375 641330844 59087982 624198226 1015925107 619994679 78919354 842057442 18314617 413194245 184833832 806269904 573457799 979616919 667326181 855962801 184443550 601882787 238197220 385435518
100
240893317 441197406 910353682 493699966 275837369 849754700 304183725 75176541 707484002 481713647 418033012 480464242 162924231 531221065 875576558 227901905 351961808 502189217 257991048 124501523 785612173 568600579 363088402 916166358 548736687 912296382 1006199617 791702331 200050189 134483428 181415979 694202727 131714081 948294605 11137741 433083138 482628232 24093332 360473736 672274875 489526406 1073323416 484163232 104475585 969090944 133695741 53301948 882088011 240278399 671948329 677688169 214627346 274688948 496037959 688745623 136316370 977420014 316760263 1017334810 342917837 132823077 655107036 779827754 875420487 481203955 704959741 482255331 361764619 868411414 752425828 389769670 93831652 256050672 26533522 772439095 598796325 870787335 180914889 1045356541 50930466 567052421 115565968 294609092 921351605 619776696 399766067 845989790 531544250 172262803 597714497 800498558 773347218 7442220 250162700 622895548 992681124 767548988 1049067820 119174804 47074776
100
28968700 495736230 131029274 54656480 43092764 259652215 672485597 182068125 512737773 533610735 806844565 292809249 363470104 30494170 216588604 444007132 304263176 973817703 342562254 138367711 669590635 378903980 997840844 963265377 242597557 672981791 975301565 927834683 72381084 185939230 238351785 993661549 1068894109 1055077481 80504220 577440919 202198390 1056673186 864908329 46559104 941514922 272306644 314584804 885891219 87949056 989421289 965448935 291650653 467594244 949491763 367575886 339760913 641426821 831565540 438251963 240143620 369666069 121813653 31194834 355607344 107381644 184869315 20335806 665089973 528285574 842682957 674409899 279511636 494538720 225364472 93823049 763929842 551639359 112930539 472194128 488180763 979371401 838121523 226569974 149282685 949397609 124298816 913024890 723485288 445330383 942050150 403362717 779183189 766835822 689644637 308497444 119660892 181718589 142459074 609014104 790475452 420155639 525482900 494286725 13692759
100
922846135 793404286 116366387 220323308 692761716 298342167 965725434 737503985 923713015 27282858 188175483 105129846 280534480 891807891 448726311 612424074 289679219 100101044 422412692 730467839 186997944 893520370 887856382 283815150 747787867 557531573 636767169 703110704 787594365 974866796 149038048 991133157 997183265 93621255 284978561 843407601 754712240 130823547 1000719215 21473658 506532982 958910274 432948119 596503404 1072294690 142732504 910905227 901308661 193247050 160950335 439803138 701722377 35053541 398634620 850941526 259766751 269706959 625777688 634981124 459950449 455467336 670460319 910569520 369704448 910426229 326969380 807563550 487429263 909617630 456347067 994643898 809794403 656646126 67031550 430216465 369538697 834976375 676223625 175837654 267344 359771947 802649982 97644254 1029239242 974875172 623898626 88821156 857722704 63960668 60038846 438237382 150009083 1065481782 258760287 571532421 855779116 924232692 207848982 126304073 131623684
100
740324888 455217691 465427181 634160289 552907807 1064726826 812485391 616003597 403838951 298794055 598179291 901956439 1058637746 890597224 731818116 924121013 555009221 641860392 477300609 416631108 388843497 201022789 640271117 694126470 28454378 88101153 919954343 432973276 1044329499 356692035 819992210 421516304 404145361 752052947 833225302 711993038 70627 1006780449 955099965 689360934 826428209 684916510 496789463 60680204 158975770 36329185 556066167 349947096 24929028 139736867 508935347 682550215 628872663 784711875 89003495 673079672 588062338 217892420 305028531 518062703 65011829 245292106 813369721 176999317 876187686 356121121 157510624 703670966 75747212 675850806 257857876 291352321 763648679 39570075 902847619 517427596 1057760246 76275079 665336545 125717966 154288383 462678484 1009551653 497453603 7063242 741862272 493064138 493129804 353547878 785962028 265076623 59839980 925759843 1012407200 257684983 830805260 126643799 816635973 32035274 638612631
100
835491753 327423890 577585375 820898953 466177791 761603615 674329622 1887366 222788508 476150532 461459158 570561782 296573819 673203991 990134426 682711298 816702906 276566773 224288834 552123351 1024543515 583299963 439383187 594111782 383583876 483511886 48270517 87242148 926776703 538783316 363669683 435491723 114503867 189671481 63762942 340059928 826637449 753979115 966591467 795881227 591194463 642103327 908051504 922211626 572984409 22941898 625888107 805898941 929429427 838189480 788422043 562378003 986528592 884843448 576647845 929753596 579761462 84395197 609046224 112327758 553087504 755481535 218409801 116168801 44293547 152636808 803892896 792686738 839156601 851288360 511243593 75692483 1063132945 742802546 361425437 245348313 245480621 307708028 713633494 460823101 381725098 213581347 1010652310 770599004 811463947 875870853 558539873 937639463 201293815 658852740 210745246 103618708 169909815 336852042 636657818 367817243 432555705 300763584 609854213 583266105
100
17442581 198343794 499784432 149902577 194032189 287980763 625357637 655912118 251752559 175615772 92931521 209765343 696412838 39473523 58383345 1065289869 582640162 972021255 832272359 70614790 741217508 599941982 413737142 393814580 22123061 674295012 220053241 105665573 62889759 303348587 589891917 718216844 206121714 413470118 317898962 298255167 231658433 433813676 121109934 237001911 320240355 1054527611 9800586 168513171 353298802 840605811 806442515 932595221 590578895 89732055 733275514 484969123 469898012 597044816 675998453 444292679 1068797888 832025705 865197371 872295984 1001459687 230433812 41264396 381047599 694269696 907697443 119691687 311288379 526826301 976394704 721554770 1026100461 542407190 61986613 955754966 10981893 644848838 805948885 1013505280 703839715 135875788 719288850 434705698 616626958 886929516 932328628 781684111 899412657 391456556 509434728 327314210 749616409 1011801687 1071024446 983623864 1041736248 1005524349 667574059 993432497 654240293
100
381279365 196188275 146554266 482199626 528107402 391519975 767497845 88073954 616146393 373864186 1041350711 565781594 946455798 248108318 60582024 16299796 492032715 783572678 9027505 732943032 827754018 1016153837 74393888 332565680 353425196 936524432 521829352 612421803 1006323709 537222447 170349374 359228701 775011597 51647824 616427261 282656702 728753592 585033980 656253987 803695111 218248383 986212928 97836370 208975288 984443077 771830702 382249808 753434965 80651475 799470809 745399687 434457764 1010178261 101224156 97901189 39968048 780024347 580993236 611356797 786084553 65113049 681370721 312907205 680365058 433125287 603404842 682385750 636549810 466400769 596133462 657539919 31066228 172082888 546290963 298575218 1057090342 359528895 512851730 222714790 501074286 814515983 915744265 673956979 385519408 130889667 286957872 507083145 542036505 299376205 710271429 429248569 3458584 199220991 478386056 787376634 352207327 226789523 342424895 333452518 609538918
100
72398131 424295482 970450025 849143858 571913649 91220186 413855461 465390626 1024804235 67654090 132497823 367891900 17107092 77659318 236508317 1011566379 186784808 166948459 72854954 431894529 254296993 521169755 91968726 331822512 704128227 562219038 579786996 405777425 670536913 298568171 832037915 857423329 897512405 635115299 2973734 557737279 669358684 727988167 797846324 674985008 234837336 573810173 69852200 1030237468 1058861756 417689231 1053660969 159247182 803331588 10445163 703001124 636902263 746638506 514904612 563013957 118932523 942766770 1027205231 21947266 602660450 972125983 1044152487 248629008 330841593 249692283 1052286026 754130411 110578223 315945299 162947706 517884499 894879272 802864313 895463549 657443657 583592301 233011905 646658622 457871639 252774506 197461252 559626953 391340485 195874031 54010656 1070707922 461655460 893124272 966706997 561791791 1070216135 910744517 128277097 697923930 383669893 479396138 839981414 727307248 239992825 949936960
100
907950388 354563714 898356811 227199470 232130957 387547459 359835377 830437089 1038008323 648395940 80659137 1042214760 520561350 69205711 95678634 64433473 462947239 216304692 164796800 1042774189 914657437 21552133 814522490 178402544 488911938 1016966331 77384630 749452500 353896020 783231119 51559604 847793958 708693044 578099714 732264663 277547832 450005354 568668245 413041128 259521886 572956703 320427026 585072274 996883313 746946977 1060899713 616854247 416747855 825421539 267185971 82086105 90914136 698337530 873410171 267610306 318192883 523792801 154412016 256188893 446277895 326024118 454293997 934716106 1053729410 400649146 113663761 50119182 321867478 113461333 330123968 60544656 687105143 769899217 541315487 168419358 260949854 687538074 356715036 1069367270 820065673 438036164 768540899 858390781 285344632 695018629 127778154 770683100 561244338 931934646 441079398 347719645 139123774 943438934 692459092 1049928130 867828010 1027581959 1683441 666437167 316908296
100
216564418 571490603 352076396 923873369 963112845 737332131 538095983 202278129 918338782 602112999 151994415 1045863308 217090947 642348587 918288717 572398461 586242833 6960392 31977069 862958785 541924957 170312184 351769785 469700724 1041981443 641533405 91500895 960057690 415692514 521132410 577525262 917840983 413780637 339189240 985099645 862216439 330082332 861758819 778983397 304691687 509421065 86158123 925570946 145816954 522950996 756522148 853642517 968255013 448993712 436334982 627262565 705526531 481138195 167138413 350245049 706412625 330692922 872831834 502741343 530151411 901406242 528814128 472249897 902672878 48256144 790890808 195951595 478997740 207435146 745214365 440228094 683050683 927238108 776757745 871293376 453197006 269382805 198666406 980643090 206306490 667437959 709632662 1014374617 11158714 539039690 470877052 864931453 756290604 1069827129 877489785 122511212 223702034 615796723 690667152 340087192 42557330 781685467 486399785 1040729077 343192694
100
752579730 595890940 442766253 54486167 827888761 625280299 40880584 857450373 880414323 225085315 675747710 485655254 1041515641 292616713 786764328 148979137 1042125670 370216005 449909830 968942400 179653498 366029254 1020050936 713651860 501299418 186087067 387024261 741816255 1027849229 114219995 159373272 207878152 1011643008 754000927 996264189 17202811 396717827 680011779 732124329 839515239 1054802507 150473384 178400944 498045406 1067193198 581207605 49750924 15458872 734070889 1027819601 551225565 556972176 40320669 309157547 436813284 291683397 429331278 524399475 306297862 264451451 84573219 338336222 449623887 658891160 1014640553 1041787557 362925804 310302663 305618384 482553990 387239344 990150008 554956908 969237698 455735952 338266846 920357813 1017232285 636746023 1011031919 652125895 671482082 815610419 65857128 508744739 618464349 385809430 922569543 176759341 104030 333962069 119258703 524106668 128226364 1014231837 69929223 293539916 95945936 353930681 586789563
100
754009334 222651677 787117306 664069400 775177232 683504478 663142422 163637647 343527554 537482040 925716391 1071116992 897774647 195375239 609144584 695064651 1038835994 1070352590 451579353 159545781 527232414 419691443 809321595 215832294 811999543 466119552 248768663 169064618 469094623 872197540 225743255 805005616 440257426 318802736 261057836 764148878 144611026 630051163 841597894 1014016314 570309411 482292223 880086303 499953810 124526736 266515481 1065620657 116676438 28572453 251245644 751840827 840724008 615630706 403207519 796949056 88238611 91805454 60244155 279263879 131009793 77589778 654776046 47789724 766877252 105147034 496758826 771436622 353481486 295078728 593398982 938567727 830834424 973124033 792188348 1000944151 115008639 607896621 65522986 331651489 44604802 836933819 28970705 447223469 989762502 508981787 488235161 98193884 375017842 537299970 6804235 250083607 661008787 829208490 162722261 809346057 356849817 1028720719 121078858 413780128 1064090840
