30
100
188859582 452953913 217905888 559247233 417259822 189664859 1003280056 153583169 245886806 774162403 253571288 64685186 1025503106 612225405 139001271 38201643 80519923 662566124 342134270 90369146 1001010782 428775044 53567756 511835773 1014611051 240579504 952747893 856745367 309622839 674148717 724456831 840119554 992868306 585349837 941565347 920163143 665779906 82669430 48950034 161763527 1024671871 963060257 354276398 205606454 338946805 107734811 809123084 633090842 522780933 749580999 434450937 767423568 715883779 1046595609 791724530 759212680 681734969 618428188 921575722 127449284 275024995 494283630 1043438472 67912413 679014450 798214847 91379494 1030943742 1021347785 1055679318 670033619 848827687 473055299 644229771 843558034 257487787 890508587 958712654 274992153 196712370 349891329 547554463 372206931 728353464 391854524 267491347 699731678 1031040524 255100739 762677334 10070158 957555026 220312051 633317283 907402728 970995970 873990940 324499022 970752168 719389926
100
143872315 999727931 623011488 906763234 299364452 31423302 601995297 705168228 936981846 250221597 897319475 17784362 582371764 272290124 1033732849 235977160 724403 438223122 845907018 831964616 928044701 449494753 1000505985 984030758 153648462 72115680 1071817391 130016722 795327674 666293097 967080256 519975217 889446501 523581835 579870834 196559005 104055529 804077961 556834521 252611296 711138420 1071332952 708681182 408065981 852566343 387067685 871723067 153791079 703885368 654938573 792815744 14629896 956191025 1038288228 933134226 155665980 169296814 517061807 268716839 119823763 657382723 873316521 272909386 1056414738 913897492 838664962 463166941 379149234 1056059739 243024027 376433426 991805664 277198822 577877003 376821234 969938172 78539415 655595549 900933078 709816538 229459682 59538000 102684144 1058223940 867116882 182934870 550763459 820764533 813421060 493726613 823344551 20483999 327702314 467728809 680302918 1038944102 965132169 1044027616 1068202530 161962596
100
718993852 31399949 694352547 757956334 508747381 723080622 9605926 320488676 254827892 150828803 866824800 187586801 1014608857 662292442 543638714 376817728 12576759 231021142 978706194 353320846 385039315 905626992 560912695 906029485 962817960 919530356 935802990 5938691 647353445 202707072 312830448 872374024 584789549 135463176 578997609 833628364 13592278 1020921941 348393339 858918766 372052075 438335233 20075577 497659302 94287786 290814332 746533292 562422588 829949575 250166922 140343890 747889550 1048622759 1023634883 553179034 739677198 154883046 287436306 383136873 1039874754 324128466 458882103 459732888 965049539 974249773 724930885 634982003 688696510 975386222 593959204 1022215995 665086326 534872641 47020304 31554469 382372928 117718787 1048733208 531499866 158623621 931027526 99421088 556934773 320165187 12559699 789774815 940009480 578327949 801249187 379688034 756105367 831028487 529326437 879319175 185512090 475853674 790056444 38147075 314102528 590037510
100
413987677 792213415 871445051 309904438 291180656 821759461 435518463 707674914 366889197 204873474 444040283 719635573 1022518487 932878523 388525038 556060950 1055689989 252356545 138898792 1044671520 380572067 223797816 24874000 109094240 434077873 122585656 1036292671 281476058 811142274 296513616 538796003 274239557 404046399 581639678 799639805 1001465738 268767330 256454712 394806307 660340041 429137211 998832614 463907071 379610707 1037069679 875873893 86720205 389038897 678451827 804385797 39115489 943866524 942725397 615308940 384225055 281146371 424022004 900176306 58484865 327133704 467156483 1035303843 995999125 596258051 1036448010 544044928 430951676 907820413 204246053 475875294 135916525 315090614 375135811 260532549 842695855 768188705 693340328 1052107954 847586594 732775651 802944363 929819157 509861175 414108759 550673913 327170772 951446899 25224844 441704848 1017799750 453363057 644045253 633514949 227330617 386945629 884159992 635841279 352682349 729259385 241096528
100
265288215 666548891 703051948 314296132 599882335 80545453 14423581 243096002 120219874 149337644 368205676 554314028 103180080 107525034 389053073 474305421 115686479 653119053 63493693 774705349 87461686 1021524045 144133201 552376584 1021473107 121787770 963105893 198466396 563656966 742775219 678495810 766673950 310455332 825505648 548170856 1044763518 783710836 513367609 855025289 29672446 255199285 294242604 421616652 246612215 839813271 868801915 761331339 58666259 299329597 904698092 398482517 513997012 1002112961 802721879 511967981 155158796 899532336 1026178604 967274889 695217507 757848970 74490090 618535827 1053648597 936903491 424225193 784481068 551173681 588576453 314309265 790328228 878045851 861124588 7435617 560415747 296470538 932227976 580590057 470632836 603692491 108626910 698987663 1072255508 1031025916 292944680 204135630 118832855 989478674 958225936 845661107 219985572 374705235 904062521 278876767 100968580 861835869 922936502 167090311 483434039 166085277
100
527600375 493870766 189935833 873835846 1068110346 557605010 136776103 718826821 82274356 813010108 654006515 257266803 284543097 778096827 864854141 1035261609 1054895347 821690705 703643225 158797364 339991887 408784118 656253805 574690899 889883984 357989972 356604406 607614397 497994571 297422537 1067736067 120903960 291241642 410814696 923810296 1063607683 982070890 782514936 351572237 688958221 904333212 160250227 952390093 144498491 549108711 840905096 272979608 1058293638 218157060 803507098 416041505 314043355 787530305 170597824 211738096 308865305 817639679 144223811 485904608 703765398 446908724 534595106 777799074 880777627 649626858 577590161 173795641 969113059 686668222 544054389 515991932 161710624 759461730 490406122 803322776 426240374 255571483 607653309 413446795 482360062 383046979 298475251 273376682 337923141 415885768 414306880 858580764 828120010 818896043 656640401 954419804 37256067 771414403 307412355 396556987 147229529 849972472 441540585 297165275 126354343
100
728927818 257416757 259674047 844854980 1033426016 878971284 217479269 794107476 354041498 379473816 666099282 455511023 874790042 377607220 158844082 496241444 1053381560 567847473 104573862 598765461 790798718 345201065 802454211 655786870 976170539 26916492 375683985 7456274 828051248 714475294 371336206 32537158 1071143349 316635767 440250664 259589380 506717461 656469762 737120582 196910034 969923933 676530430 1006214848 981549897 422454737 639146240 337980002 700259734 959744872 430985839 92788206 207423739 987023179 536269319 932789911 852528719 1002590554 640873559 862156678 917839738 538968743 447118403 626545752 3843579 642746360 387778946 395674526 85680482 424453193 150167328 362903899 37819861 423510856 256965118 32188810 980519567 1025989592 630060877 613847702 899438685 65118862 889146135 576722912 363071519 634129463 379799222 429960253 381452621 467083344 577269595 448580725 985188463 467213196 654877832 277367237 803343780 492036690 179476118 879289438 1026689820
100
570133808 423736804 520795038 962988442 1070824918 795962351 147140867 731013101 511013468 594367117 816984761 388629100 109985640 532885182 627412033 841859458 118721271 176941303 744956848 217306190 629482200 228132768 329461810 195197729 731030319 401013142 808700035 913076740 476015860 236859561 1046331764 687420208 685698162 254610463 937090156 212011411 805515208 155489071 1053509092 343208786 884460907 448921479 753427434 621958209 954407586 567220167 802354335 770865261 434614793 751000068 479624377 1016718995 543181327 881849926 230426114 1035698854 839900023 700487946 814099927 862683213 977278939 601556416 523273129 583935330 705179684 841449806 122435455 518806644 657845011 606866571 613685363 563615558 500370364 526675653 164750128 378175822 763430918 1057034300 179232891 405144118 421859116 162964644 445240231 545656927 882794558 15246759 497826079 482792281 159445153 733519201 997774560 598644333 286155403 130302178 963481851 203623187 786910088 949770928 135441432 51665788
100
641631554 875640814 197659913 404385934 974894470 535488460 145601233 472412882 292918619 9252628 103247903 930493856 186428952 523874234 66079474 603005095 232350468 62781641 621432444 492553708 67746779 37000414 22969764 190928964 272498511 491350187 259560836 623997405 769531269 272327029 565227 962472629 136440468 485847959 806639067 569802529 283519242 735635709 167924236 840369736 136864870 605224874 149492584 392886438 875797407 613931058 348901261 1062700682 29866907 790410304 430904654 214662807 583395769 665552146 246366002 283984967 153853512 78236152 495105524 102831715 191270669 745324248 1041367809 35759500 374041025 112515757 621785853 824507062 272195217 967482883 398067774 826781096 942963356 590786941 305167695 314076029 453038713 550458448 822548335 375246117 797473966 555031237 973179151 32538085 186014778 198769851 857744472 96711123 623885068 107328546 845716899 1035332699 303477897 992373633 873766398 201594556 843018250 352631920 269493678 704177804
100
270007839 452050599 263361584 773068094 444589006 433487638 24699237 563148774 25455443 868998104 643657658 933213053 274013079 917588736 153118483 477857950 385979161 414955093 160656424 787231451 159737449 453295569 301262595 594989880 134303406 349162019 419273094 332507822 712747041 980348718 379225571 304391337 465715344 636591752 378348834 1054912907 675771868 50801148 23850398 792195367 655664251 46077448 163391880 696298822 204203510 655440992 673586531 470623269 83042156 156745321 921206406 977412853 948068366 975488959 170408349 452358234 653234081 1008607407 397642025 174393069 737242367 650678461 507993083 20717498 443800726 829231392 25824189 429067458 1073186535 25284417 1026974569 701555578 534169352 457244480 657520079 617477963 533326115 1045921391 897696788 1035609104 809810165 198526421 577516590 361883803 881287247 231320748 371152745 657215792 259823001 473266914 850952420 1043051015 62855754 641518492 1016212501 73085390 106989937 432193455 504968001 407053350
100
1054408742 866276869 788411425 593156667 531435711 553258960 983129803 897635421 14512749 799587942 763936158 496416499 23107031 438638686 989536523 145778287 879205848 896463781 588675832 940378070 719778301 533486586 828840253 620691266 766419210 950204783 319533094 23412322 473731957 715638510 292041972 932176629 1068666345 1054808242 225019996 229254482 614073285 69661386 245625094 973313764 962574747 340111257 416704015 114471078 45168561 615970393 27044231 491434411 841354371 514916755 794440436 824102296 249487167 790377896 27781582 248294184 721703495 477562700 583970817 4731559 340768179 903885317 689486958 350399608 151488972 465649328 1040434537 445067152 1041879442 936598013 949877564 1067868152 775828792 930642670 932696739 644578638 1028256930 10672476 248815439 722780484 908044782 650425458 193199715 8982048 216325096 444754224 688787706 260369723 442982548 740350185 274499231 905502082 953978792 1038753733 575305683 494072312 90457359 822254400 491065482 548257842
100
745029801 627509934 564043481 381421188 454443940 362346651 43856940 280548843 596053160 125853601 780031099 530736983 672038786 793223814 1018966189 891011384 348557777 1065925633 134599867 461671727 487076231 149211456 1053816371 426691220 262830958 806511715 247534262 707285232 377635233 611110654 219340409 201466499 182182414 944630939 658703048 272600767 99183867 465374518 950873215 735519947 962534270 20744127 451439247 57636353 699930116 599794844 671210623 272738416 417172171 1008097316 787394792 114022746 220861543 860769572 198145016 461197239 637759553 115654494 786345456 482770609 478446867 583116294 505729446 490133542 603044205 743484995 659258116 328363817 452041268 423527860 136969607 705260161 600035613 866448616 233128640 821774121 116419382 481282532 196933847 217049806 959016798 906269346 333451523 45123156 978896072 427239308 232951315 933906514 152332668 768935429 531538664 402972561 317913302 919698144 520823032 387370384 528122373 895261927 722548429 706840835
100
216995669 506166916 813658192 959133894 697615452 41442383 934120465 371962458 297801633 329886963 752558484 783915723 640702651 582730827 417928542 964412907 292859319 555596739 922951076 762974817 265680279 841289949 289195216 278687787 129069774 585536432 299645954 731133719 562972101 298755428 591199628 673828168 779597658 546490039 192167797 69770679 845566812 72775291 740374007 274947760 398578448 689790997 840115714 680175697 675665839 652532224 196036535 768596750 651392229 939439176 809531629 328095280 217680724 965170960 496680879 980745809 1044247311 1126668 884776123 736760801 980514335 870282759 156773893 77814180 932748034 961162591 191766834 44862258 322125607 589664388 761558558 945169270 971833715 239516029 205721942 449213232 1006664895 243245410 721428126 2557811 64442967 111963875 84296557 648568871 196150396 514593983 392077676 181794440 1046126819 190726222 52996347 687117221 641809205 100702200 390708140 40171234 761870221 562383292 578723526 625265782
100
633137578 708361667 29881326 320923657 963485801 99695826 235148968 107672874 766618034 702274390 371756633 448486220 775365330 522430053 475831176 168615504 859515180 52132681 415099920 540172683 324683957 705452547 1060729250 153608773 1016085111 764118979 775456833 697844283 755036942 25330033 240938180 627171870 1030029614 642956840 952238935 656673810 808664091 834617781 780660218 320810544 31572527 864419612 160494336 250733828 668485463 768805651 331133842 788321807 82686870 888643206 521187882 695687750 462098817 219080977 244033816 645855377 785239234 125481865 1016934656 598454349 356728982 895603315 293320538 687018955 957847119 1067083915 684901617 1004810958 584184786 397015359 461608037 361125137 888666649 12929842 527562921 509904063 808620978 586816185 882348933 462416121 818811710 904698977 64445461 111341652 397386227 332582759 692811080 34556760 974781979 815243326 554128482 977319682 81496467 72342285 847787898 190748482 952084557 862645806 72215549 850813310
100
575241393 911598889 706270990 547201200 757317847 1064477331 179572669 848428833 812236439 247031457 1010062414 913827683 688342556 528497937 70633717 654328138 926271044 61231472 22079450 624344513 969273123 622892452 1011600282 581068101 185279614 621066339 20597189 544831080 601014353 193751993 563535201 889361487 202450250 835386246 396255589 293422389 204382539 722416638 41458495 875282662 85860331 959158311 435656015 190320452 816295158 69134430 133679466 258897606 244369129 584513747 212540248 59194100 780960119 514056 844669781 486124268 438138886 189875541 475744404 198344672 483627058 875329383 745089975 1061653398 210734154 559690429 275636569 176338663 1052143054 886648874 176258180 1063145536 176072695 829739862 734423355 770484772 331424303 78393661 171448050 954534311 486017684 207972014 817132304 407889140 173373562 764493517 667562868 890008009 320593638 904604049 1024848109 17400822 430067475 273777223 506991041 290175970 95324913 141567501 867009575 135988486
100
934763096 655706317 250700911 564002810 987300718 665636178 956634944 588920583 1011231469 252516045 680001838 511380103 895931970 1064483908 972450562 766391660 92679475 874164534 168759579 99000925 581759062 58581010 609124841 166145587 904150935 41260221 151506035 821246591 698003638 244496144 57966290 592384003 237352390 87151960 961934516 544870709 1033458608 336985813 922875354 512539839 359671982 529821243 1005888666 358907905 834519760 832242739 893500509 327637390 317015674 68915675 612311074 233393066 1007576292 10875714 721598714 385720019 634561177 1044052461 311272586 213775413 366800376 497166165 901690252 412166196 158696886 600586087 468072525 255591654 640954203 420248322 890578225 440779926 290635200 53674620 612465451 393897027 593094551 131176478 815401029 108316190 723676643 590711459 23295518 794469392 409244283 669009853 251177063 691294769 860872332 696829584 55077733 160059730 1004878100 233816629 459960947 305312116 688737640 1024508985 103130748 628638799
100
293207835 377603205 604348364 251379044 953481425 578702369 457044107 695746519 736757060 256425467 367893598 90621613 78155983 495725136 880587980 958514268 1073625796 28577650 755841423 722757296 679919591 893159494 925838102 927935817 1046394097 929680071 840199428 296275994 799215886 620820097 124680367 732263916 476547167 668742422 677371810 312359641 808302201 7610045 86744603 266536657 304552165 347638974 193740174 298890264 214686110 13800439 182241056 169182662 345008534 531230042 410879532 983428678 79948593 575119980 840866498 535012823 14773447 376441800 651844643 77140238 668857127 772677530 55151430 267056978 775771151 843714597 402347351 215124319 49799349 241515069 888874546 1043445700 444260417 129328078 542001900 280222053 441309776 156846675 546530379 548184569 656847219 595624287 808298825 393177228 108432814 1063297304 279312789 416857599 465147641 305251511 19644433 386159491 152272834 181164297 241149269 661205282 570613609 247610097 215093803 567688246
100
487400932 316637713 654904816 835102872 363623019 836019642 702093778 259278885 919348388 25449869 993076277 546320283 424626882 213472292 642844868 230435998 400010121 271442127 538038527 179839174 346342610 150149647 690363066 382536737 65280525 41037851 143707803 178186159 961335994 795961182 818685599 191844325 958441711 482798326 928711829 857407275 904669141 933457719 62822561 459020382 899693099 882811942 677819 35340623 299829442 535787519 579879470 735677761 680929535 41560496 492796441 8206191 457186140 312355675 495921649 504049028 744954342 451794136 160414461 68643360 608384704 473556528 452746201 167124826 646826655 865786403 94820084 150450489 216281933 945948835 450345233 54100026 710140455 421304663 1023199178 383091661 367639199 974276121 88066056 1014674648 996065466 988409209 834638988 666388530 977016722 341701943 275088490 512080169 219172821 841645260 529605001 80847869 193988164 144662498 185872164 673280098 465293877 679479511 20512843 244042754
100
1058739007 416095843 731378937 1018082264 63159903 644497314 617337943 425369497 253177779 746032532 1056106658 34429434 1001882984 110967705 610795601 533874870 996587746 245656932 871089234 260305689 1051414840 1040018813 785519237 133111941 677963187 1013330880 747644990 1019954928 169242707 560675804 821402823 635586916 276590666 733785045 563751899 587302526 472177790 378653315 508186669 781072112 1004987915 43304465 796700127 836180992 590908095 487639678 354045195 394100230 19920797 224159775 1059300414 697268978 274643803 901401115 553415415 573416643 317769955 36322542 526937133 383119377 834226646 350520551 277000390 263058052 538394884 494503081 607787553 761688410 970718453 214938542 320623757 965885925 194861667 628745407 544852431 512388619 421385918 488627325 338451361 221890244 11825831 552810460 260763181 141139616 232678517 342532770 139707030 644477503 677681843 247291373 60268911 456053974 280956575 819533482 569365825 104672945 94365357 718015519 763950346 285264811
100
752715361 567049913 593869239 1019854330 231644383 330514867 365885275 1001620131 620580053 956995921 281309744 196225855 878960602 204896096 1005737315 833566150 61776467 825900703 928229431 923085922 987884029 269643076 446839937 1035565041 541748327 262739832 543550762 841876102 447866229 1005531606 859647153 57977319 1041370591 686074864 221832103 112099857 910156207 328817354 979738416 220260272 407451335 426816349 417075080 1072325288 8299353 489837845 569562748 125917327 677622893 414278740 560702957 543592240 218068062 689222893 11906641 28671753 323436893 453625001 899636530 628913613 362673133 460096965 890334124 369527012 715216229 942537074 61684979 511793126 46130801 209951316 526945483 547921700 793834897 178886404 109080078 476158495 53020057 348249230 291346730 695219727 31753264 1033498868 776211104 1051726941 6475857 425827753 250081670 628841769 774607052 1033660950 21097990 589914565 1018714822 785901080 1044160477 902762295 1054648373 32556160 840271069 1017852091
100
636536210 596322155 132678207 105849973 584020358 674405633 379556582 916310491 413115147 93213869 1027766150 155778268 838066623 935343505 165432617 209588501 193170616 401673569 1053723536 954242549 173724926 96947944 670443435 18775360 958367758 143073411 560104994 678597005 204778073 364231332 570965455 294599881 466018754 207230544 1681986 749444787 973844516 1026878370 804212284 145552221 188579274 160038982 833226292 279333297 740193269 995411454 1022954197 740854250 51128154 990005537 1034797950 236768279 250483361 805990167 520579264 992149147 646504679 721585374 920680164 900652207 570460221 822287752 489156707 190657759 395523110 561725627 525365355 876314505 735510557 952822063 178195809 301712737 889487885 591319860 998509402 575591920 404235479 759667497 996630176 618581520 366236368 520498182 965934643 178515570 888041536 981958099 388302405 26067480 368092643 625583151 288598717 347772123 77233004 1055141066 260897205 649542118 164250110 133025258 29126140 8462905
100
91841770 1061179797 222610215 764740883 1053050039 320401462 538070232 683585956 200266834 907778506 235057352 624702552 769686864 1051948272 1015478342 589527833 278653533 939139449 14412534 571132995 717264308 626141933 316409167 482861350 636528553 854412039 581549854 50843784 491398431 921205813 367796737 621398304 138833426 837278745 244821997 84319260 429591567 828136970 578656681 688854940 854970551 282938772 404440401 392900916 263078976 457154804 308552915 516161646 835085299 928324509 310369397 715295046 768913583 528302261 464959821 739071660 733056357 510793112 319190984 223274246 318893466 788182100 689527332 1060035755 603542504 661499436 983142133 757603433 770515068 221068822 404416420 224760831 781397914 126307133 336912107 277868196 637913109 748895103 178712410 750128510 350673367 241669615 337721813 500847148 725388383 8484180 948665364 1039055165 669064510 200788649 128210722 88720567 161484441 670330779 772990431 467547793 1012573610 447547662 1036297086 582982456
100
412465560 615621127 79537166 248696890 323462148 981536982 740315622 121016335 751123921 583537434 852422538 192838473 788951473 1054664279 23845941 892862469 989237770 259545317 422520346 933942900 491658104 866095214 864679131 738766686 452085577 663756916 970769426 963916442 298085887 61370568 382365131 511266199 1040923090 8811540 166855944 986763735 266316076 852930131 907640892 965305198 1061675307 109939539 420688849 619689863 954847266 1048905018 1005067426 1053827807 276799512 582523646 823196289 820738120 561510727 345609964 633879218 179910440 694949022 909485346 582922862 181471735 861249088 774486548 398272866 597005509 497969155 396052747 888976429 66753457 551807986 447859361 608165605 780159347 1053335244 1061851974 720807827 297680339 787288706 148961726 502745266 655838255 789244093 266653089 378917812 359727609 434869589 435756506 136616829 923290935 175435995 668290857 740781798 717060866 465935120 214074017 985899835 175212039 176893292 686771242 204926653 961459465
100
219396352 257889058 1041664348 169881588 589276722 949770256 114228588 743365138 887973668 731436453 73995060 236057912 254983181 700354290 104510152 1070751971 204085370 1046895739 509991115 939210047 112081353 956933817 562500857 847029679 331484591 83947672 88430751 131642187 633268403 362361337 983373086 354660189 698551472 747242033 570468972 295865827 70942551 941003400 547890578 435226641 303837354 627275963 799690543 198807244 850751875 181094779 918096371 155782447 870169099 1027343084 630915365 470317834 682410051 988235559 146581278 1059471198 327999102 349136568 108168140 104424162 281266661 670776096 197579568 904434305 468424946 106615124 820802528 610202074 538319349 648471612 112272773 597212607 1066695058 298133301 260642654 179420854 631060801 192635024 537773756 782207867 21657037 595285009 67775876 1040292732 1051360726 856784240 242106544 1055992155 802994255 184589019 734248654 553313648 494197504 1012139890 670977663 816609349 580808965 909305290 432073977 1029690648
100
704518763 242396294 758013020 57845020 105059922 599573251 238407224 729259657 541946224 877389922 798559494 862715649 325145896 518980904 803647445 598625730 870889173 946680048 969893096 385916513 874340930 699203814 458630197 256264004 1056560176 352790092 1055142375 382855209 494593235 517889272 283832541 838713501 830227029 517384660 134055208 570971782 817478482 273017181 411846289 527395994 297752923 297250341 413926161 1061374181 198331251 614362962 999493974 741100359 572301461 663488284 397816644 958190580 832950827 915112274 498026610 417954290 551689880 913717718 22532265 859935134 518173616 291392284 432094825 616694567 393259323 325602479 670374244 891056402 547146613 682516909 128381185 864857780 764294545 906401606 138551002 924223163 26852401 667325248 268261694 893768102 904669168 450794102 903746992 1063967816 592527320 904247124 852867942 999104073 685876204 552708189 627221963 462307493 396457888 206798502 643757821 708277291 39443547 529794136 417806927 53155839
100
994657073 847435464 804565016 938894162 832529156 871911843 833694659 950693027 984537140 779575501 873036830 1013283366 855237181 1006816619 58292894 273563785 598432300 88352337 639442825 82600299 762368289 171131531 595462269 414553571 805961428 641438680 488328935 103131383 837255182 868829482 379956877 770392614 477291819 107495719 841612293 485720031 450498719 769576107 832826171 492724743 175629678 401490244 78849519 413533304 892618161 832789429 107786804 276998524 1064657176 476082803 344107251 458593366 209474403 638285867 373046374 539276217 491197160 923389498 519573149 91298895 391229201 334751539 355653628 628249395 835772122 606779741 743202235 562063479 20963159 699990322 210024549 498524575 979083820 975852514 971762265 85619748 249908243 323092942 675137100 902533107 935723866 431737101 786703813 470792683 426643042 729831402 1033465760 305903203 814301729 838311779 124087948 315130785 509788321 207812012 384726925 689775716 1032980351 1030293674 609804410 349649498
100
37593209 305055360 43806891 1055733168 487535079 738862237 348042861 413516962 665075958 519780902 893208877 357087281 911381342 686113089 300715884 766583134 783954696 692811116 852411167 1028150207 955138196 323512820 300379183 982262782 485856724 1034530943 991144695 699299416 835532879 862572419 28398281 354950431 1045863359 872581324 153015401 962135865 266056851 139554810 878573712 428850846 353557102 772329728 274950762 638727901 1070365350 552003239 870126105 872541080 179608262 908943625 511262512 154488579 64105228 336804886 418947896 660637801 665725163 204138002 915741742 321356455 743215499 83277333 528961283 217270959 375465028 740668041 1001722395 312786439 376042791 540190640 735225807 176064839 916049781 492801564 1048627435 685799071 364668965 1061634357 909213488 1001262158 108945506 360678839 64868307 125467436 767760395 520446001 299251196 198434081 636637234 1030601606 423095624 357024683 6790557 370433904 64031816 1023088221 963488584 616773368 192769792 384778586
100
948692735 524710248 424588254 826827083 818787513 365918702 945467061 652248348 362921005 467227635 198468290 981046558 338130614 484858441 335241082 39583953 1013682565 457798075 494621030 499838184 467866652 204067718 350425253 124397000 884266708 323332056 327090023 310370828 525027672 696086616 280017011 79451395 417892648 275923613 740167074 158404912 523683863 885052085 911300193 778189514 1041171150 128142752 916786739 899385914 569378631 671351763 781501229 183705247 383765330 709551030 63788153 388243533 414257939 762299430 194412755 1034629961 1055352706 857439988 728745231 231651791 464739561 534895459 603622033 310175437 448866666 534661294 613131731 938057829 164858743 725444736 922625251 823538287 979697752 226322810 748776930 581751028 415845033 560935344 912043398 467266228 713640152 725768492 996251032 286084001 586357675 421917802 319318903 533532514 572038329 977809114 1068459668 503604177 1068901612 725529954 699883252 444078973 951821061 237105369 586664881 1061883945
100
602214541 742658425 985421131 326557707 62186686 266084621 763968142 67671068 1013418273 618816964 563945040 878478680 591847261 959513605 922292261 1056559397 851433873 807954384 134038354 441598393 583046348 508633910 25055570 1041470624 332350356 183180509 240143445 501944634 1025763424 163843709 20029884 934637370 223272990 284119909 457165983 945098024 339098798 121177846 677369927 665351904 477359972 158233383 776254132 559627281 291423114 232115968 368922391 495654591 776480988 510610719 187996249 830169538 985189898 467237430 126694291 1037098821 112593721 468904842 599986836 890228551 827989122 9649526 326948447 39212573 55127154 334848486 603390377 495792878 231550601 296566493 821230431 126404150 245533115 71474415 110354718 1037330500 264213234 147547591 303245753 857870267 429971337 455029410 376903607 1050167317 367278034 108931795 364182483 24672283 792514962 935670333 32065402 936867950 319404672 931751900 361721680 107117058 941198025 62190652 618896811 476724381
100
427763712 366490903 783193437 46710117 31058525 793322192 614745391 890116821 464418716 458686795 254746456 633543386 813920155 202640045 621445104 1052077926 426128461 753720146 240783970 269786077 456235061 779551816 1042081774 797388696 713809135 93285841 897375784 498913380 959840680 703760869 305419638 390534400 126247329 1001936557 914634645 79900578 908632751 979251465 779374100 899573875 1031599038 591951627 861399255 805267470 19962698 551942778 332453013 664687109 803853796 786383696 332046683 479571804 2163891 989569597 220739848 980822284 612445168 363205409 924698063 254218881 57262441 943452053 1064364216 408798237 376163071 42955107 236535838 901105075 400313640 340264202 553336370 78891276 232130925 302672955 716656503 188576870 323259629 965914718 80171332 475004143 953323224 589948174 308566085 301961550 953523958 841071257 653182714 252285979 43066398 20963457 533902391 964929122 308980415 188954621 656581026 124879397 636060506 720164472 23233081 88843479
