30
100
998860575 982529909 344469995 779389489 139499934 213581588 550566536 101059233 635947576 69661902 325231663 431560407 798289367 869442126 203441587 68306295 1031287254 636633298 273531289 801030648 1034360456 655792042 305268892 1069191974 446716335 48310972 282012715 847851937 325234949 949991683 781861097 310013533 682644662 526977804 291311917 171288865 709450212 177541495 950771584 570775304 1042734370 11162492 999782689 1067243778 855702778 1748323 160094340 1062380116 245998695 510222091 494245838 587771668 268838235 127167076 230028123 540887726 196191035 81478133 107420729 201205346 563236190 993838934 117414570 12042179 149645713 54958519 795443366 521869113 397815445 353350744 67005527 949204608 961244832 74997007 319904410 117966631 1067979224 856253125 300960133 316537106 433479899 772582393 445098715 226359545 21372730 683218235 772908698 869152486 522024441 596352946 75181422 23084219 30191121 455602071 996727611 441111722 980335343 173677240 721791383 384450491
100
605275894 33911372 167820361 196699120 729716935 226836955 787569797 67991986 964555188 1018395124 722414834 354819187 272236252 57263104 842705639 676864357 378410864 975360919 742886160 90396460 913599285 1022753034 769970158 713343072 583598341 377652186 889270354 765828624 972948814 922023230 501599718 1064389178 345729169 311427746 864107428 945545812 262393316 107178019 312267868 249807302 205048177 219843347 351691059 899140717 790130421 554495099 511184927 648841498 600715330 603614100 872987244 304745489 145820605 136140877 950958906 989639051 839453408 24925641 184391164 242395188 603328697 967183582 34450682 686836653 1005713513 457223830 913262544 166022923 67634087 236406449 417049069 810334038 320575803 663674402 362346773 943826443 785929091 648899982 684504032 426963867 488988401 236756944 355891256 360684010 875964554 299000952 604838367 1015410384 26369128 424235591 838338791 762293915 296694842 175298996 308217911 516216460 989074879 751650666 1066021901 202329941
100
927438536 592205943 454649761 141119570 115151967 20027352 730930828 955466694 252891256 812409194 182074919 1014031037 281076108 553301942 890848758 1024567516 114390729 482199325 599860593 638616798 64993940 310234195 690865798 796894991 786466049 1041517278 1402901 290430930 675208797 775328667 81447027 732679708 605442469 1033542458 101326824 470162934 829755148 309338301 948628273 124524286 969924217 476587005 592479742 469711590 1058136582 381987877 93558133 749384692 32647298 153804341 299778733 326128513 91820016 523330432 393561396 937877626 400521222 870653998 451394954 818132450 607241391 465451451 768597924 948547918 325103754 213871990 219049322 381120871 782888808 28948227 738918712 806282348 142778577 451823322 448997473 701507245 745378432 193513669 598887847 755085585 963072739 413923942 366769093 538957713 366089116 202019246 780517350 516790203 520838146 21394279 1029755946 274773808 303401889 579877292 759036456 1063465510 771697845 1044449900 310713703 1029962214
100
476626410 300515 800129871 1007968449 545936703 702464655 450143569 832906297 285262039 228619213 602949491 738135850 314963696 768222711 139354190 896190167 93739550 777391066 1019593744 65739318 833253322 117762358 1070088954 594347121 629204654 259767615 708220898 335904617 930278746 545013023 877897394 36120110 470603955 616701553 896600807 301574024 660937326 995045832 506394131 842860658 485197721 1009798438 241786459 241350297 644542227 134547077 824999161 46557921 674693135 164904530 977968315 691067872 767590549 972519916 980236418 789463137 386520065 2559530 1069246916 704815587 79024514 166795730 577742603 180748056 1034611356 170217507 771150452 561135206 780444071 486511436 275945521 564981865 810373197 1008426738 465116423 945218159 960118288 75104942 741080273 262897914 929302210 270904461 989894907 301599298 448090378 205210510 986953479 375558321 9032934 56955432 513961740 641781093 146256420 202391745 344091186 892256945 419239655 686235703 246640951 952708764
100
827999323 786713325 144690528 1051692595 121794162 147122873 301689836 918585126 904218547 977268502 912509539 350892405 367455179 150302736 521096859 963824745 955401051 231808458 715556511 159710364 790769273 953528056 503675694 733203070 796229419 544710501 736416313 934461651 198689775 555826799 982827368 226255667 545841718 179965318 171167894 358675593 502104292 994799281 17525841 532123029 588399314 253534984 788285531 942375786 510382413 1071651131 203723308 98573808 295548564 634129417 304739181 1055170147 609355869 246968522 315712638 179475922 694936144 144455142 432983793 749767585 421441675 235131228 989233164 888337415 162810396 1012604732 691694411 45446801 537648010 488935469 371014877 424051869 136028493 343386088 612711458 626999264 83849809 945867706 756612659 371306721 257825400 771514630 764405850 439831931 137331988 711408577 1067483797 650760031 1026406257 517889269 527866391 726686352 461019977 682099006 484127688 980087781 876910926 379584336 225988288 1028016010
100
931231343 971142864 1010941823 397103203 759680245 173156089 617736727 639902745 859897551 725023730 970535035 607333446 497761281 1024374438 150002981 1031588319 452450078 640290484 341602917 488934348 671974352 139023598 513888479 193034603 975430998 792389082 704425483 18951434 437415169 149253172 187816628 472104560 237799606 443020138 610982266 1010466133 956637551 825870878 975521104 148077541 78866874 41170088 426084350 205252929 192085048 95416210 866803872 499334141 800672287 471892506 710588965 204024995 1058691513 1071079603 10998225 417366063 211211491 173596548 270380475 468755090 674064271 485291239 693887824 394268976 986279490 408275947 1068543438 424777057 384365718 483796691 462443722 129912563 1066664889 1051824533 354607786 519474854 8339693 915432540 90319660 848527535 863230982 410097159 830611934 1053009718 945212911 118775463 832405667 865871064 912877349 755214853 954252852 744019749 916270650 1068325401 850220188 865419555 135597651 875518356 493836219 214451657
100
415530583 689920965 982299269 547881998 955988986 615164864 545298871 197978463 236987974 851169289 784694579 665392146 8799163 329082064 1013663939 79040434 697774091 254886039 357571747 630027100 433393309 792062647 121563139 41893954 557337867 122970586 693556105 220565546 999503268 1034957442 805665740 407868397 233132523 603184513 522058714 970842616 348691734 907251327 316065715 359273678 1063421584 20980344 666392267 1070840195 897762423 180649531 13016716 353144387 853145118 197604588 175070418 717099209 879892108 1009417858 537342573 60972264 819117820 872709706 685739426 145382150 914045275 543807842 423584938 374029980 396124877 629447999 46710834 495801527 1027366441 221345319 118822362 834019962 388896376 245183928 244478646 480760730 562467194 278702431 485193168 1028651232 595202593 95994082 998513315 79664811 516623123 640222423 970281890 533103467 573890860 422993194 850490543 1009522215 343703034 348137371 482045348 568272120 420524607 383622717 731567310 163009420
100
584420857 783729004 883012004 560768832 400973065 696350260 122857878 82600964 228090237 413064143 399982283 645408082 513050553 913296217 731880514 375092593 809060597 416032994 501019404 852108507 308801980 821415407 122464462 436690112 138688622 235815929 164288066 309100929 669000638 26824428 323360182 913958197 68043060 752240554 82747787 240863783 13904811 217728646 750437047 59389269 137847252 328539594 681217860 108531955 308178098 933962801 469039310 292167398 423646748 860737389 424160009 787561290 492597055 280829602 50805305 229076717 372533017 22795497 806298041 907891153 109228287 939557838 290263669 723598766 828848920 661480915 795873647 399134829 453276895 351865067 415229501 837893806 340174244 649185535 7559561 587265603 248484620 864426605 572507024 474550451 457209741 591111299 891021988 926684600 22825203 457124872 485503402 625184193 381439710 211242420 221124253 1041491057 370215233 914622644 139002121 782899998 1042900709 412424487 977952912 643648339
100
507585187 830151529 581826894 35678254 88582832 542919900 633157250 177626631 526902091 629756871 915772438 714684551 389432677 257765660 95413605 913650201 253426530 846542432 861786748 775211772 147004315 862651438 17054368 644624325 42906332 358602930 693069509 798683099 533044966 942878255 919276567 983434234 1067268334 847161722 864558709 233579697 509136924 481384572 934966001 479621348 990835726 870596787 813183569 893871178 64851794 876756401 855972753 213523951 966185455 740110236 341022303 476313268 321973213 302676397 128292254 726296522 679647112 429969585 980896228 473907515 320238673 464607627 1058907131 167587937 52375821 672536496 448964451 249468525 1037469316 7318441 917081295 321433313 433127923 208429460 132428964 572851734 353410955 292720548 1005021565 327368631 266351855 415777949 463303337 196947268 247573434 949110361 569538219 863450257 620301303 625238085 905129401 186058308 276715175 173867492 334652478 755672154 526397503 713436491 878431577 645511330
100
813020579 706651484 190528320 735773244 723963307 98182221 271149356 523096910 692512308 104185960 11406001 139192739 149937315 17776795 547424750 623216754 436828530 1013489416 538138968 235054441 585907886 557824903 316680758 252920616 807372410 230284833 127824676 817929156 424472972 256706966 801949329 403249989 247670187 953228760 137460032 124856871 337763383 463653518 363403467 273860573 101269665 641880466 400372251 865465673 702979822 236460403 144533489 136048454 272130616 893980660 466934113 1013397791 48456493 818207883 961927250 810186516 309560974 771220195 385216511 849877212 375499697 986387802 783563640 646763550 498658048 500930436 165940258 841936631 515187832 1323174 1066786867 563894903 758439467 605195835 297314615 371301667 555250366 184702579 162357902 850627957 518557676 836242095 306640875 887479383 643695873 85309958 309361622 288911276 598008159 75727812 955493931 952470728 24437500 327543269 1058656921 630903538 593048802 503051166 622909221 709297641
100
214900693 280939172 140945500 313933330 10430372 53322564 20538993 659193684 741576922 293164291 713707583 925159884 865931385 654981174 292873299 179936106 674282809 530956292 466676271 370193965 348590596 861896937 676273350 858807981 283689080 70551348 613459202 210203282 1020482408 441122184 801334335 435224346 461349211 17834847 663555789 204152727 991170316 78549890 743380593 601566191 1064083944 76995218 17655012 981022491 765649555 756309379 713156179 884792744 180326243 791187483 405201885 795173945 989863651 992377720 826420760 947332610 307892818 399021191 389748621 273175375 841357346 750445198 231030583 1056374779 589102713 1020491171 11152136 69370361 370177459 426978610 238793317 134356943 420061918 231263866 347682981 1043533590 431456828 502295313 3258261 467124987 22485445 992548700 1034721783 467831489 293567394 1000010008 128148990 228950077 746297523 963081684 924202963 318883417 521921290 972958068 600116244 80746385 355057774 602901680 626514512 761046137
100
381182866 914325388 705708597 21097722 759122940 307853505 245426431 229388468 285123616 597716315 358843044 28804509 152355078 74680763 26806535 367606144 498365705 482257334 433124509 912936156 1034937946 613241621 163248880 58692962 286766460 785547283 201465117 989048954 153646022 678377954 906692181 685557183 184576484 646054694 548387423 560470398 131575383 910758520 844272660 278228796 850693104 539057380 1071813602 537672749 148256857 913076331 329973322 242526653 256891532 409411202 705186403 385771531 1032708441 138081937 492593236 855593065 163555813 315920502 198977501 315873246 828339750 256419583 990930639 644567460 626176872 718406259 505671567 824836522 912036042 229782282 760815511 806027026 1004332482 612309872 775990773 204203700 873818261 10963782 629918155 791436698 175060192 305605025 747866317 302736258 91922962 875097993 233809350 174880095 463694319 600404603 498503443 762216408 315825934 50052840 994100518 444506568 477885276 879067828 193562884 600882876
100
936265656 75946696 359129464 685225172 742096448 319997982 249065075 762805498 76765069 1044384456 1059989078 477747013 181432404 741603101 362805376 79471556 84953917 366983813 620471685 900045018 788962149 137554430 183710122 341785025 27221724 178348186 666249067 374217986 836356392 605449727 360753654 293110526 656801216 11490533 453662637 819608680 684694162 735517084 117374120 534700233 691999358 731750531 1038816561 763122939 622581721 191110290 122036294 1017618863 60380907 221826513 293913114 354294247 75022449 175902687 945600148 213700988 260678683 94943340 329552846 249586585 682842895 274318783 947477655 1015482686 584139365 837246256 563340018 1026490302 720094632 741677487 653785749 497762113 748173659 361474620 140999531 124289347 529106290 1066909804 289608722 802985747 94085077 216551147 130215006 488247381 1071896289 663099380 749803476 29503872 680520678 75402203 202364976 1070545505 245235114 24901507 39170015 384892055 129450724 851772136 623461510 544588308
100
691896215 835129721 1073316770 883673443 289572657 1048242756 492138332 223403614 209447404 802639142 294240048 257815354 301788433 496272785 765189988 304288756 827218303 641834668 664986894 826725244 238803495 741418449 125588635 581744183 209627790 424393999 568539209 164523134 731878734 313687464 233014956 370269470 78267029 945498772 98818349 551944151 881579684 672150269 314536582 263227357 1060560977 1048478913 883594567 886464090 551982981 1010511604 987441749 174648554 337341375 132830299 539998053 675428381 204137104 32828913 273589637 110742008 92063261 23911782 771217300 895249524 365929376 488296347 276992197 802206718 404658663 382627623 868330272 458381814 688027604 442853077 46669313 254699312 698886875 87012388 994563223 988425845 683048327 362531269 612684902 528422659 566044149 911508001 974566342 391460617 1023878231 322626001 938631265 403095084 451572082 166046244 712390073 808857605 1055849760 311475100 41051040 50425505 543620303 832981105 845653181 702256383
100
491509516 125191438 886546838 497586378 94180493 95909985 950923468 643763797 427718470 217776345 956729216 483172191 892449086 807609711 80883073 675110586 588640944 915994735 163338260 819270604 977140873 882044407 989848690 202944781 835060461 69714555 656974407 683221645 856907698 778547524 1066118709 41512043 275256547 16120556 595631183 675944799 141827902 568114147 950366878 133429553 718182583 815076077 951546784 65810239 75541235 679319458 617265347 288067835 923554254 104407277 1022008559 1008948331 1066986965 649059214 846001913 1026100904 1060087501 866955416 176301105 905183839 137469482 928054259 231465685 184925779 275902873 483955419 822410395 219679705 714968438 979901023 436453675 267005274 349884246 1021292003 60903587 487025876 1036712063 871093662 172996113 710998618 475492459 164547869 443077116 500505231 435476297 664541630 276829404 805152047 440789116 601911606 457247133 836752263 508046618 519041036 363114529 307715832 477396590 492085275 528983995 22474616
100
102190868 837495220 945281552 9763941 668775673 191550409 9645919 828728098 219212452 414270123 148773397 757333960 882585662 737508478 1044614521 158028324 970195912 768289626 599081956 314853690 330794901 818915277 376311108 537490881 411973838 956158808 98528666 990776482 545650157 380814061 658803580 892516732 922047810 749549944 372534932 701645091 121850737 395440723 617451038 61862941 397222386 884915151 391425902 366080292 828685712 896950706 677450856 997275558 180434155 45049780 1005582854 1038715464 628864758 890213377 418997974 852697439 405979513 199117242 442517881 531639669 665692048 485995380 156755750 869804490 697985066 789233079 1016633892 344653521 666883211 246145408 687726675 173405358 534644426 906411711 157792676 439645631 162998356 238585562 620320412 941007120 33196135 681391912 68097750 196586725 369885848 228172663 361092990 871242036 836875597 632049799 523080150 266318376 510789700 282009229 360794548 415457951 342622986 930333617 536759298 35313325
100
1067783824 548715837 697167383 425616491 404170938 250312695 449969881 220423112 976236853 368130902 256305057 277092732 458508024 846539154 473166417 874294715 83749745 973117050 902727297 953974667 846030080 292300272 141863930 572435273 569960825 409614952 751131964 920445220 1061656742 964735853 645966329 1022790561 721503939 520879133 827959704 516310549 733812480 119892392 438582707 947888942 54060547 294054356 101229721 1000299 975406179 734396796 346479564 393690015 872661294 830479116 1028903556 518114162 67519588 793912583 584739883 149185504 180107641 951419010 476730080 145554872 471124439 706494374 496933364 789823518 203122522 31896625 986067055 818607881 138733266 873221622 30942092 489118150 307587716 1032964440 62763320 37396851 153689258 103198163 886844055 406482821 719960558 260316276 1057531519 325944386 595258355 191295068 978289660 689521992 153580492 842998592 87669962 690590724 551101571 502177772 544868318 193786940 577088916 1026636987 86756318 897516166
100
763896865 671998372 138099406 149931001 717390114 1063462591 1070730964 848461067 209550808 744677361 102386859 447064818 993366512 476244914 586732860 573479149 532881709 287687851 544776897 407911859 291269092 49697853 242032458 1061271018 796312447 981177592 244894523 984190641 639708410 325977380 932328396 19390487 347220841 345565499 702626184 437860257 803403888 751918700 672048846 131879624 28442825 801979674 530585171 1042590072 447132354 553896795 372910494 723765395 558931132 906116986 459476875 697531500 773577645 1021186678 882858697 686476109 181721503 1051665025 920856668 944226289 1047878703 154903937 630298139 668468234 118809359 104852370 1015318835 600459964 85350020 704377217 1071039650 51546912 602736104 233882451 157962173 59443906 1041430057 1073196732 291843242 339490852 319455304 689784233 471752423 500520249 663044060 854208695 221594049 815788522 285888908 1023660473 483208926 511194773 1068884376 139376181 287798452 244579977 300681809 939317736 739613967 136495755
100
741456190 821953423 135287635 802724980 86389722 91012135 896820240 186585957 284573460 862636448 796452064 423439122 25323638 34972692 1052847449 517578159 185542718 774967155 731641603 993647239 931922912 162349569 428484572 645141623 229408897 777738966 266628306 627351665 641525117 1028270173 111780940 176202747 761056993 428162773 633346210 601887661 411668465 707813075 607357600 672727479 228746660 892939198 473566215 214318168 307263779 286863954 940157452 852704360 511488590 23215902 315156440 1038574543 398285366 252642566 136579334 1032489995 249925028 315757505 877734951 131916975 337674129 886906459 361575745 117187038 423791532 450531765 391874636 57670356 624564439 437484288 252875700 657979486 248138666 150715974 410987226 240423772 268011759 949918945 279490707 988128070 115197988 866487298 603984295 741874852 598783484 502487851 75730771 693968789 391489246 890088117 597776840 153376329 280713573 1053733451 987953833 580100999 985893086 689526637 95129489 439755048
100
982094830 227726475 836529818 161962600 962276471 304545432 430460765 897771802 453031682 606037549 41785737 731423490 606400863 55181746 456291399 862074993 504391602 767406084 857269843 627299696 732785395 370889459 901493889 1012163639 363091821 635943365 350785589 689676215 441068351 138959793 1063359977 546305554 727411934 950854245 869276587 220085021 146629009 942638209 416468892 700787429 348099572 464924698 71378546 252623911 328706678 471762232 83761655 636568278 85036506 821993560 334772103 130179736 749592506 96777450 169148054 228970826 698925311 138377172 443911976 891414904 899868778 651778541 417507415 180620517 1038551311 336630403 109442769 1056888585 277186772 200669654 930526040 615260046 62949111 666678170 625971520 467455187 327299717 44345721 740556020 383809129 769093860 315217295 7252593 984536984 212390986 530734316 634614728 387781083 137093699 792033814 265193377 378060640 46574127 441792388 514516915 266524041 744467393 929364516 475674445 423909229
100
846650325 906484176 343332951 244196171 952751598 813785395 840617542 896943310 351452085 1053707390 324383852 800584718 943326441 865146447 87162288 1041585123 888694841 1057723224 203085612 46329464 486294987 216047838 421378735 419810252 239198646 502080316 232509755 286119988 931688072 735204446 659891592 491166423 93185984 1024156231 49784448 731397169 956021845 296246667 882637249 978508945 474892589 973633493 257564190 901659290 809575335 976065123 375381534 277326278 747254802 360914053 104010363 378034398 569221171 3293729 168408229 782100611 569673155 1012754994 1008845117 495931817 265323759 450692420 54717082 557325334 624302806 811052026 986979143 678683880 87542799 282037641 372164739 25441548 778837792 218050106 454694079 367699912 1021863688 1042249195 580370980 804348209 869948854 636554895 174912779 324785334 902467215 170070697 621856386 670686099 701599980 997264341 15378126 303504223 189403801 705839424 319459299 436255871 147436120 39081515 751110126 823881904
100
226179180 652014540 943966593 246434510 1010851564 405092752 678616790 479216716 294344746 12858113 601965927 812302949 490580150 243462169 52581694 284907038 405535159 30558599 653377597 814526576 1000249190 107987758 883783830 771304647 536035217 97795748 683009873 272771972 121258009 349601204 388920009 180894844 971564404 556496092 148395311 258873720 83573035 783183312 520209158 321941683 975114333 127597045 247685541 821854047 197290555 1042461927 285609400 97483808 2039434 17356531 436924863 946393487 1067310116 271423389 141552782 504965304 875198327 288579612 15353804 360203164 139692292 531090905 422690420 1057728432 374299617 928679156 165008214 858265693 4205624 46912191 469202839 865591678 1011987910 719134784 757137708 516944357 411701852 2962611 817262948 431867349 459794530 969558022 196610907 1014505865 799533391 270787932 80820872 224172972 986423346 778476939 133024048 1029961695 389779500 262900126 701458160 666325303 740205300 547724627 761102135 231740605
100
699845021 162095049 682413036 648257443 412544803 350269245 786741045 881893467 1006018751 94909312 514078846 575340159 650622465 832104528 836504991 481758759 1008053674 215573954 573397732 261337346 395829297 873305789 157058446 555676882 577208897 924237693 978640466 155189739 646149945 811455505 638000088 294672824 520876971 832708316 1051501885 484336951 375386077 881211159 322546833 235099000 512125515 173360974 201857370 119949345 328038947 1002087391 151339792 63363565 583610823 644198782 552369055 19456296 85741903 735321012 676882920 33265205 901040388 834427739 917845055 995491848 837159910 164793636 375225070 576893613 973812263 333551633 745284273 592764351 513469358 309502971 739045177 58764017 534200981 930930701 408284585 296807561 163786156 601332039 787722012 286530528 21492468 828940540 355619613 1012574179 716462628 625541972 137191980 400593813 754954022 341446091 540047424 184312971 410686619 436512176 781369152 567107950 584558163 1042083495 479672713 706945149
100
203702567 958127211 391669256 135731935 727937277 304183980 976966390 1047243228 1016554439 242646787 593290048 404664943 522844026 990803614 929152115 885761008 87111901 651193245 372132914 377996776 716106252 921046932 923285170 703171223 432691445 349550093 84350269 129479023 587105758 921771780 409896112 795490710 360094173 182653289 583762940 887563368 286436703 962971041 82780840 1059391475 13557410 292298758 253787981 10318202 696694842 675789666 488642073 96016371 1045358480 597017464 416702285 278912649 417284958 821862267 801619391 1024894746 164045364 654601365 816299353 307557561 828768502 697583714 396730776 1006394925 937589084 870214514 155993101 513527921 127502449 415568842 487539424 526950706 583017749 570572643 568295240 35090772 170993275 899430058 945875988 855564142 815889067 275834623 932949029 787352137 582266113 870452534 306348273 1029759844 564903084 468463641 468224258 486297971 732447536 842164963 515919477 360456924 297659109 969476038 733881724 494719032
100
516483687 808966876 634064600 458920546 737528413 626766448 656618302 837862781 671169973 521713060 42623903 145071472 53777265 424825338 531339880 853408310 227245572 595150729 937588918 1064706973 612994519 870573945 668854492 1053781963 659848136 1031774856 889491681 360462774 115164070 464906120 788862207 319039403 924978870 161370590 960244262 964346312 500362801 584591365 316307574 1071798401 434333123 497363465 670322120 513096478 651347470 119517197 283451430 573521468 766859045 195434693 682680399 380736072 222843665 1054181372 239934516 433777159 26914896 665711888 939258238 149811473 454343761 247040369 992137221 190845521 602441209 760303397 239537242 824872583 708122657 643379015 370819646 951575238 610698261 571293827 29394729 363298550 211598358 1069180316 364539076 1054985299 522403289 293354471 136106863 532055020 524520711 1062885837 1006668988 83842341 620527035 6217037 1028902386 75553845 1030246151 293620343 427258507 704899241 383489391 863549938 340922038 719393759
100
31741815 79876565 1039705996 145075690 658583635 379468032 995152951 1031992010 178934249 194941313 332675003 14686049 359151662 401754966 116044745 25528567 397446187 575806387 954635363 705206601 623850111 46722941 847251042 756029704 993176027 379039183 517529074 178373208 597014916 585026169 314748177 952267601 281046996 184002684 88156691 418592898 542798008 312986767 646112801 190130025 193500211 1066917789 801788853 1065224444 214947034 817398085 469835039 440914979 754421335 763292249 904907523 656734267 965020647 35872607 240368345 314800020 548038363 961245971 961373548 470340084 264418586 650778851 669054300 1068547859 984975262 39815026 260255132 572045597 601602291 77785877 384606196 570578739 356486075 327149657 749548416 240547818 1028790572 250736251 20577071 808664010 175116176 971463150 460282948 969854928 835698884 242640601 599885017 838404076 129138873 130937750 261435991 591776132 804475895 260838197 192595968 757745135 927788565 124022775 541439334 345441531
100
457211347 339356912 416857960 1028315071 591625460 919284316 550111595 940002403 542919736 446875959 195022124 79429398 156175283 1055845223 265983304 516417622 828411690 237776802 438740815 440874677 218996889 636041204 221572679 1026850136 1014502061 272384061 450278695 286339706 242459467 887424177 770060637 414154215 576499207 223672406 63298889 787961729 706916014 337103753 595632832 348190143 288396221 1029063289 399824265 488541225 941416679 57498539 817102307 951015901 139174290 936625780 402748158 433457165 502016858 365406594 882492797 216815743 704426125 159299924 770505210 684598283 960340654 1003658941 565547906 760588577 4121843 933473637 76967445 1050880577 670092999 728492616 900294951 759815296 425918024 515662389 71885346 616310281 849017546 815714384 111017698 714157210 564963154 420844688 649971767 310227971 511608091 892598849 996086887 739921067 518243861 445173380 410206633 953209355 737554273 198526666 53199018 696990000 853134294 776615773 473329420 1023258429
100
197499352 574276066 413534183 165872923 63595433 635551798 534412279 708229788 170699926 670223748 495040460 440658344 934028597 558842940 240007638 122478363 1039588722 601284675 982974748 429026435 97409805 444529010 405244855 580143779 457768985 774278678 497100117 218844144 292143487 1005657454 172459447 1040670487 864562553 422728241 642957107 433807733 809681431 406093061 689995058 180404637 653628349 543416073 64918195 979169750 636437411 866698316 143186118 714255003 886982228 704278099 106192146 1028193561 1009809967 57986711 1038213201 101856692 928976361 813371653 13739214 870092418 627095305 380696188 697470190 1008120270 398211179 685047634 428247460 871500951 368392382 516253136 349591802 799863054 139290886 976873649 613323919 319719708 34863898 201090471 551555092 964597977 285042727 480920534 647858126 1063457046 742229803 860401239 72392471 28144084 996012923 859152055 478162653 465697995 839566141 843036533 335668258 119715812 726633967 921628295 611397242 59260863
100
105383894 338001552 424831534 826101680 127197117 641848481 461027512 896308955 201033102 246914815 158505751 585938475 921576973 391571599 345473466 292625728 465421811 742774604 405192772 132215821 601476204 930708162 98254859 570478939 948329881 201976467 614400666 643121476 974357775 595309814 33190959 369728440 98512983 408460595 573279806 1036233467 732690796 447851048 235850220 866689573 974569792 342131911 423879316 1007281056 959781430 339617429 507013190 57939886 27689641 542431277 956441155 974820065 497184612 20152251 1026769282 567872673 147662377 816856962 1041392431 222668202 853370923 411591766 65037094 596459147 542960787 907781155 873856636 974396967 604875518 165719140 96683511 974448696 851310077 846004396 377151633 364372935 43345299 875178273 393420281 89952693 1042583995 940716283 365353233 588223286 314678496 1024292106 335555185 1063706705 150703715 281788974 106359523 943607393 623803673 640861148 105711077 789472919 92441034 146522784 1033018410 970427509
100
1029354133 459011609 249263188 429932805 449352175 580077132 949938655 705465700 72030065 43006995 351135382 1072226408 995340535 926901743 1054603340 899721759 764400110 551773207 150665130 920146825 1044681175 517597942 440536746 292546843 185572040 1007588778 358551324 859870525 359098346 654674055 795613476 52357836 192205820 44557202 4428218 183238552 606074830 406586631 602695976 398415591 594172103 372480980 970502544 208903153 628123488 314149403 737183076 572533857 1068256679 1009358772 748895724 961114842 559156669 1021047976 142145988 768741744 485290072 451840951 1021211482 385276971 778978114 133571795 52766580 1004512136 579692504 666982307 603048873 210685687 1024274827 278351361 882054371 507103070 489329763 714888828 351981027 22294932 679519095 524699351 575880637 114817255 905830262 1024110216 392879703 831793559 197448993 246470970 24142575 529308504 68291534 686924107 79236754 783576020 377570279 474944079 713775782 1066223911 340526441 206429067 371715425 1064668257
