30
100
1043151851 550944387 38115846 863309447 846928231 1063509035 697251628 635183692 1057160716 340255163 75915160 434791964 539844035 483226896 51366052 942656406 184587385 194219438 760613871 38898750 411853471 981501241 253783004 760070654 530086315 886487037 411936786 174690208 1005066389 101496167 379904509 327932245 447002715 743112842 40800587 101092657 63031421 129065116 159877233 353401772 7043969 566608246 526387492 594657314 785556336 850306070 446228704 572832084 199728727 471539488 506512741 669880806 1003901640 737832793 309545268 338319583 576011350 459610155 1037860886 358459947 739870748 676959269 576863126 976611100 50479415 456037752 534087554 169017061 114068807 48027258 5123693 5031710 207812850 897743399 1070747184 733733955 370791521 750910619 346815589 575095349 795516866 668906393 975108843 779623607 385910724 397991687 57703525 458659826 707260958 990595440 158529722 152103153 351476232 999061633 419959190 53415462 581287103 248868236 625641192 659888099
100
405796360 609368930 165019874 990866592 179211278 700729597 731453118 504983255 355452638 111224178 51638903 941203192 875518808 839046849 274399474 431853525 528919684 45954990 847944567 313438529 746515466 236080191 990556209 753364119 651610810 334276160 158268082 232739124 362658054 1028774335 284544108 459297017 453425027 369033616 115828025 706153674 546617196 375477193 525851603 741355793 188910367 123520583 739087965 244638267 92825245 93504296 663638744 865614138 123793422 773516623 882163631 36163585 649060411 182449380 544252972 282156555 615265043 689077201 85170432 204432597 523233318 543427142 1036800191 412019808 118444845 905712437 1072853089 383799216 1054473344 844695766 251983811 625285455 262607262 898597157 838679076 734851018 869229993 295266911 98068136 104043059 297206247 916934537 127508696 598860957 587744834 161852649 910600480 104074404 788699593 292050059 1000412496 579247586 817802029 53338813 547232028 55367291 1015693637 460145299 819912348 953281426
100
471810660 380333773 268920273 279732891 1039546442 657598989 54693350 1049897147 506836646 219009187 394979584 464157262 924602523 1028922165 562808150 28081760 1024552590 699327311 1031460512 730998558 252261036 809622499 495313564 424079962 80768356 543087044 848919946 1015691787 171090409 155888681 462608049 911807691 573315761 781485361 925799640 914605655 563744248 734130777 759612109 558940179 756732478 122774791 70372322 961491331 168829637 861227779 525633643 767240403 519402516 2733816 339302977 404046672 326916214 335976696 465459522 634383853 488699004 275810037 86806478 624178623 690520951 751441225 961169228 786442369 20704255 864534319 196764835 796968209 1007707247 1036541767 289068225 665418737 131082086 1062483990 831785240 300629959 540358727 860130436 877364252 26027485 243808186 1070975068 392918470 914921122 636831785 908474575 401696788 363531815 183042628 685987057 867564422 771714210 946305405 858232379 350204835 920704750 579817613 789242119 120771442 1012475658
100
161971479 265308673 28109974 233922654 412458511 3518178 1010236761 379208546 320830454 630214313 720737725 782529472 397409209 95766383 963316049 160678915 876472232 860927314 246678342 36069628 1052096503 589164275 603281139 126113340 681831231 339399158 1065574482 439034523 530706170 233316229 1013249152 772234420 977770506 759752910 403956288 57567078 665004850 1039338368 446497401 216675924 360314267 543342162 260167860 67707494 131298641 295906685 805159839 597937734 714150340 1069426492 294698380 441129700 1007969352 918870099 636595442 735063027 238424213 444831878 466240747 622361705 17771847 288540445 970880437 967836419 156712031 1001830246 545353009 516646591 173585344 406891827 930752359 1001145183 163452339 878897496 817467136 328826349 163158371 602523182 847523275 568174897 608789346 168551443 770796856 1014856253 412765731 583230952 551708384 915950818 432751229 576863633 80889083 665106488 345186350 833849465 908210920 821768986 260781654 87817227 834854313 392218791
100
241918522 559776868 176413891 745289852 231810554 274634979 10289300 947522608 497414084 243527701 547739397 196528322 607932950 919634571 299370822 294693319 1042974193 201833723 728124233 914816312 406796121 504520897 732000327 690785264 563306969 904852569 301698874 350130735 910900476 403686374 865810272 36849690 601372885 122188207 644920510 123402808 802032248 346887836 721380507 957002230 446482558 855962301 290265600 445607461 801249158 917679555 833196607 573500279 356738734 624174981 910162281 84081925 881015838 966514813 514096854 601388236 113480061 228966985 449837473 550673451 132595834 692711466 389782826 466959462 306478916 351176584 403619218 301414182 781872402 748382316 227583042 578793207 863743645 483483140 542143588 170901449 666901153 602332962 263528296 1004193648 1003452000 755785406 568813953 462372388 366428702 475671664 273153574 131211010 490575270 764011766 266572945 179232904 702745795 423457460 295117891 43908381 1007010760 250977839 433465726 293866375
100
874131089 474282442 642475890 1589344 45455913 463022192 64645616 726237609 348538600 712112898 1047015924 524837702 591878884 236645841 108133590 459571099 39001304 812271733 1054019282 423832723 771810466 36553290 163654536 757196825 232823748 735524589 783261310 508155040 792055269 777743042 962253721 113657244 408176973 578084721 947814312 430988295 29380460 415021157 284711129 128037597 871650643 961261388 811163458 421534624 49173561 634722458 136820057 1058302676 585542135 225310725 559089788 161371268 466782605 359802122 94210411 769087675 865336219 926515047 855340233 56016908 16346856 915354527 187378590 713598987 1005508831 555552633 940039127 489299922 159540749 456976001 190363845 41702525 882817701 451020422 924763034 16829870 1050460924 361544730 430121967 802208266 890180621 309978902 1053298753 971066297 73980917 109092627 643712623 1036461290 291660408 458221553 360780862 885707853 1027414395 134116948 926609365 878731671 457784711 756974626 385130561 760474113
100
986166534 225506802 607997130 113075997 55118576 257364796 1057810352 1019240301 24439443 713901272 734225275 866179928 96022502 635857504 346460275 34612252 829772452 618917590 243618532 490791067 608213708 663638301 769433505 653239771 51537185 1017527423 938444926 817698694 226391978 45101349 891574485 393975915 158819891 580697250 37274114 189958907 709428939 84886121 505354215 332997068 1002239556 562386002 446078313 562741274 110832823 752917273 97575153 137816641 402170365 454381279 464922859 273598020 285606454 503267239 228257866 657599561 693137990 161443290 930640642 417220379 430335059 205796036 704268941 664781991 974289993 928905492 150149735 145397375 966689878 738362720 503991442 112804442 986739054 476106399 666164755 236307090 202602440 967272109 483081075 799930020 662646623 337605322 357444926 991273908 565102706 696136731 153932935 697828614 865751044 464461864 505263971 918219910 396624988 278432092 232578409 752186177 105625990 161273737 107019321 513554922
100
400183393 98153458 12925270 261566032 812347390 478731193 421864192 584706905 170512731 784916025 48779654 1065999624 481666776 164767262 432621866 631101373 247710394 504470169 946260049 678293658 536096680 975317983 404449287 443109894 548624687 834367402 184077434 352460844 417842239 874991030 986211707 125922685 342775725 907066437 305381120 464863018 715601071 985500828 930505124 732602794 1016405859 956647300 171655974 937807162 324106056 278337993 679986918 164256344 1054261186 73453758 416697963 841320008 325302426 925427384 432167391 537692047 704185980 934125455 31996049 545321594 380857208 31143200 215632242 864890264 503615362 988484557 743295897 130741820 269244658 377366267 920731327 428209404 395629829 50607506 404640708 653025845 947040346 872566401 932801832 654293636 793526133 554321208 659599250 892830542 587798335 410336813 195863117 805838649 510408068 355683160 432299974 482325169 379238772 524425398 986142223 1063983204 428944418 513583305 497981279 968156614
100
817242390 43498128 804290446 311604865 13739686 359353248 667106871 1054826062 466176645 1068551216 270377600 847746578 940967495 867320840 645306860 205907926 858441854 357654929 964350787 485345925 359960901 254814809 497165071 1050598001 110206648 353319827 73201696 217489868 999401849 243505812 181133321 159576368 290533677 661001559 20126624 502712344 893507837 228471546 547111810 467914084 926012438 908768319 542637196 268064729 518283817 495559692 559004771 1024591519 680352747 434239467 828874221 427616705 461492118 1066451083 1027098070 929512113 112176487 184281661 588830477 390440129 246318110 1020038520 1042609988 26484138 561728897 401788757 748348275 728190473 338774745 991253011 150312021 395479517 659681650 558773652 158790377 476338443 778954528 811050975 1041505522 876318682 541134517 478807452 821410168 91682679 613655692 357403291 33447237 478250610 225602305 518099533 839450473 687679808 160425719 949708873 919698871 760093367 98610256 821995721 481898821 906546324
100
324088106 802788080 486825976 693102811 747413616 571928534 303279591 897803115 1070557119 673525210 564584392 42612507 615475939 330342435 936876008 172682854 873476297 85781405 748792311 836779464 442409988 730594166 1011508105 617267268 542401353 773784994 758670486 955106269 1034199539 94609240 180226042 598287900 322214015 35578260 177757174 10633360 1019315473 870882707 690268845 722330954 68565998 877175129 110006952 848128861 573720576 365431854 360230738 82889572 621058901 413709084 971100541 1047514108 43765664 473208179 222873564 841760325 485357239 701980998 458274695 621759077 999947027 590612460 275252346 626248709 189042771 279470719 36948501 558874322 74625977 166782560 801235869 542030589 906214571 920545713 365135034 143622588 296549683 844101593 961700343 766941639 51966592 769832452 436365638 994573275 210503011 285857697 306317945 788123450 506518227 847291106 189468618 1056060969 527316073 927499583 270927444 943860337 736649445 379926515 964834967 439314912
100
1053357182 576990456 857699013 727826998 438483233 334287422 204836982 548678333 25206117 482022422 16119757 658349705 997734036 380247441 947909543 288126348 96930878 871243681 372318564 385353693 161291446 181512607 532921706 415960630 134443411 1033212360 121241506 296325749 1070646319 171273659 1059620857 36991003 182333995 68328189 3267297 858547408 879624681 935843701 784657869 303476957 385251089 1067936240 544261048 346376112 599963405 497408670 408885663 29659228 320585100 95632275 851976962 963687958 535519491 566559047 527521383 380930233 504063783 1058171670 998853079 292810051 783460724 38108097 326279008 400809558 313674153 916619756 357564817 835845304 510981706 174600350 90386432 572370899 535969565 283789251 361831368 621073973 453507501 824757421 429724675 472253969 485209546 1038471823 837616213 861560253 195445255 310104833 787003233 197714994 46874683 905352831 524699473 81099151 48155137 875605226 869627474 214783895 890971448 318207493 597439765 1030955566
100
125286905 55979344 718047199 26800073 376754641 329866811 886272601 230293686 403464191 564250900 518833901 9371449 772315349 893791643 709277458 1053086212 436411149 844617366 847290594 1051858703 114972738 1066366542 373194650 523585558 121343349 15274769 126479390 428011286 21187464 835781550 975351154 366340820 1031180230 876870652 136370498 926139222 362179673 976496979 260736091 112660071 235946195 113598224 1035928367 51504151 990675622 624055062 937015894 1027236665 811472300 460122696 292454152 393430500 567555231 248222992 222398371 807568883 129034658 156613595 903670827 1042813317 289806006 243350427 908441285 682004349 771427910 913502788 1012040763 812659715 993835932 387210063 468038779 361342209 874142569 445660217 361573144 1064627878 361808961 50880773 638164935 322340839 147210012 60188854 1065320164 239494905 179892183 115974614 450058731 836707800 924962225 873723635 552855550 106772164 311307214 39316252 104044134 44050623 770822584 889824872 336832778 799013904
100
685052527 136506105 883459778 7789569 872089295 550629095 351070502 841142758 995591592 727637927 191173196 300635039 105056288 674947254 505894030 559648297 195091169 629866160 917506566 480609762 715950742 27701208 147409171 750264081 39346289 565568661 369404120 98416220 575598248 181446639 670635453 627394895 552185075 910315542 800503276 790114012 967746832 735198940 354606549 25059286 942092096 657732150 623776938 909332340 455196359 268575934 974530788 701322197 212909679 367115828 757486780 354000502 58227974 347558904 497513139 934200509 572402139 1057520018 485638666 303552626 837411141 787489067 466991947 874123328 636340508 675695633 163804350 836173881 742669630 148720439 846468853 684548687 859245580 502697906 183886145 469397212 811713258 407964477 190266938 345883931 673254082 577970358 643786810 593617836 736171137 789718175 755441122 334180628 102569369 800681374 799237781 588223547 320984190 101905661 989095672 238591212 367346985 745768746 596264313 548551768
100
76317752 775036612 971509139 138349132 895823965 140315215 634596886 83004105 66950258 800272079 119187003 209829401 473755254 474277569 11035076 312465226 302887435 1024193763 45398101 367079915 1019812087 447662263 495617525 723410579 827605925 12047111 42324881 142360410 160491938 565373531 705630073 430650462 436443680 115523461 731174369 120543296 819039350 8413718 851855714 46386340 997720221 934728934 596638582 455808693 987705269 936161936 748512511 301894558 1068158078 3006963 1046539968 776916242 48894943 893868722 451185122 254236100 294219107 308738485 954521713 289871344 724016055 319907238 49866205 866131921 657489198 645923701 298348410 108028968 761224253 607714005 512933120 419790524 285921279 619924156 294127883 176001748 685518001 389606887 1035434396 437729215 248808503 595136339 311666838 333608268 247543446 930893509 156220482 1055182930 729944696 493688131 446107595 33711914 230884779 384170393 392260547 222174768 554392994 280507606 367382173 891477061
100
677127884 32359728 375904080 85639894 675146387 101405498 136442040 265842092 341310214 829647835 454304235 1067460982 483256132 880736790 619772123 958765402 276371249 202668371 513746044 206050083 899260402 981212640 752030024 724619197 52242549 979406187 42964411 131509180 288218599 788408202 761245398 151615446 1006336059 851631667 56315040 174512484 535842474 199269956 457780896 618314470 180649005 1016350716 795856997 260918396 958469125 455292800 199714302 56661101 1019569716 466705751 830400642 761237412 861950977 1028777710 646328970 650175022 177190008 376731414 118434994 459216829 699910376 437317249 108530203 29914152 1050984803 74695752 1011913964 172512233 371740993 197979752 116165324 881597597 505762717 459496000 104139114 231062920 716931030 395244820 831195894 862830606 478490128 649806989 332198565 419883067 303639473 32804663 147925296 965043516 591568868 499225858 803719509 255562212 10551321 306960322 657808469 661538088 916591747 135820207 200844917 686994083
100
349407206 739083133 796384019 7185301 569388773 222221116 794660058 393893112 757008147 792294913 809170046 163094788 819809078 892492067 242662697 239100224 161381114 881955707 512934185 749153528 978490225 1043632613 1057835633 250138043 155899790 404313027 536470295 121226203 213854377 92583801 162772436 922082032 611708670 737531634 910917255 941411925 206606893 460878874 596839090 655293866 700350908 19428705 501762555 779891024 878235024 318272062 639757997 62287600 539512440 336416682 1061133876 366665205 1045978786 692120737 582988196 243448845 525869604 362667685 347899443 653156779 531390324 518405690 322133435 14440072 787736560 175604587 639029049 645821982 249598040 454914628 672057169 289350700 1042725199 950409045 973609159 457740597 27617245 843633718 905288967 201330432 71888367 489847805 526705822 65500441 342500054 684228553 46692286 680957263 464268228 578104123 781821630 364822580 211473490 185528568 867429016 74078624 663451389 271370024 613143914 233471279
100
871994362 488870645 740602558 371147276 777562654 937359649 489861874 533788252 443372873 899229815 478559153 265649569 332887733 161332389 939717798 801459275 1060581790 744983806 599811009 615360686 432646086 306642167 325448117 503022467 338740721 626121900 206765689 146333796 750264426 742316376 402982344 685690451 900259709 437157344 980276128 817754163 880720891 480494409 338413767 750753102 252709817 581841214 618016577 536961485 200990224 998739595 902799067 1015908163 65611871 635904420 307261860 942771491 25035396 478970143 362498158 490056005 905835367 843314229 76390226 477538405 419712368 417751878 469660201 346318500 30907148 20371538 966586643 950458373 154082091 465538944 155272436 1030463729 175852997 621844378 752968690 1033780916 738431056 302121615 698086905 269271037 761973324 584820209 9128247 599461218 476916152 511994741 1045583520 317112794 938012569 958083445 949343851 75338561 964971642 865811313 617833618 566774487 914509031 342766217 810071382 474762689
100
856536581 81582522 1042658695 937013677 857111502 859673603 89913492 788573109 896467186 245546046 418587322 465092005 946063907 585741498 1018928555 1017793439 433796153 301657737 119703937 124022984 822269100 296451588 42247479 7560136 1058564634 931970884 298174253 406174542 154164423 1012665002 640607656 524499594 119263000 621050199 315928399 762711473 902839831 191150516 269005743 652840573 99791346 357233644 261561272 578807978 292060796 72924781 416477759 364959354 1024431019 767631979 28507258 304311602 771776024 353546333 8462983 269810075 66795394 427795582 1071540197 1011805314 484665163 559291213 354251768 1011734328 1063891705 865752589 926263945 654014482 759725751 1005915974 449893444 1054725866 129203665 157802306 641029945 324891036 584905531 880390289 101646172 250902666 531792395 1036862597 173561605 542710553 624135675 575915959 417763185 485811250 486747112 378369664 827980095 859514562 689414741 378163585 880086259 61897274 581532137 1016914460 521929590 1068844815
100
485560056 796851860 1030054715 253365454 947454081 959496573 136232634 536778913 904009061 53213508 360783886 1051146138 864282392 688461155 788066492 823551124 830168657 518434869 270997965 55709580 123983755 633767803 850915406 935829030 358635397 878773464 8073680 855604263 610717634 380720725 751767784 117586937 905933578 213653213 112218544 756107050 401218023 1062373058 755070532 781524717 744208169 936662070 786103110 946023575 1002822755 640807891 167158875 364716579 291130987 649169172 696768684 447474351 398240222 658005722 1249126 395848445 664016793 35319783 387337274 172118515 1039077697 582319974 932490206 578566427 480982460 240075105 517406857 457594147 726871478 973738826 183729787 456291934 186949661 752927859 183400563 154016066 892352166 183889557 646327351 85346024 633713222 229989965 570138384 1035404688 211685305 445254554 443189835 806902042 896908286 539664993 931289017 909824909 554227928 549362409 934424111 765834644 312709455 358474335 739905031 677945083
100
632099668 299040158 225627959 53418626 77086266 375408084 123860444 643581985 560873962 1029422735 589992740 634840096 48149536 229583672 171698287 177892188 261904893 619489084 369195197 338276082 1051078789 261628556 350492982 10721479 662242591 225701405 992776610 603717634 816553496 958552169 610913521 684363149 699888416 581851629 1010604469 828485783 854586827 214782377 531298979 874488596 887777809 619434403 173868822 439057979 249056974 1045920612 761617292 470834951 295065155 286780537 527899175 334011063 326233747 1028176627 816544556 17498959 652696135 470188519 238611847 90979349 81418442 927006191 213763910 958799380 151740142 436484520 570459674 215428252 902520678 185256498 289906649 399251904 305144650 732634035 262857470 455432918 474690198 628215252 805332775 929746171 925191338 150675522 944180630 239036813 847278283 14511918 481333682 237439663 144864929 62308302 1051535747 848314312 883570359 11492570 949663289 378810884 305218303 436437775 821658789 354326737
100
560340400 709402045 359644772 129722837 844010240 116107037 254448690 2007992 914596041 45896577 90232695 851233140 427116760 908682060 877610418 638749550 792186238 285553925 834396455 270104173 473021969 493217236 203965788 154770462 449778537 87622153 155847580 261606290 348871779 124568982 8077175 868374971 635763297 64023696 840229696 637434354 101412297 118559666 686130318 28845684 156938882 174762201 657842363 584489184 477473914 755002249 487430504 116871867 605135906 116227430 699005175 986822124 784650992 410649276 911787792 440741184 946470876 34820857 220802332 936633575 380316643 602519853 707046093 378278645 109399688 1045808273 704780948 1067569122 987177550 778512637 629458474 591101706 1011679551 742338415 1022987016 573753134 591122792 51951243 327421678 348920562 876413274 354403094 1043203168 547803485 815633579 528130170 921337636 912772699 1005731955 489066822 939481285 501267262 274896847 428478379 8824083 230018873 461195362 1037999616 653932193 700721124
100
651437886 184234822 701149627 377015104 437251972 734509213 404201631 546799074 90772628 621842564 238843987 535049063 201629268 404813216 336241920 1024055682 129179471 327837656 190489521 969028462 254928178 533106902 559921880 560039528 70367567 864106634 344605383 964384304 642068765 914114982 1010466360 380776845 706252469 641721890 633733830 704941766 513093975 604539833 143765874 321435689 1003656675 799361131 155336478 80332935 301393761 389545722 38096149 263698358 812195705 805944173 238358913 979138318 133609211 15013775 517509108 570957293 1020192345 581480304 29516256 65414707 393573928 239075 298848031 867023046 101654435 160315647 990639723 912198159 698973480 665872031 615761383 799000188 1029737144 805871842 191202196 277384956 1065596539 675582635 330638813 1056277894 656179514 748549153 598522892 1017899410 444116708 611151664 536422098 770098334 228198153 193303559 1069899971 1058842282 699245922 994565529 143021783 303067836 552393287 178636316 691622123 176110430
100
276818828 450292286 184364827 76055380 269829161 570202612 852727045 1001022436 460612340 202296215 905042226 197616849 69258294 139822992 943958330 691909930 106846714 198552498 771629243 643156896 936685710 82359216 582354389 700331786 645710598 30740898 827397551 1031864033 17459129 334042757 656695536 370447301 373554370 651848375 80853062 57298934 888806528 980162175 263596259 404522971 982606358 714939011 788236538 891169407 709901804 954308687 530519111 311292431 1004722732 388532949 587143301 277816413 734465862 196087528 734114293 357163872 1016227948 585776064 891721693 1064635826 71579671 183798649 555088135 1057730320 353746048 576967571 830367806 940572894 226120743 979815795 835967188 763230880 524403280 176238305 767666975 349139586 705594241 442585736 576833783 481545682 429011462 882012282 797626938 601702784 339868269 185427625 789010761 386245284 729096202 350884207 1070083976 797755128 706711924 313734151 56869345 374502746 328895750 354349329 74745154 11396684
100
405656338 1017672474 933549172 155710947 49439986 965973472 465837340 60954423 579033724 798467468 574353587 430957512 81414369 577942556 975278922 891223109 782298933 726067729 49851671 172850209 86970097 204296943 1072048885 82644498 742052975 832944577 1026469603 155455637 83742577 980784530 803377281 431934055 852523931 516425204 836332950 885174029 125720820 396418941 509561484 183874381 1070896233 938788934 1043677938 40612275 120406090 16278635 600295929 392945421 251206859 460886669 314342136 264261359 629796997 139311187 272202217 566331440 496988402 171712228 59270121 613427563 108575476 64184174 553045947 456039808 711744334 69132195 857103942 812441616 138995498 87645751 951999251 98062852 33563793 806719331 946924752 203529734 157205238 286116197 470144463 933932294 701670316 151830782 566019207 137276086 746697323 794908146 840512530 112597519 976440783 143617931 875158702 289995210 214843353 783280407 203273277 135330024 946685548 137465446 172523204 870169387
100
839723084 855174895 171781530 34565939 314480933 834819724 127527681 405306660 596969804 1025238795 873574510 442005527 506209186 695697925 200663478 361992419 606102030 758258098 824712686 717680454 659581431 553623921 1053090802 977480288 289241292 448040516 349062881 130896180 677175420 445572945 902345374 798524202 980194302 627107426 477872209 178919568 589087691 272574566 71899876 795499284 513837663 882142702 986411911 291753548 938977467 1035791281 900695597 561186862 184767206 59452168 335097357 904468888 45616231 794327666 640059937 811763401 872322253 998436369 350433706 223662054 907404328 930803756 37583018 127175030 562575245 482501035 227525736 5637350 788868501 729762462 915402736 711624967 129168094 931404471 943112336 230431371 952663689 149912010 410085981 373937291 612556474 902146132 365896876 136761604 986158364 606433266 278711961 540909909 1007027034 922395621 153133955 534402754 153741223 22032789 283639694 1060969204 196143415 1050919179 425276448 163010679
100
954000757 503016548 873820987 234825994 919199141 86417866 341250324 443552586 138667155 906862725 1073214010 660077515 123539927 257170443 1011571146 361267796 809093679 497210265 447481410 355912372 58179583 770426541 277002761 838760763 21267404 458258826 426071013 949468990 763733184 81545655 936408962 865236886 934568234 730124928 926795250 346575649 323938043 354574708 681092648 7869760 134292553 894597861 810786172 448520280 48703439 158756459 597702698 558666321 1015746923 155188065 546013650 478425370 427856544 159253862 50400762 735143715 96468754 857430238 385257607 1032720353 757263628 1015119727 776078920 292213837 497313277 668050564 249326955 1023530853 306620150 614828493 76746246 174224042 532705582 407538621 1063867023 816317089 1045686910 1000912395 237842532 384680786 913378790 843573298 855646277 171031756 134589446 975505904 97953493 251183007 1050475430 407457739 389049628 1069904224 112245294 844468103 193652999 968124712 47045678 427009201 911250919 818895894
100
660595992 289848558 636049864 783106945 847029582 196857269 538319078 523082276 169987371 318260921 1007571864 468043742 546995274 599010777 471020554 144825459 75677323 714283226 52613359 426250696 259477647 938001891 781171195 756968551 1011446847 289948673 290296936 236186622 724096326 966765476 746899314 995052512 913669522 518154016 557791451 398807938 522967511 981732142 1061165416 517519103 68996620 407224168 89702753 130385813 191093227 622343888 1070374165 333067302 567102837 504641610 831924564 497031608 941526380 902543133 1033830387 559260661 846358488 209025909 356316236 559676844 303790211 632642276 159793083 997871950 1052679549 486736093 1028570658 1041799537 932674456 938559288 501234277 248774993 572068588 467148465 952093423 1041159498 526148437 446891881 1024605740 895353695 235872496 12982627 930191117 150350775 584349858 211524872 524654983 377110810 222946449 1034695588 485582612 97368440 874647720 950243302 141044528 852250210 789040920 317963876 1073403869 17386895
100
929627669 527495712 486046041 68826637 993011925 264138369 941783357 84458182 689023972 535338383 541514335 375841595 1055068263 401352794 730701827 663405679 393286630 1052122359 371876885 65905834 23351500 478284544 403900322 234840054 300054251 456077329 732689245 642899107 401478645 106869836 948693019 202280899 868674564 359462614 398024535 803738031 1003282963 429386328 822311855 653902464 111636610 585400702 56133989 658996886 682865046 781527931 71044830 1003447061 821753846 977494148 616459558 710910563 942929711 653147728 882380907 430074028 579894322 797979807 239743102 571592798 190428625 386777520 828842325 415622829 798821701 428818120 845427596 256819216 325815979 496483506 831988959 940350658 191750530 426438714 490807473 448273730 181326126 563359409 482955400 151815891 331244920 497056364 629734542 264640509 789547789 811441989 600521746 879127818 498224122 959471384 350369285 745600138 218929206 877899335 695464318 521237455 896769561 672333879 157333046 777952114
100
1028760529 484769037 967486412 24431396 435236866 282652803 110373246 106529649 334037051 640646463 46703081 978761901 471908593 1058468492 481001399 126464164 274730014 106771159 89321296 678613638 1004869054 1073312818 177001318 898297702 779380819 199069908 467519850 403249854 972271970 644933527 967589396 22745833 383884788 1012321401 34181599 890386856 675071766 962758939 181095818 692526238 397127257 349891909 1021732504 1068862932 184011346 1064267616 826184657 538135606 70099739 25222394 593211839 174275603 368312017 178232134 716650290 239546273 904666644 761362329 261339580 848445302 523045002 82905070 1016103478 1050522384 657189211 200842083 40579385 86145359 530807734 1053473466 530674598 110702837 541886283 1021982937 31770399 1063436589 460942544 5493578 59920011 1010532865 820429437 724263612 1000388246 498791651 173211791 514759552 313928238 165809445 766459336 143613453 878204679 687474816 419101677 370644860 526942744 826660753 740099143 112767500 224242716 860362327
100
703108511 602850834 245339319 886315346 778975292 689894846 901541624 358203050 192921227 1037953574 753907272 634652802 911486044 934166549 1066903861 182993210 151692576 235140763 1013611572 1030387121 973683822 877458314 673296925 874103245 87381632 634755067 1007158444 115977463 849844403 486237384 875289858 711628444 951937547 727691023 658005027 572732077 296354732 755786933 540472182 283973152 1055461730 482140384 951815496 514216812 523559450 599576700 4015433 46802705 769796199 470755000 329101581 599962638 1019431678 533668230 639678604 587583593 1005929786 754802206 592903842 508486059 758650776 422247803 1069341072 646433121 850708540 213178588 68148089 758309276 55767915 25216581 496823014 828901746 822078479 225373436 67693379 95863163 394882102 351349260 324400479 545216596 1022219667 511345861 254222320 143992607 641991164 599307066 579131405 406576641 647799786 701083329 363055538 13754531 931084028 501176439 561010751 834253490 1021608052 805514682 1054910201 89420896
