30
100
823702295 648934860 932067627 93629836 202854816 863611386 391223200 43042392 794692802 980089746 972000856 804898742 54184964 354228387 1037472657 773369344 288654847 799614576 105351647 1061170179 896437985 460485615 453998251 1008305535 45561579 458652746 944867503 566376872 626768115 602585442 35352187 889486760 974878947 900875847 213777652 355763994 534024760 175460801 270804431 545040017 63157892 170156235 698498586 983708175 158424044 519135506 83334324 512573326 950418346 193497978 578574544 572338043 218177676 429069977 901107830 991168309 470287731 300792122 80404226 589470611 130974677 859634908 110287779 811567963 495686204 113860657 976795613 380832204 280531653 114117023 413955592 234977557 1016312226 77515202 224194510 136238299 924816280 543108584 418639025 953478327 167400578 790258323 504268931 830893750 379966924 528492027 489417195 960020951 85679352 144771722 306989287 420393105 482640413 291064158 1006257477 209576778 288583267 173237450 280530216 600386272
100
667720405 219009929 780770084 1228126 59058105 296294068 860910939 304798282 847665253 1045968583 279700156 790880199 94924028 332061750 588807924 627729889 1057114964 727428682 849982116 868654267 564986232 22665629 980606434 522697481 75831335 596436639 318460596 335461526 1003730258 317513748 675749784 398618816 17403553 214485396 725527039 142006519 989178863 1020618250 494868685 156358466 740424138 249450038 769494747 81210553 406825972 873682731 455554422 503695372 617443301 892094673 971511517 57697274 341929798 400352356 155371718 408647131 1061233271 861092595 975365849 289041431 389083914 213537762 726949172 841366701 396734021 972759912 608797413 388449197 1052886948 372625682 127534195 258765246 248015702 145575486 226795094 499763865 586178747 1008680097 368945018 572011403 364952812 700589250 152333249 139497975 308372787 140770428 196695677 461126098 763978126 90373504 103738618 64269350 234159920 712690641 414161138 145532303 1066255105 950004806 571622167 670858433
100
224627467 729267596 917229824 875251273 496603680 592117356 99780774 705563794 758845400 287189570 996876192 740727723 834596188 321810063 581977586 753087615 962786598 93891656 10473007 34934445 119482758 713618005 429714433 1015872263 272460576 166643732 762036903 951703059 768569196 109070291 612385650 951241357 561841973 353765721 198859847 995582947 40154395 447339614 97089056 258961591 67671057 880956174 120669067 351581537 243371487 357899402 304733993 972058219 208855457 829042534 538262064 60203795 678951494 722060332 377740010 529090508 822514962 264183768 864217908 208482493 1056913436 1044000347 388863744 607835200 140900561 1004137753 832289491 905239908 1040028271 405382506 629662279 665751148 801033355 1004205852 558274186 218886990 962998667 671527663 149486814 967173173 630330669 968787224 228902167 435935232 187362047 1027174335 937125920 148735680 638577892 992286081 979023478 712399934 289542549 837145582 514897579 291814002 369578781 466595340 1001182180 361171981
100
983697106 812145756 258516720 157940870 533736366 259018719 511213235 50742177 274771712 1055555152 997435167 845423370 846041756 332396067 464365236 839038705 697254476 395756259 354457892 101209560 649879116 954530733 107946454 143132440 929584588 556212659 21114468 596592987 250270066 170118843 413960477 196487459 477752789 937866142 8272772 187410242 1061242371 748480201 498188495 846753632 291491324 87851711 56428649 829546105 299269428 789681300 449857648 806836572 749848853 260725364 550281271 1012134701 1073213307 148689434 888965829 115237859 52826422 1063229273 873996629 917589707 642129035 615518871 945761748 265672963 350717875 385873741 659754342 125472768 142924635 337908360 651846370 613457928 1025510691 423520619 792238417 963205817 706718239 152938411 847459955 403574144 414634329 481025553 1031732538 541861923 274857548 839291132 151969868 732934968 423797611 135927516 782156933 686167723 56857752 366626488 355734387 759377980 959463853 896693929 940449240 543341054
100
218548829 453004844 723517658 102541749 937480597 468724505 6155018 578207389 874608295 337717757 727273118 912484440 38943996 658002283 209688570 115081218 896520083 824290218 319012950 1054927275 726130557 1061259572 246125629 829193944 105140831 614175545 714033679 501795074 184402163 64597530 1053124735 380767253 892290439 492612590 741670165 275783923 820353660 180408064 587735724 810590191 637765832 343940174 158914549 644602707 762685045 966557196 905061875 14592474 414147871 343651871 348100221 727908662 759918714 56565923 516225728 1047617675 401169610 505497190 1006141882 406129394 581084522 237191018 161029824 954012151 749796166 278127975 22757369 51654684 975168352 108713542 738579680 279540564 866362702 959530663 523871429 45332360 401574330 624075868 56423757 330952982 824535265 812583148 65372398 967460684 439912725 747207697 427474292 346685169 22924603 682362426 313160319 1057502397 501429070 568038154 489267202 299722717 17343194 334865367 383497414 421647472
100
146919980 454694117 21274124 203084666 96543303 368439375 1066256953 733648397 614802843 611215688 366283508 792408600 899214671 768936680 425154862 957622413 96849086 802852762 330653515 688868081 129887221 738064285 744797092 939702751 649505337 39317382 136176389 408695683 12374142 184321724 856771375 106410528 525112304 745354747 971818327 872110731 150431854 47527378 217850021 640858797 838968074 688530725 669936823 698570756 622980234 428539819 660507 1058311714 952927210 720856176 702138072 8699181 146034904 549006421 1050424550 155568222 913032759 635064459 151034033 482010242 659526813 222372124 670699930 546420348 287648980 533515106 632540790 9486785 706155100 369897614 938477581 995436250 1006173672 411634722 1046203292 681161189 771608541 115436151 446797140 48314645 323572438 321482552 759479000 530467630 805817890 877620197 428844483 171060746 838166596 259802706 840883744 660417814 209672562 1034563365 382919920 536491989 65596951 1072408667 473095848 320852060
100
169663427 193596848 956320212 455038837 150552961 709500133 824399612 170631302 768579213 1048328727 802351269 203107009 390996786 894107788 534076468 646724884 606163343 669987707 382663203 382816673 425628697 982075538 736412799 650692672 200645655 934396529 427464043 554199290 698474533 449469229 338070941 755414671 320238258 844758734 708039388 120328433 912140417 587044304 273587848 469084103 1034555180 448241574 959683602 143932651 872952732 866688306 930912127 649115372 918337682 477776719 837057513 339772301 657931554 470265160 597467646 462670404 383685427 755754845 999124607 990342844 321701376 1038215493 781992130 251978579 232091801 396290215 978366769 205114269 435184739 252816288 645078985 187789023 476225428 695247680 226398876 565836436 452957112 230741516 352314447 700421356 186432559 859806334 138166941 545734472 496075948 1012474240 951647442 1014204607 190676919 351654133 561947216 851251357 326036780 975728177 187789581 701028574 792957114 143071355 408491027 420023
100
230232978 846311936 578797326 633885445 553869861 161500035 696587517 438400709 903753818 975464933 354316371 669628324 853347912 870391165 237831698 420343287 376699516 831999035 73821426 65539301 442711160 648761374 479436765 691022058 366219055 193979838 633196657 865586773 359668619 439380675 926091649 638166985 1073595112 485780587 747413908 717714624 625686934 741770760 807501157 48254979 74608986 390631296 663626337 179914291 767546349 1063197644 557619500 631389252 600165756 469649273 353771548 665921020 107423526 969004842 633908668 39685241 568471937 94021139 323633995 227959976 858177302 534471808 981733179 72103375 302051040 61777484 290414514 816418820 954386129 147865962 154035468 292803251 290889294 648281184 644531287 927875867 56907950 688098503 612628949 903443154 91451326 945677772 873958270 166262333 292802112 805426866 967641979 55143193 861370983 1051588942 940567212 366006005 472322140 918548618 1008802595 850601397 70978749 77395682 860521127 810905617
100
992853226 285097266 337179155 218823797 126326726 183218035 114870685 563497418 639434672 1054107981 437507297 764999300 621764213 137025622 150792423 882552580 410791416 652528217 233527306 478138143 652175022 472629205 971360379 836525214 1021656609 215289467 960584381 884724156 155530606 214684595 361701415 430421931 444626886 836155160 307356005 435622159 429754608 795049207 926299384 95458433 641418181 138569941 935781809 143243021 160770227 377188326 769108282 986482356 257096763 78068630 153101965 640570603 339588468 393608196 734088314 501297434 70499461 290327170 682555430 678048543 301365550 221010967 1043852167 17208776 749416768 691061757 874910697 631873884 405354272 1015023139 976298091 1037919763 376399944 526760363 12413059 638600857 31128518 1071643501 186720886 303649423 284795068 402583667 669641185 150827274 1041296606 516036731 282891827 859790098 901061367 928870520 833184048 340026916 17373540 907044113 965631343 244850353 427944087 217617697 694303965 35173021
100
378168373 79783737 710290369 613137529 1050238225 710369429 581859945 158715631 1041916972 478052315 485511126 225753785 956938799 816837958 646891709 941249582 287231609 830349541 263186374 886327478 725082526 1007892763 648011790 639544655 950499299 124666146 24326053 503962891 281910212 282611587 1054968337 892184464 178712687 508306591 1050907337 40095638 289117254 617222441 282945467 652466541 555209569 634530986 56622023 999958900 943237642 75422716 46874946 768897699 85333823 670672848 1020994676 43873538 213204787 1044669224 275338778 157420592 317480397 395354589 518907364 1069125085 188909863 530546458 42511608 158038096 1008026640 803451871 48072814 688681185 149807243 308280703 575497169 382505600 204517966 310105122 72749988 743509037 59773252 642281796 1025703899 498274173 367864843 267396660 295214686 553520924 613460599 340394646 241483146 919031109 753213453 147573473 601726639 1069070924 991776393 139738850 599384211 740893460 292567128 327659576 350960109 471576473
100
1052305621 287704043 926986600 862497330 345530755 115315884 500285986 199721245 35899485 164456903 342045181 820282911 898619217 321856195 906282562 430474410 388397733 846023581 155961296 904071141 676546415 903280453 237003160 211229994 576209436 42478112 996691743 569239176 593818858 700650631 753457919 215547201 369743469 155589959 855256422 414098509 71434254 728284192 249948821 707381974 881669255 722019398 671818082 578281146 81016424 378846947 790727094 641625869 873557654 750089619 909513488 29531796 821551814 342740198 1027261185 513566282 286424070 565038817 339993518 580888543 152411445 246072701 1036812881 451219508 475859334 293848359 748436920 152881632 1053825793 486344511 304637125 76873646 296110338 710677657 864707820 597569309 952499896 565100542 610633912 221727454 62374311 352776364 408290886 640396634 174565415 175455442 885218760 135060266 724508642 1070355477 774899715 330438045 216073306 712456718 90207441 1009237301 617743713 887902410 703814048 439911466
100
579285832 558190578 872050917 745920783 299065343 297386971 654946438 180038530 210875221 1002648198 257636703 561747738 872591913 994359472 399588727 141419216 524264522 623309099 486239497 568303856 816611069 909779805 766314754 620479896 1053597563 297779646 5424518 148737340 738481520 1060452446 657620075 531215141 806436222 809110364 687779772 505935853 625175480 413877616 644340791 563542020 583099943 206452322 546675664 45371950 207679305 648315280 129079340 707993091 132030604 985889900 871255335 672838254 914248920 709418236 246651726 80198703 694051586 197572697 1020996198 529114201 101165146 977326384 237411299 873875156 939811614 9778756 291081586 223213788 461888772 350892266 799107951 17424256 74507700 24871819 490017647 233739812 607198540 694220837 5654200 427631871 409145050 287850187 723446980 433866654 454630117 878451744 667166146 739509087 623849957 978511840 574172437 884313591 304701126 232676184 761007059 774472685 1013522794 884387817 1024858951 891186972
100
79367561 840587119 953261365 130187069 1046563137 1059815806 841762362 236581234 619639728 51647067 703529733 891096180 643151750 767163681 593859519 154883687 97323018 704135581 912062057 198244707 92479381 287854291 5623126 148098550 1023364629 545600890 439162287 539440545 588224395 64137851 750071278 580961622 324772493 200399221 335096931 436715521 16185029 323880764 1042580914 848912636 411863919 625673302 407438163 64747160 234726879 958361469 679283217 634047643 848168953 868534303 705441932 379905725 972517047 803688673 498345399 887655210 100556967 1040171544 86501210 944086275 694307946 704695374 777210001 596690653 339932983 390228675 135841867 553743680 89471829 781518314 931379148 423928105 746657444 765879783 162050347 489581192 616761621 572683544 732847573 689210051 208323373 1043976841 129535240 538666801 202450055 1064842366 45062745 486566816 232753743 336894701 471737390 489329872 159175 103109121 513741381 437011190 1046565573 929154200 613805099 471837754
100
593239750 841711558 839395129 1029516430 828162128 180934604 1034044803 58335336 441024306 898269769 940359198 1044914407 172145178 426125085 619980801 456314947 820001514 922513020 749438106 193987147 641198394 189871980 1004247625 219470561 639126739 333717066 382934754 660618361 639688757 31675205 96580143 234129054 916599570 661831906 510109804 658154606 829414609 255951478 923051209 845703961 890126092 1005038255 1032782828 660883557 233183250 29776396 92149356 889209133 979887461 191112544 498150231 858144733 709432893 494914643 658336429 936358648 876940804 491995105 892108770 1055030163 17561305 817952985 880153696 1045244887 357131277 224763487 985537027 284988802 938263720 818412650 564258203 478455911 756917733 153176647 60692845 915841257 562415025 192397588 114778035 413042308 752547120 285573702 558888215 555874885 97700664 455462435 693371708 1002067277 485107413 172132937 338086709 163845969 380273091 695998501 1010475020 253601053 156701431 772111229 662548797 932140812
100
779014375 226862392 45537170 697820413 592974927 212075490 93311411 756997176 944125813 338522388 972287881 147352458 278169708 159233819 95168705 189460843 700213277 344105270 1005412638 861497476 829247682 265791004 492459765 868170294 992947307 264004211 65331632 791929105 1049164668 309322586 958955595 487611229 736480045 867877088 790116314 55602580 867302409 749865098 874103297 361346277 275437679 1073543121 82316154 331516339 26901268 841451169 265749139 928166420 721028479 348897756 374519213 389538899 942941836 983299541 447988158 814225775 989982954 563587286 834867408 720088986 916193693 1073046938 545712256 71916730 817493628 663442899 674449536 168685803 765080756 583052453 56072469 700049658 835452739 89252137 547596697 765382892 28695934 712095979 417201914 771126901 470962571 17900141 921006649 431876994 433905384 374857634 702029549 1040079024 862544098 93847667 582590909 493723602 664776991 340143422 808625897 1032900206 664116757 130072914 608422082 164257857
100
837793140 822459950 268325303 524109616 151476828 852547877 632685171 198865640 502784825 258331958 938338253 888551297 743686185 720500227 586616655 785550613 230082754 889746880 857108791 325564308 301479564 954942392 432804601 334130498 481390469 767365832 921434554 494947639 803446939 1014413282 267578582 178038238 986064949 314169484 859899994 264211318 453497003 584771934 270802826 798047892 1041029833 582777992 1071378269 127132319 921950288 878043209 386015484 870679635 762009205 603917689 436214855 499937343 10639457 299623936 444377679 101177671 417178031 755024732 384526301 18796322 695980272 539645216 816318442 690455772 343034410 824364911 809985573 1036052310 931983701 489580933 453536112 137921473 721073373 773401647 261011043 521584167 535881763 482349133 995176904 294344674 493841916 388984151 1030116125 410273315 275755824 699447253 915949333 670619756 67664124 459378662 434823703 569585430 491810705 137240506 201155262 916586956 638165138 591972888 49415255 912045582
100
377039065 600138086 876856751 490915508 601643883 222275105 522679640 371829985 149988686 468292339 589224707 440677526 587619482 900681467 998847616 644404283 1047537784 387648138 443780595 507964077 185372580 793866665 798799956 78109116 704829170 322563728 647073774 1070133422 701312966 863812656 681284320 639116986 250230426 205572267 209438623 249406862 953139580 953378774 590082930 161227722 200867469 816043454 1042292981 775032707 187294339 909936928 549615255 788891841 859957032 740578799 203644187 902114305 1043864024 382820305 957871643 445099187 723155463 236444835 574677632 877936573 170567609 62826225 884168971 425580022 359784968 270770302 457084112 612050604 258364834 689562818 495412149 1017481759 981187401 40618855 963935480 713597955 1035552337 447396556 849643430 1064099330 867099429 574016130 283699493 805745208 845399490 1034434001 738112427 217367989 337135673 537173556 805301444 838259455 703928626 476716505 994517968 472343693 184662628 437922338 331307138 381837133
100
151930406 920269154 356670750 1038924481 276858160 883327564 551475031 244125508 873585983 465642223 917840190 383863727 393759109 958010703 321270418 731409056 467582185 331873348 775111170 68206793 224453765 442753529 467873716 706325359 978106920 749162093 452640703 634162925 420734676 155626997 462529713 857154863 353826113 759302072 776886793 668015672 901010521 522585138 475188926 846660764 373631418 905397170 522444726 48533510 284292151 683803867 253076048 1067982772 294190679 419961639 637959899 600417014 12624084 394736991 594746140 35571122 462378270 403797028 908924108 881225443 360945622 645025898 255757336 782602005 407214931 865718775 683965983 83836651 229427744 1065883113 449441656 981609882 622008700 968041773 258860713 266690411 802171864 786504457 115226289 560872508 67519325 11574162 586226047 419032576 271254628 810129975 560437880 459542330 754321403 988835892 52613365 564439430 111099495 611664672 500558530 524256273 697770396 280607584 1023346337 819905052
100
986122929 103866053 254988669 562390469 758006434 200754007 728869149 648188329 481098519 434136309 739202939 994121018 726681800 192212782 965337383 39485554 663749567 791212807 744648520 924855296 270294494 227516793 916311575 664804295 39307607 744216048 342244194 691253597 1052192562 200765645 682132746 673328781 461534666 767263205 734427013 924911573 330258256 672350977 1001954396 781977321 483428423 756277852 775506094 1055866158 340995590 793976104 1054014380 335332928 562341177 436745 334236955 197679724 521836640 414610328 522824661 218280246 1010263631 34317025 247737416 1034859477 170186925 814119397 514238197 894074802 423570037 1059388953 427026162 153499885 483024503 658797286 46835817 1020439768 179037656 877110311 895690519 869385337 289576589 952893614 954203341 1022543628 181858789 980911294 879513587 855927935 190692092 547976338 746672640 969326581 42392905 832038613 728567299 289854020 827499281 279191336 225740573 353254519 531053553 1072674976 715859717 1070625356
100
511483974 31030402 931128502 160724746 996269973 420301300 955577436 285543838 501167870 28107724 898675736 1073454337 291080295 254271248 411401082 595960049 462033320 413077464 883902787 827208067 40531725 253614035 254146026 59619742 782736855 188662979 368260634 365559166 111498939 911572732 362179890 237007154 358406241 477628393 725635012 471129885 799017446 100747400 82859542 454975096 294362458 812052457 1004404388 879532495 489814595 528261554 953671836 815752576 986249241 159282334 495095392 124429887 434399432 293388537 547440648 6326165 981955377 486752038 651328989 626786908 873905576 320173593 610935519 474329925 662005879 1004173790 5492544 992805202 685168730 160561680 52867815 250582108 890196226 212639842 416634862 434707342 896360338 908181274 245576997 90530792 744887589 341594001 38408333 500088509 614338886 676937908 712585693 919779381 588864629 164697478 1008231679 32972236 748425897 310825884 855166100 928601297 629530057 840319391 803046508 764543208
100
484144590 822481936 586611336 153595700 30258297 631550264 129340798 161447317 342335111 1072321109 226441064 472946188 16166897 882020616 516046395 1067910599 317460036 169434281 615069374 659707622 772319011 889486529 811229965 290765565 1014931139 32170896 825331990 918357398 492965486 958648456 518930719 368408237 805507841 994558671 605035582 525423922 302721901 283982785 568048352 985880970 125298489 189485420 482458435 889645071 214754558 514593043 1025648635 566631307 85401834 316191148 363212401 663134145 245076798 15308386 229254495 963075044 172695248 421798163 594666325 972614942 190173066 382751954 924935479 565899531 897018089 456149094 884196541 185081915 165102718 604203210 6979314 880490675 60129393 893356971 1047464630 571914348 778010105 417976813 731955004 79259603 312848357 188308007 46729868 917091400 743225622 74302242 380631042 725736095 569629442 352550493 516622029 654762402 472560691 875557516 830492785 884237452 758140614 869232149 204996422 319237519
100
137292177 381031670 105947216 1063031149 895195729 74875139 270333030 410012193 1055020247 335906622 242630622 445395573 707313496 831419985 730747322 384841707 1053447233 790277687 366566509 293182106 866333871 440071870 803434592 637217706 577948405 873801228 107660913 804183001 792739098 907024151 579394159 140155385 199929688 446165036 1022645663 251822447 596596383 380942697 782616890 1027758262 78600975 242041666 979974380 841506778 339708545 321936639 841381207 11235070 789306111 683563837 166348430 169239766 572046664 575467113 570058394 402842925 233586509 652167496 813583353 981296993 468254391 286037874 981910554 674010338 673508190 732873682 998137314 1066792886 627431891 36933416 827106346 299497720 204334551 411694727 45492286 276901716 419538146 602270167 482565215 288685453 961685661 181686868 859323970 461209848 162845032 140077325 124178832 501141502 861073621 185818470 937847396 955222174 163265579 245058454 586794960 138587880 92212964 983466794 346947160 842980227
100
141172096 284963444 289192488 977155694 216196173 158868243 965138468 807286713 170100760 894796819 957661914 202395226 423306940 298723530 790328895 490957391 298197482 137559680 46996316 352370892 307971492 372365042 300029648 661896886 839335619 471466705 684025676 26069800 810574195 606714945 931025941 229628402 779927474 221143386 1068592005 201575957 437555156 33652395 693293449 917482568 903537410 246196658 82042404 88907126 464956342 859712357 55970795 642498878 658904128 194542252 351090312 808636530 907420996 46565092 834349368 534417304 263765050 262066781 126778700 874058092 355652077 666852573 711903403 444713308 209522941 757882396 771759183 740650507 974175325 438030406 1063768772 746302414 1069213141 364366460 814526124 400598834 623899777 736209747 650922301 307253108 68778832 423629651 142594241 843677959 244866949 1008840569 367662869 922941458 209014586 33477557 325644330 878449391 947488728 413394285 201580680 573793454 480898209 21927416 1018305478 135075728
100
591916324 703714067 825433996 141540305 583345073 982176688 817446093 452285533 270093780 865498484 970289 625857112 981587381 455530823 772305868 711694248 286770673 405239719 663454051 480232195 61858840 525401894 507855090 392001141 78879536 508199657 890766630 179269086 607958576 525465899 623381476 509207922 1006496390 285608376 28455104 400740407 180499090 925576306 471232391 1006263946 764213289 176560080 213923510 956159130 463802130 925204314 282495488 630108396 705986444 968172078 1071510731 58204885 577183943 364128638 397823155 73191683 665977702 1068029712 10372102 48689141 1009626115 531334076 908512327 7645310 955063723 31649266 893405356 1014681158 813413470 600561714 717983904 672654921 74174352 241563537 559465025 227638614 757091499 379597370 402515171 11914897 307941771 782118379 1064262539 308001265 442033920 733032052 365176692 242944706 76145488 102646844 1016068750 26676773 1009231026 554420924 809310714 527792523 238820307 439367425 986714255 710648126
100
974927406 394211672 659291865 11286859 523901944 1070066196 16648138 81353663 651993384 99345845 948589527 21295405 687272477 872414945 671421334 125359109 341314887 569836148 679532275 1049444396 444821933 408044028 573809582 624954747 595664232 543290940 716725210 952678975 859757606 373256617 447116384 758334903 56419752 736830192 821689210 860609178 360696900 272131950 805695288 1063602574 729922403 393293238 485155838 595874738 605881860 383477775 801897220 381273365 870974775 529157876 272378069 850747196 332023459 673543058 782093264 131830688 119212802 9413197 678335146 661130798 222893215 496473403 716813034 711397317 731891167 639399591 858419052 193960123 1030590389 777008016 628682463 558392153 567783467 956407335 673931847 610381402 804733152 706240597 551910267 927848304 320443781 279756338 901788584 283297215 306047583 308619407 778297804 82715744 254436040 218341229 752787772 606498016 984766382 911008900 997263390 339919294 352843283 498302397 432745968 272865520
100
913344440 158597631 943076959 604499649 1005869127 374665713 922547814 1010153970 366538993 1034149948 199649367 306871664 465584496 581266092 891107574 448971808 1019755059 906068193 255519996 629224445 427732701 295979726 1032285077 189226131 310315204 275078972 363813090 722064772 690211187 368003653 419119224 960081159 318102824 279012313 1011978208 207431268 197377367 1013315132 529359125 596756601 92955429 313963654 468981001 483507256 278530541 558465313 13876767 840334118 966836671 908035151 747920050 498257374 646238684 753963682 801496973 931011212 775482171 791470978 250942066 900399987 49556232 621746091 122762388 1029920103 158854431 729321388 829193500 411256404 592277141 529666664 1017209767 923665333 86327344 912966553 82229958 473272605 767723754 604990024 874289788 940570290 891033714 181667670 924588740 945012652 916277674 147438583 236183049 196462811 212907306 1050345522 654011308 750935839 788444092 407382370 2579074 172731885 134852830 897466552 138955603 214400465
100
209856950 274641756 154551014 510480722 132782261 728594126 728595296 632647589 748640608 116740941 48193026 579000204 182609207 511908465 641325224 596809608 441141773 735755336 326557375 898093008 637558923 478749138 188221384 531674319 463295147 619108228 663191001 846815651 612659773 1070958534 391658523 561412768 781475685 163726709 962567501 909221835 779878171 750167649 170015295 606187360 858177961 42118608 978196568 695785549 385562929 692684538 196880401 867335348 954597413 100339594 78844792 839574637 745205709 394539555 574971054 457883521 1026991813 213913817 870632553 797997232 938106747 108265396 864366707 704731116 656152245 232804145 1055418921 697070812 415564298 263186112 267242748 321485146 228087396 441495367 855559412 322778101 687627908 905891229 66256168 789445232 362799486 739028240 721772103 175234113 400939320 976345568 750058770 555787539 882997488 1038789569 548069599 911454020 668763059 456310877 218057240 681412200 614593255 19154384 880296122 723737028
100
910562602 530281175 547503828 384568016 93494513 162358036 938099653 590409841 1015126940 603449131 884560379 844378456 698264089 317847146 52420749 213485581 846632519 572704819 249132740 705715308 652578173 752501370 457375392 345283108 789583618 588822602 64546643 975427385 277929618 591394880 543627203 325110403 245714655 443001614 55881996 375329325 409140238 1047462394 733323516 529615414 255843894 1042658652 269223062 418607859 796351461 891704099 434330256 749447051 186000538 171695441 95389140 1033577594 397859660 543996027 496607234 899259919 104435937 738519626 824482797 911533805 989859512 238659580 1054062618 521070222 75034912 322974947 3981636 649322427 486773214 267522277 741352666 1057163029 477545131 626554618 232838015 314796432 1020549044 565783474 53867402 910107378 1022591513 268344236 263218052 243197017 992737902 127224352 881724588 150981298 424409916 941133654 706020726 987596098 442698625 1030268717 691045383 598395937 841718060 33820565 801743035 494020282
100
381564693 226879648 949551693 796046908 808287046 299220984 530520174 145388230 728397653 662475963 603202947 5303298 351969925 83681554 39710537 270110755 771767979 479329757 44604239 915628883 352949936 564249903 328947065 755124781 152669459 214959308 694896254 304555075 918780516 52281522 841407083 184596121 544496586 666781069 684939039 835675688 1011044734 730598209 758563533 719700572 316894542 541550436 193469052 504356759 76599579 822677440 209705098 580616620 437460315 613575894 998427429 592123492 825175960 962968662 232864465 515735548 622997742 1053819817 996434149 806662053 218100881 156160615 631516685 988090371 185509445 66835681 551510217 750239663 830064868 736638616 240118765 95001525 838239452 898749635 1026927903 15800854 657671854 937181390 890336093 89453639 137145712 993497813 550131060 1021157809 1052887372 920587309 263673994 306946607 740403711 425298396 650602132 438081683 518798683 883279644 692163808 472462625 539000261 163344348 903330445 170258449
100
978453311 839210766 781227025 652178751 453150234 586467500 114596034 900031103 995165562 543478529 179326263 635762219 1009051932 591951229 438620793 387650318 950998516 790303204 712697349 717246341 417390759 975364813 304512075 950817794 534695952 102482469 43199281 806783370 739848127 268713898 371418255 1032722488 703885941 453445489 401375409 1065563576 757818537 532322401 301570264 742114252 5582598 372329142 1042231737 223166155 1027156203 647210622 749319676 502660125 735738601 155126303 326156478 720353472 962957641 77766863 1058617359 194344902 325672580 72657179 261109621 762753237 386297288 974785377 576104 884068005 251512186 383402069 973502164 615513478 784964014 783910784 440309658 505170391 338284209 148073916 492472078 3149456 466504576 810525625 568629626 615429049 17374286 432743548 199878554 1059765488 330458370 357542875 505080095 560867304 178791350 307461378 192208684 136321764 479445817 813398256 465440476 469885760 333413774 890864891 1012845498 89998313
