30
100
604252739 746925334 752277585 397692050 632523225 663713737 85194772 524642915 532224889 546182506 794344727 101263696 642267718 225229878 949837438 604082283 392722310 331267890 523831248 1009699784 307280675 1013211812 654213498 182798592 634778668 30818456 404056396 958063537 248469842 29932892 764541690 377299451 429013355 1058638852 386754716 610435332 1005018099 221856487 381731630 736678261 119271814 847446047 870609681 299017212 605033575 187964941 794181768 452314568 627366141 989198292 650636348 474795280 506195536 120307161 418928569 570275212 364564112 141974089 196689391 820481274 595820431 1042310547 717454257 646524827 940892994 845425386 345761849 592647347 446994499 180206788 822787490 464923404 751069778 331028829 451383661 612484467 405099215 335306549 490462461 258119482 613026114 911610254 33429018 882163893 374023124 658992367 921130866 387640253 537839571 372689828 455448851 688683056 613804594 656808507 518813939 365738094 1069621254 97606664 1009161064 540884446
100
929644450 902392752 322778471 85331484 1012646756 965600363 990368759 104613310 266136045 906971164 507761408 640557206 388071072 898818475 903216374 823606254 511568421 335160549 852019666 350128180 383456998 882992891 970656658 292030843 573793683 858597119 478653110 438183929 571060638 679994986 1066955461 337940615 655123904 59937177 261484230 651601188 357998706 592017483 463885767 645102962 218196085 375379493 799901530 991524663 720826699 580119342 247470099 141776606 37351355 1010672723 1060859403 79230964 34799185 618255332 840232288 535137707 433459675 1033107989 791819443 373650266 254934509 957390206 417098152 196971770 675023198 1039807388 144741737 393099179 1051300553 974297422 3084580 965986861 233424141 466295640 688652936 264676711 303127501 648351459 639821900 1039979748 432699377 484243963 177157801 753876817 29000739 119688208 556532699 818177793 739256659 962438773 280806563 623032937 724259636 298300644 281090248 235697316 43074748 366122489 323331985 388435439
100
1051186098 4459596 491797550 397027830 1027402741 526635723 144868198 361230440 1010854154 355369954 525030977 1017298184 744589853 688439786 601147021 404351647 901020606 562197825 63227325 412612156 1060446304 617613512 364115302 533922739 464152797 863942243 675153859 887714331 292306160 62251901 762163250 990675023 550368185 999787905 545661877 2818414 590306365 160548450 508307826 1032724828 452351460 565395732 170965812 815413567 317913337 928312848 83834343 103134210 972050222 581609428 737221151 790102741 1030986773 34402145 290020498 423797163 82589096 252557499 567887513 866528186 349564097 262817645 890300084 429228031 261096867 69999362 394072323 1013511607 1072349295 847965069 970256333 666083559 397242800 945927714 284763133 137144022 311896784 482924891 495351200 834577038 1016853152 866599380 64885864 1030691166 811634132 72132270 398813228 1007681370 20371333 224843280 16740710 653085657 706521517 816058785 679590323 736665078 159339950 143948560 807851095 783610129
100
731680909 285241014 488923467 81959086 655014221 514519260 12189709 796017633 228712969 407154166 200390785 908317269 220932479 569025751 1039156247 443656670 518036720 1004327028 462237442 166349492 247661728 246155368 686353593 160151539 103596122 773026161 50396278 754151452 1043575785 106921457 888413626 694482322 1051476896 42237550 686331079 317253406 383738067 457622034 549879589 403089516 222668380 706103083 926431262 517642892 467240215 209714092 94555457 1015735409 785547366 525766059 805864162 509397877 64715437 452250593 67594392 569154515 940970455 607884845 208010687 139075884 192744399 942497297 920643060 637251331 544723720 843659059 774155676 808040769 112263926 268924894 372940380 225770673 813827219 1041885566 767009698 523843461 176536283 777095464 847396635 238973391 220479312 793499663 218926395 68867593 136949366 21609488 825973176 549919118 414843992 768733223 409682959 707228958 842270977 973145336 876999678 696986974 584404228 631828807 1046044168 694463318
100
195179136 346232821 196879601 533535470 569408816 662814030 2020736 208892171 178060681 431907813 906806840 554698734 543696866 396369995 120006319 1009210940 750065973 373004889 983643491 121296413 1045464992 544256424 833992755 967602624 720716516 323498520 52626659 653459413 531645673 799250509 166697373 724684817 109466168 863036973 838419819 428165037 838675071 13928291 454090942 664178152 829049105 905659871 27563498 843597952 724120931 1015434836 976927143 529426493 471557009 63128761 859779986 297993575 638821591 220358857 518354602 420105290 688859159 782027395 488704467 261585337 1029573209 855412394 1006018646 367323017 119371591 205079365 715637343 875637009 94722477 542786592 175834494 1054029744 868981759 361836362 505599271 993505095 136247507 645818774 923061042 731454139 645618530 869380890 635672667 398807157 513396748 1018743730 581795011 562159329 629015761 600713086 359747693 862030066 300112344 712618847 683416514 555537052 101417452 418752894 333529101 549428569
100
493450694 435105792 473814181 404579988 147630693 273856558 994126466 741059185 881067087 510318478 759292917 1059979498 132808635 227485694 742176135 381931903 154696868 793433790 681029572 953903440 561705801 365833457 252197823 48466853 1066186925 416852000 562833293 309236327 306434839 664642230 751289029 99163812 642047635 912624772 995822343 239491342 271483248 753775423 150988914 79938173 806285505 415800061 528710187 975606889 123045084 222357180 938242781 1058320752 246570461 142659803 845186356 929768918 899029028 738210719 932896865 615790592 960729299 343613872 520469657 908003576 228964945 603131545 80279446 379241708 643530953 511477579 325042452 603415471 179027628 282819226 612849493 875428151 55787819 372249023 93901726 271750685 492756157 943069396 463472312 368162848 830706079 332986203 465659248 89868962 463913039 572405944 213976343 379402025 310930961 61383858 247244802 435127776 465672554 861267958 912972299 194252307 747151015 314100884 561061134 954971830
100
426902144 161686893 230901471 797001677 245987346 87893645 590988872 395764127 438977158 309014359 870477262 613775914 685971069 78616247 721692660 185095691 382554235 721057824 521707873 274842279 243043687 226770951 703392093 648145572 349754125 851265636 990224984 290699886 96815263 853837108 858309220 43111603 481656624 35078393 305062838 50697959 41110072 15460664 41821481 605171137 1066870803 334097146 399547066 798865852 561330818 980459340 690507277 86672279 360763176 501172159 135450343 405946582 1030256653 437263080 966677426 267741246 74232863 276324577 1067608572 489723484 213067692 796893126 859715320 912916991 563635434 937416761 732841979 264831162 977421424 841011679 786166528 262773603 1039453626 914388961 860374821 895365783 703311784 567952748 221547820 600912691 783960319 308265521 992630779 100195036 427049191 255069925 675620124 256838777 589344619 238846402 618630461 784282803 255448572 599282437 143000754 649870972 406546414 124868974 709962734 561026949
100
60282563 520728589 70927558 1006204859 295392333 918010702 971310842 292094513 563253081 92272017 659853088 273257025 151287224 502273245 43041531 209585202 505688639 85786077 275124627 526526769 349325640 322204765 554424242 938934222 183813423 627334098 8574056 304970877 301494999 3770320 865971592 76669462 730672675 64494737 115704873 970566230 535772796 498040693 684497189 437648988 206553937 898357116 81854877 495763244 137244819 774315470 435252083 24780335 146070325 865844787 290845134 490522033 963286450 1012582300 835649946 615420258 432757894 327658648 615271941 984340182 261755572 1037800415 674092291 353058309 100486719 208812235 911274955 428353995 565785777 992107482 461081433 157397097 186148759 172213038 884421866 128984066 240517378 503630604 292456066 78850847 463118343 263292513 14575465 513435948 1071547712 126775096 665679017 378189561 138592074 673752901 375092626 249686841 565405509 238930013 1031462967 637219590 786754903 714949883 149319151 653654619
100
94722237 526696404 943809689 126042728 238913765 7082823 636376323 72168773 812692698 1039664746 604636993 682252022 302560932 480472228 730019809 485455411 1036882803 947401505 576445649 470930361 944389144 690443600 371813863 622452426 859364745 77259107 774225241 478216620 385401186 185863378 542269509 701267494 598720095 1011308760 594585386 368531974 1039743204 287885045 231745133 796744605 356823925 442113386 255184598 18421312 876998461 258816960 979211792 948373193 907582603 795639617 551071532 853524501 217684817 794507133 441078558 73082756 28822436 396372679 776280383 965656956 356412991 495725238 1045094345 7933414 937104639 980334757 1001473118 535557295 471933800 1038793266 728542338 606618185 93118238 494747074 939777564 800863271 357044333 258494204 405678073 804721988 28455619 326359882 517872201 209971869 395195696 674670171 532336416 167587762 502778605 265899684 826917622 1066115849 948063186 864379354 1011563816 803349163 757277917 686981497 906709109 237541542
100
432248640 430521217 933754761 533172246 279321011 848810325 860440299 493369971 1013276824 282579421 406437860 408895064 224659834 229591657 356907409 636074486 774728745 501175853 851322261 935875492 1007755064 211449536 284515475 661822043 284855422 549289121 363723445 52819514 603362710 470613933 855968808 112339203 35211359 981034922 850315677 69557916 632660860 363562176 949363914 582602128 1041853140 391886843 3237095 78047116 239012883 859155402 807260978 381164002 623350568 927636611 1070888811 113974793 382643909 542388445 327803992 546822682 149603555 88728180 579540034 442749269 451614523 470480456 883512695 763569306 753268685 253691198 59197126 818488049 224988509 449778846 349758470 222980610 576563185 773406355 854106767 269653662 896738644 440461998 15965631 229606708 683763095 838702692 154063734 112468572 1016418186 394931595 176648346 1049938768 999908679 521597665 1013984660 8339054 382494888 425719941 927840977 537926583 922226636 275392636 810827075 503838035
100
1051254061 1072159454 996274187 997167662 252578277 970086171 795734990 924505982 46592852 920633208 667970604 982216117 799504399 263464949 864655582 572822472 679864588 820803480 1013345852 349046764 118059560 551306474 1014826437 6499358 1017975460 125485689 798400155 842152603 116991396 156285780 447294980 394103400 557152943 242851730 633503722 1043391435 336985650 520724683 788981596 37545167 304345597 376102557 799375115 810186181 635811268 260285224 98826702 179850686 352788383 330805139 967050014 169117457 33842314 118921349 453259163 646202331 68784358 71905964 754875781 868967034 595103990 454037305 673604931 501629457 638044515 744818786 65567200 543659784 522928057 798088671 518887817 655118217 56251112 63824238 293842448 574064644 377750467 305443664 791543148 1044942763 713280900 740822729 1052707383 419233015 153685574 40806051 983434286 72405537 328400778 161616300 1025099957 579776938 383991475 549308211 384529233 729948884 344515978 383855503 810188331 922609190
100
1033284760 1060401812 1026054635 391299668 221376044 264907131 423620276 129783373 18286252 367303673 1070181330 40382204 972868476 21185478 89899997 303494044 612117894 402000832 125188399 84749008 444507576 753193067 85693034 717374234 912109953 580284524 958111470 943205218 382033752 211381517 339888996 696089461 581692213 741350077 165447222 85732484 888171286 925000077 1027945492 1014423969 930253692 299306419 57422960 39239749 498424811 672575499 394884611 388749517 526330733 437915281 376314694 952246008 187200784 96871656 270905082 426570347 185326691 238531798 64579744 15415085 986266109 637560517 640123138 1065745963 34453494 179796548 643864232 707509685 1003683436 314574468 56435300 747248127 348614656 677825244 618462151 476593569 852588118 263819078 446885289 532922904 671080089 515511519 381573797 628238403 729368052 567187051 884273562 642310374 322737690 9558222 595489323 588113194 298095039 426036116 344228160 431152923 182481180 878950762 639143299 983360041
100
547424418 470926308 1023062951 252584568 147295155 495260694 258712399 705761534 243687863 449398031 142144445 407815496 107505388 859380108 681825007 823860901 1073296692 778405002 906617548 989621476 542749844 548007374 937578905 619674844 933641144 525633119 508920453 980464870 600850542 1020570886 829507103 534528350 97359910 564224725 943432410 83317029 138365049 986304413 656813456 599024162 955377567 593614454 191099388 293903804 14257399 574405179 384035646 566773090 409686403 296210955 653397083 405810947 813064297 186076618 499177659 841109910 702453619 1022823069 761105577 510878100 551204752 621901682 13686231 319257977 43525457 104761718 107879383 271313478 510015853 340574364 1016289443 163307522 634069309 1029061661 140214549 509765172 421809984 737402610 201686384 1032536171 817134488 436241500 689025493 483715766 742470796 266224733 408426191 638953004 362938116 946849852 144237000 390436198 753075984 104312581 38387089 635431168 652042338 38797831 631345886 395123740
100
36419924 908386504 707281118 846941905 760500292 221553993 359750897 33666568 815098354 996267459 687789568 806257588 944276925 377972602 155184702 600164669 263373769 820832277 379736287 20894380 262584700 1005823521 439135900 789272367 450647553 655387022 723544627 105134488 45143752 571718704 561272037 37607647 323013636 134398527 289045239 122024092 839789868 503489239 994246705 571279757 782531962 1605753 395185250 865958422 552403055 197132680 509528025 402781884 891616845 379218125 1023502318 939373225 296229019 95960564 865487735 544739372 385920677 675251725 829695827 746447158 384848378 242256907 636699363 150616029 56773356 877345096 598983819 461948636 41561363 1029111295 615583286 537121297 154172362 760170961 900999632 581938943 439312049 1068930113 267863497 388355402 182543913 1049752888 806109592 778141501 1021599707 1053773185 156781110 948951623 240270130 924319566 230065823 293980025 529661404 1007826609 554947669 285027338 832751693 189973028 957715421 972804563
100
880900866 421365055 788912084 236259107 510803467 322745482 50180781 174410435 473199588 921138766 416529702 300985758 73083285 511472672 644307111 493898107 50313481 485542169 423337408 443203046 759234961 624111191 232889507 1011721390 859910242 622344059 87698853 378607205 736368914 903978794 82923969 823607011 466624031 884122508 450175764 1010434500 125020520 226718416 216683874 104378085 370226353 56993702 442517136 402114283 169075236 153867715 331783976 725929916 422487243 231089761 992379608 17840387 1023932695 937821372 249647347 978276528 729034076 750443158 477557998 980961142 58735186 635034803 982894308 113919308 584002454 178448222 336985107 164859373 84678695 968125155 1069721437 518501720 91400937 792750099 991054280 225961040 414202661 1028947139 3207934 679423196 463435015 459735116 436072910 443870920 564171295 716910605 182391977 41372707 59777505 762211301 361462309 731884991 245260837 373326521 959443326 330520501 411641767 124325620 1015999248 715263454
100
252437250 905836766 814008410 1041033931 807306708 409132815 470710285 3838169 248561503 798110827 1067506461 540265981 667563292 548508386 930570614 258259177 298784394 897538053 127541574 975716912 698210728 866252171 881515393 418122953 806881147 56676814 232656990 868669074 319297678 862500939 372384727 507736267 286679405 964549158 808882733 660752535 700387113 708664995 1018508387 940801919 307966935 72385454 567252158 548115438 965665553 364072532 132272971 605329845 984505971 871418696 885037657 633209481 49041951 980868959 305767162 1032648320 308486458 73639956 421153159 458177688 860570220 560884741 236761625 292729648 972074084 399383412 980942097 352540813 540627538 524247238 235015056 1060234071 399421547 596394248 622154751 585427737 1044146281 121064549 11323017 387358916 915795464 288120497 459784604 755046188 209011594 714665953 711464556 660282250 744801844 340653201 87825776 774348280 772147919 88952445 608623331 685353464 612878888 912575752 559428420 516878062
100
955825592 711405526 1013110945 610683740 425725111 580932385 555497406 209871718 930346324 37354863 699890261 615705482 842351232 566288720 1057977434 487349290 1034493778 30312471 287750181 400567467 1011840899 207349338 198409970 726937590 1070917619 19005557 13640034 920191224 652361506 985308936 959586297 592543522 673942967 1047729013 512342942 754801385 1025558269 352521315 841752093 645444167 149025121 1050245694 392827560 1013103928 173598453 821134260 196431442 561875518 580560368 845253177 100026515 861457118 988950828 286670468 479503303 400142369 540475559 703317264 1072965039 204592916 995164674 781642396 224935918 504841544 688662789 521169067 1021323404 273642834 362647577 913586693 835551863 1004499788 712779980 533135156 101160446 393414994 258931793 592671496 1001199956 785185799 972225533 563212052 558270739 1012029197 140141004 483131438 430641334 117623184 810000601 116263667 661259037 527438524 442885609 87621696 297460493 377912898 528558049 533078458 926284718 288911576
100
521066055 685213963 744424630 67093462 770346643 906981525 1013036569 773419731 850704780 685738400 343351235 302635449 915196135 256538085 697354105 445024673 501368217 362088959 356776580 12390602 700380254 589055470 893499953 331348758 897649205 566353303 607107153 862151308 687304929 372330817 284451769 116068308 588389226 897553945 164103363 573319870 899181210 854019759 681372108 1040480955 647471489 379818871 783328180 592000866 276523506 220941129 89674337 697264365 637692163 72291298 173670716 896522425 327213969 435927649 107287474 875073994 857961146 379798474 746308020 750645572 237226080 730760582 157262903 553469683 824279981 865684961 441668021 587400644 772871562 52108427 448989867 908493898 41071910 704539416 950433305 208489786 1019438197 692618624 128806405 870842351 676988078 60027551 998890488 295354598 992115404 1044343990 703112575 433273411 1021895695 525560296 350988459 269364299 606526072 845165758 121030802 986615272 814008656 618042532 451021259 570965288
100
412943978 484622070 553664446 871415483 568558787 515753266 247763840 759597745 58187977 815059109 43880167 937095897 589081207 769706232 68866450 329161808 497330478 1063990744 144557251 720259188 416605233 895007606 981707744 393779560 793721640 609658632 676414707 526902931 419925665 20810566 612497707 155328801 17135754 247131374 282893657 19974273 259298489 282328896 175096436 782429925 222648676 575893634 764909077 91966917 752910249 947144317 867128060 305949276 833551367 425446142 1045447049 1021626921 645433059 171214934 1044400195 40712048 282768645 33314267 108137557 823858615 375037976 1045918821 95986188 135841353 366157613 804960977 336645466 923147446 239177528 343855746 983683670 510845777 171125650 1001292763 534238650 511012785 760542837 648155846 188337508 885999408 803746180 658090800 115146965 676451183 169698880 650698122 1050155445 58009296 261619347 50670410 525845581 743624955 27028809 9020264 590798859 1014416218 749397650 713133793 691814402 389563804
100
390868280 836762471 562887221 268030866 841711856 465194517 713552605 1001247516 441461779 100534538 133616909 438326754 534011054 278958824 651103877 1014027911 662161746 206665845 324868553 242398228 103726485 245599515 157799071 108518005 903231119 151624553 817486482 127400698 480186206 864593295 113446258 863392983 16924066 373405158 440665554 113773987 743448065 1060454246 708161929 35461597 774688932 1004670511 761198130 246265186 730572216 10602497 71984555 86928376 603691503 31784131 462291610 988590535 542565116 632342271 278336739 1068895195 237472794 503315556 1064046131 88852643 592650886 787082819 1008107129 1063602293 98529792 498121235 514267239 696440328 467816783 135866862 889570805 101912312 401505978 766387473 570412255 413981765 244288655 114405472 759563042 325057236 564583839 532512479 206377859 761140205 381399488 265622074 943837704 528377275 1032864330 267086654 964927612 291371983 613281435 610159198 760668911 404649886 953841811 170459183 784434228 101017854
100
407948780 935561826 813577901 177468564 290248178 73251668 4232906 320886642 843816005 1025003817 362649434 94659236 678958858 855359172 154482372 423329824 916475659 53314636 395742293 1049311070 1071616054 212013998 344752318 426760668 506341918 1050461462 421074577 501366682 637059192 718986106 1029784263 942183326 975252384 851351823 369841468 413413490 504031506 449405905 449966385 869174433 93658097 204208640 307074506 121059133 1025777027 274183837 490124942 1016390748 639409586 516154866 27419626 339446166 779244429 693709319 620463022 411667081 472661445 808775469 968530318 1008596310 29488 162984055 69083042 753520417 610894666 940231740 1063612134 376336532 416769711 429893783 458241979 96137820 182321058 1044375527 1071942244 570075563 964897418 784002383 62746506 883340469 823025263 22212919 123998393 212637491 670817665 694216137 913666273 538699491 133526930 216034165 93762773 808257541 670224535 248894829 578419663 464714207 1055085866 700464682 829802474 1011495739
100
696888293 577828519 584486628 675305370 279397663 488982889 136464428 273225311 945526041 49970681 246417257 355742083 139255900 184284930 51510900 819369556 903973171 178975893 542643496 691077573 403997740 347036839 1046947305 714395883 11787419 883495823 944458266 643981697 943409431 899933320 148321957 973275749 767348731 250608181 337815672 872444953 680098790 157345560 347726082 660339011 227287100 758464025 730870458 528938797 378023330 254327557 570924440 832513605 766416517 561183501 94337946 433083038 1010484116 62178627 622607681 234728558 520722498 722854688 523908625 823437454 542934853 571836673 591231253 480997629 171620122 231689893 1005634904 147645789 555890302 481736625 1038451309 873737076 452673782 17517612 973524199 276418477 847221576 528957699 634491618 594834837 193449984 688566406 46383225 978262110 955315180 742744809 785677389 232184671 420207265 178333380 805794821 851602065 701027060 569293204 1030568136 1047849748 705774465 714555448 2272196 436108200
100
5525364 119634603 394020149 804514185 162563185 821275697 3808067 613550991 953331003 513555599 1010281602 207173603 777355586 457624067 636699460 290004853 489548249 76566862 396105214 61584887 752999098 662370868 17704907 623461986 1032960641 912192512 540653800 94017392 529947436 879387133 131614521 88809503 112558754 864180222 982589123 345852980 1060045608 160884439 49248816 356700341 824468461 851196129 449590094 360386670 220010880 765116026 655164304 973705326 313085524 551555 115037323 265714823 6634307 970784480 934584442 711670737 585043976 1012099323 435577531 683480359 639724483 76164674 868718672 905438120 65299833 938797221 713150559 540728119 648488082 969986840 217828531 729373948 540281177 552494615 861385272 452058081 542205312 1029833757 725010818 132960534 782288025 1038988844 561303367 11911310 149865630 758511688 1020056800 385895808 762674793 789812731 654946509 959143654 114523709 513054419 346292014 773084161 632900667 763247328 888123978 258754771
100
778176311 389755660 717318819 127369664 43508337 998379905 95313021 843616642 1034895660 932529499 501328816 820756712 808018569 333119089 569332814 532165387 864984236 84411709 203314607 787614181 36747584 846506844 1017403118 701357784 489447920 183454738 755063658 203082536 58432751 70147267 443385671 586481788 86727025 54791547 294319083 990048609 235277360 380991847 432903297 754911687 457530344 488073050 457910905 797964162 807198170 760388169 1038436870 867271370 87024205 401715663 754937502 925890235 524570888 588946090 523444094 653793750 834967002 890605372 1035215908 557692542 836934931 998483979 190236883 632992636 124641288 1067908161 929706770 143178876 414089618 39735852 483968557 173505166 114784911 750149567 172005299 251747493 283235936 473078544 334885878 163639323 987955050 338664152 488764046 478726443 137370517 671155958 963582678 373291894 249592016 61675756 83236974 837100159 729876875 325561440 341606327 920255023 604696891 741269405 727163482 551126865
100
36389903 1006990273 73060375 1061749603 733322955 231570845 979510419 831142490 707016964 247194718 1023604543 674327107 868335767 1049131966 68437366 962467622 76527744 381414199 534351864 307466514 230062435 262464136 94528362 272429207 902087172 638541364 10645716 700719946 1042339791 300940290 1065629217 718145605 206387025 846552958 91764386 468556964 132306108 271689335 465748876 257964041 946007143 978185599 1057641589 899995928 272786252 804906094 703098843 201359868 483440521 998863583 209658781 797025504 618430687 552758450 924126592 525639799 439845174 94131848 1006236587 24857717 612123927 62143050 322301227 221877780 901207088 796298147 415570544 382282896 198570452 824253569 341962190 405159339 1006398841 981410200 404751357 990331434 656802616 188827359 693734554 408017493 28331088 731108368 363938468 429832827 699678626 10805548 204141823 698263404 575586870 588028661 278699764 678593277 742049718 726243187 637145263 692611208 509543150 1019427440 440215488 382720361
100
872688124 887920539 1012332930 974173304 18797289 662913560 430103480 503013529 594410831 87695347 399826547 1027407637 807629066 905361741 770644002 536675820 156674615 241184297 63558581 902536517 797285819 895274736 713825569 613433323 599363004 91899117 301555168 494660554 616689189 654461650 975571310 1054925431 775379239 901641522 23419341 68286886 70816691 598313732 377625602 111901617 51618304 807071270 127175829 518494232 508357643 958174168 503792661 48260091 917926418 587140413 949826450 518089378 864620824 274931678 478851361 53136886 380753765 725511718 116626524 768079621 415590659 228372454 543187679 693884545 894137410 790592211 335318220 872723778 877934132 444504835 883931464 599364800 713690930 344652660 174334716 130228121 489760597 209067653 436995220 422717969 868688637 593503867 993531203 645251725 624224078 393113086 374412606 141742615 449081006 619491481 918972988 431967453 390901065 1044038461 885246973 451080882 222659981 294182078 440402112 683646860
100
832859733 259434955 746793988 237854499 492276764 186589158 918871513 742212903 253552021 988962784 162556013 689956665 891964964 424806153 811629894 1048793756 806606224 757227446 600501391 296193496 1015640198 19496385 669013396 306380087 988885270 948267782 1036085066 383702857 501223220 101409767 36417732 127773024 649281848 883041225 293601727 345893909 1036788830 518603157 352606999 694855617 573617479 750754872 792948559 187443461 580032631 763025187 397128462 327861571 268350165 769779403 399506845 108375842 548885037 960277802 116111722 356506381 133883313 218801724 311207047 1036317621 498681460 657630340 495198507 411590283 259624942 1052614020 8525360 352342087 972195963 661554760 33251219 394195300 957848028 415842268 759025400 678138529 849107380 291148753 181648420 683536769 489726475 391332029 513353089 200117452 217528783 667424439 975462557 734464268 469306703 1042883551 610556587 651797777 462878398 1036120276 295069952 510574189 440145590 794086716 687188375 356345337
100
891497536 533066638 608961614 700309394 267718924 60577703 934415949 22619675 267488084 671559880 153864600 239173493 341459914 234341499 447881494 837307307 226236585 93287279 126388595 271782958 208063021 1026718197 510850461 455726163 205371160 721567875 470145864 234213840 154380591 2178101 138561387 447939907 696496571 526540615 787481281 1020662443 888739337 591796636 644335178 405328365 400051178 426174778 482312135 178218832 909837876 1001880268 797615681 495447041 623989055 439638558 648060546 282502800 926531432 434844325 110833562 294703985 702719377 679059445 335480668 177732988 715548575 90541640 205541086 626517614 424989947 217131774 236277501 1041825638 647730450 38561047 650716374 100233576 763339733 826670523 1048610382 181319134 786030138 568207538 698521228 594657041 640196281 39632109 970443385 221753524 122186191 516748539 89185607 496576602 350595710 922795924 1061672167 155850235 666468043 108896274 686626449 675554419 786666559 469049075 372411200 210088451
100
808110681 1042732083 931616974 493920596 107595402 315789166 950667101 184246812 49016432 684305463 85960988 105586519 232031257 182636441 672161499 413757346 195064120 851888356 1073629005 78902303 774772642 55186987 480892812 611951860 599699922 230848708 922272659 205860295 865289063 533371340 715224771 346446409 705108385 321240737 261954655 780964520 273275879 498437478 262289423 746874906 236661827 733208962 438947425 1013592409 1042929636 581087265 666967363 623097634 804820891 128187569 329901195 1009971381 208298079 673963367 822820463 791924824 341328841 272535480 657786893 764878804 986898584 229416160 246929893 925658358 787571503 1006571102 1062441049 340592143 55580178 419803766 1023304756 79300213 60850797 775516334 948343584 41906944 854401165 795127377 647010350 242116238 527603812 188990191 99873874 469782143 858821129 252673243 213419749 448083769 714348086 706983339 422999585 188688549 618495688 322172604 857384873 118264496 337901379 213921196 508676350 553896395
100
180056286 1828874 243372908 418042156 127325177 483040153 401392267 368117332 723668073 49003483 678487078 636871635 32875997 249735908 884079549 592307426 676562631 271723821 411783126 404105561 934839519 1073271312 1009469050 1027532343 982010273 643951695 152981942 423847453 629851850 51190413 941288475 280074707 455834335 179199955 144745791 484653251 145540517 308857869 62668346 126513529 29445290 262517899 58906154 1005857321 457011131 694844545 420882095 958517545 701681004 913239431 323211375 840744306 906483604 695607321 403814291 874848035 719157197 464253975 1003057225 1017020414 13943800 453581127 5552960 47961065 726057655 553625550 805114415 472717679 440418290 468863163 383796302 181439037 928231763 70774396 917250778 984177573 538127049 195960167 812858774 685641502 86270729 354141235 145534789 901796545 18925576 115778684 431028785 715157966 783524738 987581250 21361831 258888997 27807607 51878250 369870201 105518030 718961320 976215100 970780794 90575729
