30
100
384803184 844915808 572487542 701754263 1062191633 463816089 852908168 1006243439 269756975 112275265 616688599 471370475 156608647 96231369 862202219 434795221 496789772 936663028 942310849 958229388 791865189 492196185 854428745 431033473 150253932 676725989 936987113 276008377 943913392 531022166 419989368 938853966 956889588 142660033 559731780 865106670 402269614 268252172 492658829 928316506 175385737 450994036 1042720775 688068072 1051643107 930536201 431287388 392055810 304313935 711156781 722698152 377252517 794213397 885286169 1010491131 149382115 258840493 1056897880 312974555 1051491937 1060666184 151244362 250878911 481481690 312357959 503248291 788469909 804462490 613457345 246296553 157877564 694869251 485827330 584542457 678572811 14988812 959123974 127504514 562285897 636502460 1058651650 1032962184 636330930 933434036 368079324 789492707 279102713 889001379 989999790 600607933 603908416 956973007 744968775 1022552856 31370401 521899411 776917417 21975878 664050089 481382619
100
117826671 512033751 938528681 169434842 892493582 561164834 46084756 978170161 758348660 767973744 735822660 490234212 681218116 391833376 143882999 1019482618 1039763701 1016634241 854057215 905343918 201927764 669578328 960706882 61364205 1071756031 47015774 638845625 540906331 138391018 1042476224 384419313 277262414 219102430 979130782 871183245 87454033 800560373 163416716 432902849 60105635 769709856 501308947 830308313 828096950 1034827425 286555953 39385776 853599664 531001233 55508949 76465465 100764653 801410395 836158308 451351034 661628282 879427903 131381559 608273036 458259100 120785104 627500826 107247133 626318664 953312375 33113039 754427885 397749160 1049714157 502227337 952376788 599466652 218832581 787015794 76768955 29589558 20076256 288022821 910698782 434206269 500445942 267898676 201982353 294513835 823370516 98605987 916369720 101487663 714535192 760762219 457874509 108054700 140617527 957652472 148019357 325862328 93636216 855981996 75041803 106012446
100
804002906 353393420 66365276 992546211 484459979 461154090 189955622 16897087 189121084 423550338 53185761 220126821 654583518 1055069509 620316457 55615678 839254613 1030503994 115981643 790289867 927668026 521609018 298516171 51973216 655845017 487498931 588270816 823725603 889784948 15433510 911940851 1030108689 538894397 572068266 892463908 83795706 66716512 947499110 919526597 732746240 837031863 249835290 221262557 205503772 392455188 424984471 936676518 307952025 661503163 334176322 936180239 446259863 309280228 420485782 202300986 318503817 416405053 240931231 271557119 450832055 715956583 555376767 317994600 250620861 381293173 209602796 1029596979 48041482 30928496 216805808 237108563 666415970 1067194069 887649576 11252079 55401053 734536724 294322118 841215586 701980902 329633811 764411535 974611385 551705276 362164394 190832030 934242360 792885236 475906597 531142303 128199765 593771381 49758661 794971989 844283067 107774330 1022842943 895043604 614520009 132306452
100
479664711 832078097 719330214 5977302 776292075 770019801 586908007 467551265 182654226 832495005 477088227 971211167 669565026 805655435 540205435 48274635 338818964 539155973 570016992 231489424 919186165 611521827 191018908 177170639 351349479 989839662 79678089 911709916 763139681 43724070 289124951 118735361 551459179 220350782 290647563 447096570 779975588 166763866 601570682 1033167224 153845436 250612632 722692050 205739678 635211002 703488708 812995090 150892423 821245878 790806754 1061447053 6661054 129959392 755811752 319964780 1023071172 755372664 152540417 615766568 434303885 817101587 195733899 895524372 1008829699 738729565 227702554 888557009 416866946 81603217 199941427 94034391 911825242 602143747 586508690 741780979 84481105 720096151 327510692 847333315 74372638 26324294 32231949 479862076 669615087 1072783008 277669668 426234661 366903268 405890373 327797106 37208985 728290193 553942379 505922359 324523145 634595968 209344604 366963685 77897272 845585581
100
171809443 239460797 743983368 964529191 201337035 856903556 1071628279 913318777 555254892 526097869 12598737 196913028 1048449736 134737708 30324068 829598838 603611863 995461383 574532207 261407376 291057603 27253275 348118057 32269480 262550378 32821496 464961464 805123751 878889183 460161664 354011835 1068602380 400383722 159719532 935169473 580546152 856996483 921190343 320446160 517766112 1020332378 393637745 969954271 1042593198 685556818 1064312477 1048792411 1044260512 528966146 856347475 297717926 941820312 517724467 384151791 520483475 866334730 976548709 1058557600 1045008876 117041281 404320073 399891946 777265644 854375706 562688840 132030756 334775493 625877511 288018427 976859643 686831132 754777101 871600816 837883885 487327112 867936006 944662508 667561679 715956502 58213472 466701796 926178632 132231112 903895453 586880770 216537939 736115729 777633489 161365094 519063745 406335067 666557735 98795618 857199541 877565825 811351388 185491709 502640422 283560789 677209666
100
839981408 415517467 926354239 606075310 198718083 179273740 921995979 748469973 73589507 409421269 78560502 253808573 440144422 759776533 1059197407 879983217 212544649 784014818 1031405630 145196975 993524380 1067344453 833340379 230972779 409126689 794386617 989490196 209776970 600495537 71220912 645806683 91917096 758982967 6152974 1019826358 680613778 392534642 386281644 84127806 592759373 773602936 143069398 387483552 178901197 696851758 16174541 802083231 1058329790 613955536 638205254 988234640 777096831 578281327 927415018 815369180 2271138 1008425838 52163284 889905281 260255086 872144901 983890966 563600786 212063069 999412926 489440052 17544115 123602334 725641979 195740839 287221405 755420052 179143790 332863323 215341984 936082005 213903774 696960817 480147484 688011051 264097897 344489854 171839495 723012119 122008188 267191690 1072850026 587743305 857437149 936706834 727347684 209837737 721672546 687972551 369282853 925754450 354963255 629534925 649026420 515349777
100
684140861 129776938 579224554 65222693 341421731 540028981 357578131 620896952 109375104 643441814 938603256 1024444818 980945353 336866531 909308853 797208323 158945126 772127942 660752543 166867885 60458676 545208187 670371388 645598473 498862596 768134742 479244101 27200482 568897817 184463163 304805675 404550359 643074990 299139876 975828112 1054809309 243821550 517618847 883796938 741258172 25444602 219952717 913152355 380057229 249708903 20488549 450102427 597971010 876930493 524567598 507584996 472120862 328839929 404261000 262145381 72812089 838522123 870636132 62350713 1062845949 104434009 555570759 937438509 500113580 895179067 404801484 487317189 324548055 445916285 355465247 927254071 337758184 528940000 59788418 420608942 151153305 953666456 905163979 90781192 501404027 307746255 830466532 773352793 728397425 358022433 571407434 399592806 573214770 988012318 126038671 675313707 717314250 184860364 222836697 98211926 598713369 20135714 106666592 1011434441 47892050
100
964073971 195145243 636799614 304782448 36914804 600779544 172292343 145788317 222752344 282820925 965389805 950627549 522968360 134155325 921993188 1072568940 634677762 413314942 476427828 987514237 255940120 1069389981 629411720 113104562 1407792 1060688358 457693280 818096806 243321378 641901788 805851535 588913763 387750238 716950711 557737661 149676012 445858659 254310625 561493221 827042997 338498889 332341112 573825240 811612197 580685112 485433296 312884665 491913243 765716718 188298478 227918720 315123046 745407550 1056159757 1037391223 117413452 297043851 561296157 906909887 666978564 739075665 467387199 366451404 634013244 972664221 355846986 458393573 40289171 177185424 762607178 768127397 21990944 81408223 769886715 50570621 403834089 424126806 319162706 1046025007 328000365 834785360 654649077 228934484 860609563 776551489 521865150 363716056 701235928 489554989 295916859 883359865 133367678 658488878 633053233 1054123339 423837783 428789233 278762261 511858998 496403622
100
270333073 768295542 476698398 33261659 351500805 904689435 84140137 654581953 985950724 1025221511 771766690 599504744 1057099475 823918835 235505371 88358241 589232365 168532969 919363992 463722579 162861441 908257995 846009170 408379639 697072882 1012970571 587866102 71709083 615271766 157042161 722837603 972113056 752813304 112720537 881814768 301441788 575989975 854462706 610932707 424288953 72229668 745656832 648329210 967341428 519484872 140445594 115573478 910264031 484326619 439468780 949041100 1066478399 95781166 121664247 148068802 718609902 1060887235 502418188 870005336 179523546 411460431 770439509 1046336524 1072399876 51050687 195865932 54293716 439240707 538513327 1062563394 480786585 175316606 883578356 462733785 793400246 963125686 682960148 519086730 624635261 232052729 845857993 250136097 366103218 269116464 822836610 833303612 781781006 549127250 104495842 676670671 820651197 718462958 805011007 821714594 1057496288 288106150 12869924 82603473 45372428 439910062
100
486328908 781258698 83477329 453206964 582145621 987251221 65278828 828024312 984636676 87106527 327364593 592036342 566122694 716087180 66923110 330899390 188484058 172002164 365716324 985423505 216685779 488748134 994760984 684099431 692953369 973912096 703120836 675417961 924815207 658616280 656969279 406235766 965451854 380021430 649724017 99020194 976204465 109901911 542040537 512737715 454754887 149242700 1023593991 229877155 608529949 569146265 493905185 1067172129 87625489 110858550 47041122 184076047 552083032 40107665 380269207 936224773 1055468536 855843594 640172704 890115277 714319183 410414454 650771957 295358693 498510730 777672349 70321438 948294912 300169775 591276988 124019770 63455621 948608404 162965764 561721721 869540110 659962213 238642201 79969186 1034681067 999661346 336266899 12912782 745158045 345633950 449468544 111813547 107104603 172862081 895621856 352500858 21349008 846955207 711701032 182555920 334959707 478144320 223125696 196952217 536099597
100
1050202501 782873041 1065561775 58096169 159625800 751114633 17442169 575548894 57286220 603067688 993896028 70407500 700389580 205073703 823028601 715170534 971331443 795583380 796988584 867764212 633314530 199332496 718907890 875510545 385999661 208493265 600108567 41324206 713905758 685662753 141132041 572659598 744562417 330113500 411751023 598942536 602537046 313165174 254272547 441450185 800763763 30185715 926932149 1042091215 116864287 141723501 480668133 791817326 905760936 985262482 1024586540 308703119 319874638 968844324 952998964 778838380 924886469 652514935 96016220 83303702 1037796535 662001910 310396981 552039407 800229696 122047390 456439303 934437936 1065772144 36091008 733138509 159620964 890133709 490712644 796718900 550559979 876742862 45786785 972452385 794416249 290445665 55127270 623382056 198069396 132805734 979898485 7907989 9750809 1006034737 326618946 201558375 829115831 551909644 386159704 678851024 450660466 71288242 953550420 916562614 331565090
100
413541864 488871221 106316529 36678554 143686745 232427291 192294113 79528216 899439106 805700971 808984132 592758493 1073145039 121753307 853953090 465568873 699971267 180692565 837879126 674935984 72404082 596606330 478813137 814268572 770622343 862789402 837056598 663931272 25585984 436052413 22157916 860963782 356948205 673589789 716856496 739270939 77425268 362380714 337808368 391564094 203665616 392160517 641912080 33107548 789170317 696835717 660689881 69505943 920630862 963682485 955115877 157911938 533894472 558066899 295158437 772941990 750343620 279490899 181905115 575457793 797625249 297794651 1042834976 183874946 202837199 349814340 996646879 118063758 471736277 278256671 387504472 403330174 622721611 257036846 746906654 719447327 24235873 907159142 888116377 638213936 933015127 743172852 39700613 822610151 1004105987 255922357 27639154 545111661 21625422 114346428 616806210 291912797 291488951 619396048 1001191085 87833161 425181390 873513707 253427648 1791285
100
1015481276 101265497 19122714 374982068 321768998 1004447405 749404260 101200010 941477823 847148995 654500981 998276637 645600850 951596535 769790496 419096291 975528541 852674424 901173038 707256421 993020308 808160457 795792860 17509314 843917660 505665347 578678619 347747371 613476688 903262098 908942927 488095077 943689152 928050228 478026065 803660362 260545069 574986238 271045997 349135688 425149391 561555606 1048502437 523060448 867529743 190448889 88788076 499498536 1044945677 797629431 601352235 431716170 653611547 642206386 500009919 794564611 230608447 1005474595 361968121 77669924 408101557 539107989 323904285 41825301 820859755 893036584 79916899 1062625101 930559876 973372239 27457914 976428763 521481174 218501714 118378752 529949152 226858347 902121677 744267019 302120467 352203780 902247983 174773923 428764731 208749713 541348924 771789637 791339193 493122490 483063180 890478434 291542523 432250969 105516042 636774621 833851146 257519102 222183285 648886673 318409725
100
553341922 975061449 575167107 664367380 692838456 262173382 759198814 8997799 115430578 20523325 435219938 567600770 642666849 329820118 764130426 744014390 780487848 719151534 10034468 921543436 957712830 748033238 947766000 285332349 262168367 977056977 1064154500 623392440 524340571 38020378 1025963931 914828063 803169526 680706972 67980673 659635402 850165127 751027000 1065442201 296855554 674937833 71915075 831329496 1071033287 871622860 364488965 926906695 990096459 803346228 567323707 475112580 1020601717 956766969 770748309 1072639041 153120095 968642374 858508345 767282884 437864153 752135451 740302654 393245030 329728995 830157259 456184882 212430612 638908470 218600830 166068117 666908369 595786684 625168816 293423451 667564594 248036628 316209072 871720814 420948960 363668495 686282530 740190250 1053330970 1000408118 871756926 578342112 693932336 895835969 1069174671 602764371 122044937 424114081 679049716 245912893 99420318 316453623 435060130 681576651 179140221 1013468314
100
982787357 615867718 458545174 848439625 428632007 433415473 7050152 665565518 2273363 430013319 934513347 454619058 941738685 863711525 119703693 798335372 474155509 626979068 915004002 24908616 689222241 982431379 1047061072 81530662 726873176 980683907 110066074 1039027130 423573160 424893178 280634166 85860970 196768016 900367929 110235215 891524595 456480455 777313558 633006275 921151717 465015028 114186107 802718117 472712226 311249203 540026085 397818812 523693411 123946006 113281765 536498179 719883699 31181730 892343203 51306535 68585458 468085198 937299030 120248588 168091475 275018503 197022669 346334536 155921886 350511279 767195369 1073262503 161032943 478018457 279456032 1009628581 336953781 421090959 422506236 360770039 760281012 799709389 272056474 662955778 587719491 455907459 901570092 1024880994 455864847 694437206 1058963575 736496229 116408214 330752735 356833110 140333710 970046381 899486506 406509621 36518930 701882619 159166777 118578326 349834590 192527227
100
740823184 989213583 285949694 484216422 389394763 1039459576 308735399 882552521 1068080005 264147872 122932845 191980666 591440400 376516545 200782748 804709565 367486033 905329226 471716180 552127691 21200067 777561950 256484361 502115409 58630002 419729619 617621249 168648686 908890241 710588596 477190873 837434296 661035684 541187008 757865473 1057293752 947277222 832558056 692472123 9814121 648645861 635734741 63126048 969098557 1009380817 923843679 952272283 339980056 133260912 65177879 260118635 766481619 87444445 588372158 167156645 890377146 199794885 465997004 457780017 897559055 1025160168 582124266 730946632 968745349 527371934 1048143736 78156796 742771141 149271375 558913544 16494000 908804844 77769722 419386849 983298460 649271307 478668975 833521789 101210954 480373158 264007189 187256843 963194908 26077238 142267365 729884653 506979779 649944743 348197740 221927739 814569673 979111130 1052485133 40664383 1016091401 454119972 587592637 159436791 1069441585 121710541
100
460870295 822672967 75623315 730451972 249806340 939589665 588315172 47913451 636962137 680159211 810555815 790733439 23341158 231895973 43365428 330294298 1021449772 746718627 131719767 293170857 764567394 694573835 671761809 302024239 363264243 789189210 453948119 770249025 603410046 33063392 164146449 545970057 23913685 816143935 815247260 186454084 24235134 825405680 19679433 55918787 97182773 210706110 817103964 177433326 159902568 732331592 916989453 334859196 301163705 949927555 1070150666 820799932 934037632 190520630 1134963 355185551 357795655 96447869 497510621 604991083 746019916 426716743 639444688 584103066 1017540610 771567832 511820873 1008976889 466930320 63868744 101949753 991517818 444372560 1025651457 312127235 73232034 556053073 737946436 79014658 506272267 3609814 552407973 832841985 144571363 508624341 1005570699 123170241 17878380 209123705 769095601 517216630 216617594 181842593 772268712 674144842 283482104 872453471 628234579 447520473 195986019
100
890201705 450158772 58436685 169004267 190093302 930635486 400856283 228972130 827823578 905834578 842604104 221407171 362891336 628807290 1073437792 158640290 535154249 392304569 1012183813 1030316235 102564919 735357411 245384366 1030113981 817191490 383544512 761573603 16397866 953875182 589034637 106373826 448723577 822952339 1035805818 625061757 478624068 897351900 111712556 887555290 160559322 921311560 927982397 1044211634 61726398 268754861 831820215 1000014450 326545958 981193648 798362781 783123357 118886013 641803853 477118307 693570631 640835041 179802197 355799920 583691931 620065701 113506539 816495267 58768471 324337361 167603207 865651147 199370059 17222813 242573555 112075566 448538078 835377914 533876944 441037059 568264073 150289161 162962706 598732792 142386521 107070369 212715008 108480940 337813105 171676621 639234357 204816182 845787270 407004492 215728162 62284700 649363553 1048030992 28210825 4925021 815244897 375232447 930246915 955477480 952438006 322025525
100
913506851 865378087 852340224 106698674 379111141 830752525 840400355 871007161 709019259 122240086 422299219 880070777 451480615 273457859 246137341 618838062 330911388 263026858 618207806 515663080 562915972 488756596 1047103913 122754825 474393850 475101216 1010585221 362552265 861400592 914597310 542862669 711070645 646478666 800741366 905102126 188778796 188338722 966048639 421980300 782882529 1035610754 395509415 754312061 201809500 91083084 26570706 680241740 276565625 31019734 850455539 682915319 771832295 769029478 1001561364 492233906 936885673 629015483 32311508 1042279522 612857753 579889028 203976420 751476003 451349728 308745190 550533001 246264771 619053184 1069072378 28914205 846789700 1251786 163213644 51733390 172786782 152640232 157767261 343418078 496213498 749455188 351891746 335270305 424522168 496974431 148705668 753419906 279896426 220433835 480845790 343044030 323123863 123654065 300300162 812591015 955857145 601836093 967741748 353592610 667769087 782244076
100
270252586 568752716 194645941 375336985 687153739 510087734 471527773 643209370 381755687 172961352 442299905 876940995 776941813 303646400 890806672 358353949 862290173 254225 839576143 731330213 166921245 237584995 61452115 157416268 1023725383 114586126 192970506 962984054 848873472 817613859 938454451 416036988 749183715 269181923 155696097 830159914 687878684 946419269 259722492 689689921 181273582 123546740 517991871 686739702 971329837 566685263 264039099 431846001 221133765 978027752 429487827 779009359 650730801 971296006 9232830 1057722401 566732036 519879074 403021449 624660203 311396196 180250221 331536914 579132837 608795530 1065810505 1023041934 400075454 250464835 111172044 652531971 1026984340 986557554 246393280 724189647 393256188 665958796 394371494 199807263 559583681 384280090 723430958 374347385 1022191901 148460090 928048064 101347891 136975169 403122207 369475830 921623545 549771731 478136973 909492511 666171723 954440299 204411741 574340798 765821948 511234325
100
331752970 1048641716 1040544466 201341427 550238060 588694895 952866838 480325967 271555075 977686524 498857803 790114108 268008995 828697728 866660173 852490873 441749457 1010936816 176415213 365172695 297171273 608283290 952016494 562755770 1071494521 995010205 16817163 84375967 781152899 479323756 466895983 442216592 71255103 708144975 134647355 301403057 705341110 614829025 331884419 752467895 62017704 218931859 131690577 426215020 763057671 33774632 1028343073 392408365 119675514 716118583 765368676 15758188 239670235 298368429 1011671549 934000942 772627641 122010952 268652486 1044577677 883627735 1016957980 286972428 941141303 324771243 350572562 169285903 567591149 668436704 255584356 909504644 385526789 304512724 121652259 22678034 568236777 78042907 76286129 467279832 613679510 259460346 929859655 201266918 581925406 598409708 240388208 372959679 351662886 771166241 79517836 744645341 961752680 867888378 695973966 326346541 45190963 278289295 531697215 380866703 630012134
100
182742585 774625367 1063026040 287579592 737341420 903090639 2595827 136438429 836031836 837776563 250203892 266088593 644940129 610891699 446016301 180155581 754499109 641415924 718720484 15231216 1015403434 254001807 216718193 791574061 519368258 893190417 707513796 483780393 20337941 892842490 790991580 732654289 261025950 55051326 726727505 419325634 763601198 1007490247 986577099 292919760 375973224 201144560 481766536 216370816 416338115 186718475 300467674 580050317 743526924 438803165 22327463 696926310 375179745 622631965 675156967 66614190 807858486 793541880 234233898 665577915 617615316 857635472 200551952 287984921 743473877 804247928 1013132494 302240516 484348714 926539834 176054447 374234609 701013013 697082321 827814289 275935237 201163183 455645231 786418020 900984220 498956131 121704120 307184303 421572548 674043505 271670469 373434123 1036969663 1053082732 170848291 673742245 747981957 165046716 893527953 400599488 883369791 245594141 445644101 731339057 29236173
100
943620456 1028047585 498847809 631872675 108930197 409941327 116219490 419815268 662819422 132314380 1062901290 211951980 57662407 616524604 483070025 89052314 680899017 15574043 745214111 844540707 124284881 952376694 809121989 585027086 152843838 279176494 397281925 161964983 249320678 78317497 405944926 1021732428 518931857 433475233 896586241 490130003 608794237 288116482 478946006 869659938 745399512 382453776 817137784 631866214 1048807241 670519695 180615989 231169949 1041008744 880302681 952726159 796534939 179589442 821262044 1034819517 888924169 906322902 688390041 744376363 492902625 923796890 559218598 1025533941 292421108 994818550 45970221 654541936 340805732 322800839 428201451 445630114 712445482 11349214 740622770 908244421 503517329 460510847 249715943 799099336 1032409785 422055395 580606212 980012493 253886485 54864310 508182807 598708908 922591981 242593177 472406082 984248687 1039837917 355300513 612714553 491003348 972374868 784903126 430825415 757942479 382433814
100
964436297 75797253 609203643 113199023 577413425 1014583121 446921774 161205928 725955716 999560514 1001687342 1015656312 634449757 210707355 366359760 352636525 369455976 837325523 816916987 21254343 11636327 93869971 453209322 1010714427 900016305 932451642 619360686 226895985 582648750 688570460 263389866 663755654 240699484 897716543 560183061 505614987 290055629 910149212 394574203 503559428 150847399 799586020 701898300 639769193 76852386 595572025 720636428 30692520 541803790 909001072 438364273 719833761 471957834 813763542 649065033 160653993 1003956302 713181032 986317889 1066695944 664243746 391892057 545703262 184598139 367960677 1030425232 966008184 345418418 14765767 552651815 249953210 748097235 155395470 184993773 858287396 275856373 883122197 566559717 267256585 315363750 594226505 968951749 987007377 649451622 906448938 609279864 488246840 503639082 423038544 20704668 224147021 573781721 450522724 96701957 947643764 238975698 970573474 1043171384 467612709 391605605
100
171594225 546027051 560570709 1038470523 942743965 466817317 868630877 507189493 762040545 395043592 24877735 253616985 1049399057 152107163 539195222 725834312 885482425 192992249 389171454 639230456 15302936 116884243 688988966 993645490 134768288 733791788 378308045 448760917 151180152 228623963 610400226 677956306 356354298 956275724 435581387 76504750 977657141 271246719 125802463 526067331 88350060 489336136 556385516 130375294 1013432468 152592589 604300466 21446371 95906266 394827467 146939493 743303813 904837915 431973842 1066159919 919448910 760477547 178850500 260396203 462326461 1001354639 701554522 1001531243 806100067 1070523010 953196703 1046463860 570605669 440292340 871499123 55241917 251926525 371272390 1006413065 135570868 296539641 508872079 745155945 835558840 961928506 809960218 108718575 899830176 576368439 19567846 786733514 703727666 240069240 896737701 957716094 878353581 750688539 499333053 541477474 277027136 1045303121 666243018 466810659 447685008 492575202
100
832031807 543501622 7847077 270105135 105467275 951161407 1011400969 1069614913 822282670 214982570 600003728 674201785 75931811 155715565 650180430 624379831 367335995 650042225 945338990 102106766 93097113 420827921 395366061 1037640515 888410804 982461087 239297245 267256337 543167192 940919647 458281572 76027879 158913829 450528906 108602298 1002884328 1017997839 183312333 225892078 700788458 10281180 226437063 859112482 553481208 738184745 284141198 993708555 329927888 869016165 266245675 77991026 537921382 9261141 869641497 156205749 249004383 1059767183 659552458 1056052806 635759255 781625086 908740642 963612971 357848988 555678564 851863034 915184765 260449328 89849299 359343006 750653161 275064266 267312691 850080592 266439474 860925462 211797440 886887107 1073442476 978607473 846343561 1005340064 1062473667 345490798 332170482 638787588 512642162 87022419 685254707 188637440 110192845 112999068 1067099862 606952728 694173047 729429879 310467133 764639429 741848620 79151431
100
382120691 244228153 265295138 1038970100 851771267 718326015 35405907 851778217 832205258 787442804 276919000 800913126 527578897 337703841 981934564 427036081 98328851 778699557 874445406 768035808 319979649 633985456 76063585 81085855 440733569 203685513 335237306 994331886 389786667 205602825 754918765 767875105 517088011 528613918 698377777 856307806 219957666 287038665 535198703 783523874 289056997 385649312 607700551 752843197 774502332 833365836 597376522 862129617 655844740 365477388 720168897 450918871 352564366 452274225 730994213 255129241 314516638 223689632 825523365 200896185 59256172 133253459 126030307 118449449 936839462 798682072 35373623 7613361 455085804 1059923408 873001514 466905453 613866835 390189169 662491388 1033498956 1010586851 750148101 297040672 577628306 616653465 43635817 304934075 225000790 34118246 358503311 127124520 913140997 55615917 1046977532 673043574 392141533 256993737 542187851 372082664 339736179 265697925 495277224 494080628 1062695470
100
872432469 535852101 670419401 1016050772 441943336 1032539194 930732245 528571333 593591051 739670628 496910644 707710353 1058397563 150835852 843342240 387387209 679582474 687611562 3644450 911592432 837289694 227193199 564325531 566169217 694900527 854313148 875745086 566742119 30831564 486703145 807237396 570769411 73536663 610079615 445338743 592253737 294596612 136130878 555346839 281041315 544258462 883432728 695401208 1011571629 1023324291 38314612 87159282 241447031 1061977571 707581676 126990128 605169831 381461380 325692623 798801713 763889876 227260993 619599264 920220362 517673996 441237638 1016165525 430761378 731965006 774944982 111288600 468573365 360587025 808687686 883341642 560080082 217045948 1049134335 1026786427 790640925 47841835 551511231 570631603 269433229 279206705 257801049 884661805 603926895 200310032 325376304 906272726 370388449 842171906 276781504 904458194 343581784 397846196 890237462 261265656 682207515 752712902 731615058 904277585 1016821189 999898444
100
160914845 784842695 913682256 191794285 480645581 332357347 297072205 223105393 443377034 706134962 642460853 205869740 112092589 281591327 230870637 557403937 692102085 150705130 1028911948 315917548 122853524 619865895 632838559 468778938 1046730386 246738108 75907240 107165516 811797609 1014461158 589042458 508296696 865720183 1049442228 912712095 726253352 609248847 266276747 839757138 774049240 156429112 924867488 684425797 449086236 935517868 339497089 50487805 665578648 98439642 716541069 735116785 354077446 665162021 384958071 339034638 1068114100 59659940 564992967 319139638 723095555 681954464 302671705 936084924 863226345 315891736 872564700 499630057 1004686448 354837312 102968915 732748923 63598901 357203965 652283032 869759265 68013033 1051130475 653073364 403684608 394778836 918061912 458224392 723358513 992148301 664754886 658501000 163165504 589220931 688292460 988668283 195397039 1013037239 718192694 834807388 1022605937 837808191 136802497 264498044 114022255 937534341
100
455401085 238188806 779260614 183905562 875241944 379612807 688188500 909945385 452170584 628270262 103906069 637981052 130441885 981262412 255796481 796964534 402126747 826886261 110868903 90964780 378546456 97435987 640684201 30505067 355582769 111679097 262764603 40911537 519855573 907408752 437416872 601168751 207782728 978696245 961857997 977484749 607004322 85393337 897508252 584654630 53307982 152706656 149322395 714806663 960607884 742478467 92444514 340633140 667623407 597610734 320266273 961135140 850009567 239705954 822753047 481609344 38899991 855850772 671263004 197545768 715332136 1006118700 10529816 285595950 126861301 723849031 636726665 329921880 95872565 153815542 327282946 931449506 444437493 1067216701 268287654 891463866 609749523 655136533 1057087921 755853955 155167172 275538922 91191023 743827602 781134606 947756317 356977475 869448628 314516303 593959299 924256802 381456230 649911220 364100068 274299925 814892123 30767043 1061565309 928716091 91153146
