60 30 8 51 7 16 55 28 24 45 40 18 32 33 56 6 19 44 31 53 9 54 12 11 48 1 26 34 4 62 20 25 15 2 46 23 35 58 27 21 14 41 59 37 61 52 57 36 42 13 49 43 10 47 22 17 29 3 5 38 50 39 
23 15 59 37 45 49 6 61 33 24 5 40 39 12 30 34 1 27 7 42 4 54 13 14 18 60 35 51 29 58 32 11 8 50 56 52 28 3 38 26 25 21 41 46 16 43 2 55 19 44 9 31 36 62 48 20 10 57 17 47 22 53 
39 74 19 62 10 67 86 31 76 20 33 85 89 8 40 30 58 48 2 29 46 97 41 64 44 42 51 54 45 72 101 1 59 15 7 68 24 75 43 38 79 32 23 95 88 6 56 55 92 94 90 37 83 28 104 65 80 73 99 11 71 13 61 53 16 21 60 4 91 26 17 27 52 18 22 100 87 5 63 93 81 35 70 78 50 103 14 34 57 66 96 102 12 25 9 82 36 47 77 105 49 98 69 3 84 
47 46 22 88 129 128 16 68 56 75 1 138 2 7 52 121 99 28 118 27 5 139 97 108 57 90 130 107 94 109 82 38 103 126 54 29 120 89 12 95 63 33 44 101 71 135 80 21 132 70 69 30 85 123 115 18 40 24 122 74 67 49 61 92 114 14 8 26 64 73 4 131 39 137 81 100 127 50 106 119 58 3 60 15 25 72 55 31 35 34 13 48 36 43 32 96 62 113 23 53 102 134 51 66 79 37 65 77 117 20 17 41 87 11 124 19 98 104 105 9 91 6 112 136 78 45 93 116 140 59 84 42 133 110 83 125 111 86 76 10 
3 55 48 57 14 13 33 22 26 62 7 28 27 30 31 35 49 37 47 4 32 21 40 6 59 8 51 12 54 61 56 16 9 43 5 38 39 24 15 25 10 19 20 1 17 45 29 53 41 36 2 34 23 58 42 46 50 44 52 18 60 11 
27 53 41 45 57 14 6 11 22 12 30 46 16 23 49 34 24 17 60 10 21 5 7 50 9 54 13 42 58 28 26 19 56 43 25 40 4 35 29 3 2 44 59 51 36 52 33 8 1 48 31 20 32 15 61 18 39 47 38 37 55 
100 42 120 1 110 19 43 36 81 16 65 104 132 26 111 71 56 55 48 23 105 95 34 113 89 41 103 123 7 99 52 109 25 83 130 35 87 88 84 54 131 45 69 49 135 68 114 5 15 101 30 127 39 17 77 53 73 96 126 64 11 31 133 4 14 18 72 33 78 46 92 37 20 118 124 57 116 12 60 75 21 117 129 9 47 38 61 91 59 115 82 2 3 32 44 29 76 90 70 13 24 28 112 93 86 97 10 94 119 67 108 6 22 66 51 107 27 122 63 79 85 102 136 121 125 106 40 80 128 62 134 98 50 74 58 8 
60 32 29 53 65 67 58 39 6 63 23 41 20 24 59 33 9 15 31 16 37 40 62 57 27 52 49 51 36 48 7 38 13 25 54 35 44 17 61 14 22 30 47 10 56 45 46 5 3 8 26 12 34 28 43 18 4 55 19 68 42 21 11 50 2 66 1 64 
59 43 17 33 6 13 3 46 26 53 38 27 2 7 1 16 15 12 57 56 58 49 51 18 9 40 42 50 41 32 28 55 4 11 22 14 25 10 30 64 63 21 52 47 5 61 36 19 8 62 60 48 44 24 20 45 39 54 35 31 29 34 37 23 
42 54 108 51 32 113 65 10 18 107 127 6 5 38 7 104 102 30 95 121 21 105 55 43 115 23 124 49 46 96 114 31 97 87 99 36 9 27 61 117 15 29 70 106 1 22 79 136 20 94 91 13 11 122 68 119 52 76 35 90 69 17 34 50 78 125 126 73 101 77 134 137 112 89 60 111 56 81 40 41 58 44 14 120 24 85 63 25 64 37 131 72 100 57 19 26 4 103 67 12 62 53 74 129 39 138 83 8 135 3 123 132 75 133 98 130 109 110 71 86 116 88 128 82 93 45 59 33 48 118 16 92 28 2 66 47 84 80 
57 10 51 54 32 25 29 13 8 52 7 48 62 37 14 33 24 5 2 15 9 1 49 3 31 41 30 42 53 45 19 61 23 6 55 34 38 56 36 39 44 35 26 50 28 43 4 22 40 11 20 47 16 21 18 59 58 60 17 46 12 27 
125 144 58 66 143 132 80 3 12 16 65 61 112 104 87 73 33 152 96 25 34 76 150 68 85 134 21 82 97 106 57 81 126 46 26 90 118 67 155 9 151 36 14 77 145 99 109 71 29 20 83 10 38 2 37 142 54 32 55 114 17 148 52 50 62 137 28 129 45 49 70 75 140 59 13 92 42 51 117 107 105 131 119 93 74 94 127 79 130 113 122 136 154 31 149 110 103 124 101 102 39 98 48 123 121 64 78 146 35 53 8 30 1 135 120 56 7 72 23 138 5 116 89 47 40 147 84 100 95 60 69 6 153 19 139 108 44 141 4 24 111 18 133 15 22 88 27 115 43 91 63 128 86 11 41 
3 114 70 76 73 115 119 93 10 20 86 91 109 54 61 52 14 62 94 4 98 49 63 12 79 113 39 68 38 29 65 45 46 106 5 69 36 112 117 43 34 6 47 18 107 42 105 110 99 85 22 116 11 126 87 9 92 122 58 51 89 59 53 84 74 121 120 108 104 82 25 66 78 71 118 60 32 31 124 57 7 33 56 17 111 83 81 35 80 75 97 16 40 26 125 101 19 95 23 15 37 1 28 96 30 64 13 77 8 48 100 67 103 88 102 21 41 72 123 24 44 27 50 2 90 55 
38 1 31 44 27 13 47 9 28 65 57 15 48 62 6 56 35 46 3 21 51 11 37 12 40 19 41 24 52 54 34 53 22 43 18 50 2 30 29 25 63 8 61 59 23 32 10 4 7 45 14 26 17 5 49 64 36 55 16 39 33 60 58 42 20 
115 119 77 108 113 44 41 95 52 20 78 111 92 18 45 129 68 6 128 90 83 55 123 9 5 71 97 24 112 39 65 46 61 66 11 42 63 21 28 118 17 22 14 114 70 56 121 101 43 96 100 67 107 127 81 37 102 104 8 72 26 36 3 38 7 106 122 62 120 25 69 109 10 32 85 84 126 27 88 1 80 2 49 23 53 15 125 98 99 116 51 12 19 124 74 16 103 64 76 47 4 93 105 40 130 50 132 110 82 91 58 34 48 79 86 60 13 35 33 29 31 59 30 94 54 117 73 131 75 87 89 57 
26 72 132 151 74 147 97 34 17 130 51 98 20 10 82 107 91 108 48 126 73 63 80 39 120 69 110 37 24 84 60 100 139 45 136 121 40 30 38 99 54 70 4 124 62 115 44 15 77 149 144 140 114 53 143 6 19 146 22 11 23 58 66 106 49 83 94 61 153 75 133 32 25 118 41 129 57 7 155 154 88 93 3 5 33 135 145 2 27 14 29 102 134 16 78 56 148 59 13 47 113 43 79 86 9 85 125 104 116 35 95 42 64 50 109 31 101 65 52 105 1 112 96 67 12 46 81 71 128 21 18 76 122 92 36 111 142 119 55 152 127 68 89 150 8 90 141 103 137 123 28 138 117 131 87 
10 3 40 22 55 5 23 37 33 54 61 46 13 63 32 65 58 64 38 20 59 44 39 26 6 69 16 17 21 30 57 9 53 67 60 25 11 68 50 12 56 28 42 62 45 4 48 36 34 29 35 14 24 41 52 2 66 18 49 7 43 47 15 1 19 31 27 51 8 
47 48 34 14 36 4 23 60 52 7 51 55 33 46 57 19 28 43 50 44 54 29 12 26 17 1 31 30 32 49 53 24 39 11 59 56 21 37 61 16 27 5 58 8 25 2 3 13 15 38 10 22 9 18 45 62 6 20 40 41 35 42 
88 154 18 128 60 61 35 47 109 74 33 32 79 129 27 140 118 152 102 98 39 4 133 130 134 45 145 146 112 75 30 139 67 95 17 99 11 84 19 55 6 78 40 97 150 135 131 28 9 101 104 148 117 82 93 153 119 52 58 54 34 142 80 8 115 158 149 123 89 25 20 48 31 113 46 36 7 65 126 155 100 23 83 42 143 68 144 116 22 94 51 160 3 57 38 156 53 103 114 92 157 108 107 26 106 110 87 86 59 66 121 64 1 138 136 16 41 44 70 125 132 72 90 5 141 85 62 77 127 50 111 24 15 81 76 137 29 73 21 12 49 151 71 43 105 91 147 14 124 37 96 120 13 2 122 69 56 63 159 10 
52 42 17 57 12 71 86 18 63 62 109 98 60 121 100 9 129 65 45 38 114 105 46 1 85 33 24 79 97 110 108 66 34 26 132 87 2 28 50 31 130 89 123 91 32 7 35 124 92 95 39 14 27 70 37 10 15 6 77 55 112 104 73 81 22 78 53 59 11 90 64 122 106 74 96 111 113 134 41 4 30 82 101 40 131 51 94 117 21 116 76 3 48 36 88 67 80 20 118 8 23 128 49 44 69 29 5 54 68 103 16 133 47 58 93 83 19 115 127 61 125 102 25 107 72 43 56 13 75 120 126 119 84 99 
28 107 108 101 12 43 128 31 13 33 87 119 32 41 61 4 78 34 111 125 49 1 14 91 94 9 126 116 99 102 112 130 58 73 66 47 104 65 27 113 110 39 22 81 71 59 88 11 69 123 40 42 18 63 124 118 51 54 5 46 24 19 68 127 117 67 89 35 3 48 15 70 50 86 82 121 52 45 98 122 20 30 8 21 95 103 16 55 56 76 114 79 72 85 29 60 2 83 93 96 53 25 62 6 109 26 100 37 80 105 23 92 17 115 64 75 38 44 97 57 77 120 7 10 106 36 129 90 74 84 
36 13 3 74 43 48 23 61 83 35 105 104 65 67 79 28 40 41 94 90 18 98 80 81 19 76 11 21 14 53 101 27 37 52 49 9 85 59 6 60 78 26 66 82 32 93 86 102 12 38 4 57 20 30 24 45 91 55 8 1 87 33 97 47 16 72 62 17 99 15 42 77 10 73 89 103 31 7 88 39 64 100 63 75 69 70 92 54 95 50 44 84 46 29 96 34 25 71 56 51 5 68 22 58 2 
38 7 56 47 52 3 19 49 14 51 41 6 1 21 22 34 4 44 29 50 61 16 43 48 28 32 62 40 37 26 8 10 24 42 53 11 36 60 58 46 30 13 54 64 9 15 63 12 59 45 39 65 18 20 55 25 5 57 33 2 23 27 17 35 31 
109 125 32 74 14 38 121 115 124 92 53 15 97 28 127 65 63 35 33 13 90 103 19 30 113 91 6 22 85 126 105 96 114 48 43 29 68 89 102 67 77 16 107 41 1 110 64 79 84 112 93 99 5 100 44 116 87 58 73 118 76 72 47 10 54 3 70 61 69 120 66 25 12 57 56 36 106 8 82 24 101 51 98 27 2 11 123 94 52 17 18 122 71 104 39 49 40 26 128 83 21 50 46 75 55 20 117 4 62 88 80 31 95 119 59 37 111 42 108 34 81 23 78 45 7 9 86 60 
63 31 65 1 68 93 88 58 66 72 87 23 41 25 98 22 61 89 50 16 102 103 100 74 70 78 105 76 6 67 18 26 3 21 85 48 10 77 34 82 99 71 39 27 7 96 90 29 91 56 97 54 8 49 64 44 38 55 80 101 14 30 83 32 36 40 53 9 51 17 37 46 73 94 42 5 95 57 60 69 45 24 86 79 33 62 52 4 59 19 2 84 11 35 75 13 81 104 92 12 20 15 28 43 47 
98 47 90 23 31 25 74 33 11 34 12 73 89 72 69 67 54 42 50 63 49 84 60 30 1 36 27 91 26 6 94 99 79 40 20 46 29 92 18 35 81 68 15 88 95 61 87 82 28 77 3 86 4 66 83 76 2 97 48 43 55 57 45 37 38 17 93 32 56 59 22 78 75 10 44 41 14 96 16 65 5 7 39 64 62 58 53 24 71 9 80 51 52 85 8 13 19 70 21 
4 32 95 127 50 98 83 75 62 77 9 125 63 19 103 8 48 102 76 43 99 126 119 59 53 52 46 35 26 66 2 6 44 7 64 34 12 111 106 3 90 112 120 92 16 42 117 113 55 74 57 71 11 27 70 10 124 37 17 122 96 87 22 30 65 20 31 18 116 15 25 80 81 84 123 39 1 114 5 23 115 54 89 58 93 78 91 14 29 61 118 13 40 28 24 108 110 49 47 33 60 94 21 100 88 36 128 79 56 51 86 97 38 105 107 41 82 104 85 121 73 72 68 67 45 69 109 101 
110 120 93 115 28 60 27 18 36 1 87 91 39 76 66 49 84 42 16 113 15 122 48 2 56 52 114 83 38 109 90 50 30 32 22 97 33 11 41 89 7 53 20 86 12 26 31 47 72 45 119 17 95 19 98 111 85 8 92 82 108 40 80 46 118 13 100 104 5 96 44 71 6 10 69 25 65 43 112 81 37 59 74 29 78 35 57 99 58 24 62 64 68 121 75 106 34 105 94 77 116 67 9 4 101 51 63 54 23 3 102 103 79 21 117 14 70 61 107 88 73 55 
136 139 117 112 42 71 22 7 14 91 100 54 145 44 130 131 129 12 115 33 127 83 114 26 153 87 19 81 15 132 141 126 20 35 36 88 107 47 90 150 101 57 142 61 73 51 10 118 28 6 149 96 67 1 134 69 37 13 40 75 2 72 111 97 30 62 17 92 11 143 93 31 79 74 99 18 125 144 45 3 21 41 50 155 52 34 85 133 121 29 94 124 104 148 23 122 89 82 113 5 68 105 55 48 119 86 66 60 151 108 123 49 80 25 138 53 84 120 140 102 56 65 154 128 39 64 38 147 32 152 78 4 77 110 27 109 58 63 135 98 16 70 9 46 103 106 137 116 59 95 8 76 146 43 24 
96 43 57 90 58 48 59 68 18 95 8 7 88 91 25 2 76 65 51 36 97 55 26 107 19 16 98 73 50 60 12 80 46 100 122 6 92 116 94 101 38 93 49 99 45 34 75 52 4 41 69 115 79 70 120 9 44 29 30 111 61 74 66 64 56 35 67 62 106 102 42 118 84 86 117 3 23 27 105 14 1 89 77 53 24 31 13 5 85 113 83 119 78 121 11 63 20 82 10 104 71 21 108 114 22 39 112 40 17 109 28 37 110 72 81 103 54 33 32 15 47 87 
78 117 71 115 106 17 103 72 60 28 55 81 56 64 63 120 125 93 108 16 41 69 99 58 37 101 131 9 36 29 84 123 11 23 124 79 68 132 43 38 57 61 19 50 75 5 15 118 47 66 107 91 86 20 54 48 119 94 40 26 130 31 39 32 24 128 42 52 112 83 45 6 27 134 85 3 109 25 126 127 1 65 49 111 122 113 87 8 121 51 104 62 97 4 129 116 73 98 80 12 18 110 59 114 46 76 70 89 105 82 77 44 10 30 22 13 7 100 74 88 133 14 102 35 33 21 34 67 95 2 92 90 53 96 
2 40 51 55 45 58 13 29 44 14 18 33 59 12 7 60 26 64 20 5 17 8 21 36 34 48 63 1 35 28 57 41 52 11 47 56 9 42 46 62 31 15 49 37 10 25 39 61 30 50 54 16 22 23 32 38 3 43 24 6 65 27 19 53 4 
30 34 57 90 97 44 65 82 63 102 36 60 100 95 87 13 70 55 99 58 27 68 69 15 21 84 50 79 67 49 61 32 40 8 81 10 86 93 22 25 11 47 91 31 17 101 42 72 19 45 73 51 74 71 20 92 3 4 18 9 5 16 80 54 29 48 12 23 88 98 41 39 46 78 59 52 7 83 64 24 6 26 85 37 66 77 43 38 1 2 89 53 75 14 94 76 28 35 62 96 56 33 
116 2 112 160 33 121 56 123 151 159 48 135 18 94 153 22 13 21 47 82 127 59 25 142 110 99 81 91 103 124 137 40 28 122 100 19 46 50 49 148 52 3 20 152 35 150 11 27 42 104 70 24 54 51 145 83 114 61 68 73 143 12 39 23 44 111 154 138 96 157 118 102 146 88 120 45 77 41 107 134 136 30 74 105 38 72 76 29 155 63 67 1 84 128 106 85 79 86 57 9 119 139 101 43 17 158 80 130 132 55 37 131 10 65 126 149 92 71 69 60 156 64 113 14 95 6 26 53 117 36 4 147 87 141 66 108 98 58 78 15 62 8 133 75 31 129 16 140 89 109 90 32 34 144 93 125 97 115 5 7 
27 48 119 54 100 50 56 97 72 87 9 123 17 63 79 23 108 30 68 31 52 90 59 85 80 2 19 14 121 83 3 60 113 11 75 104 45 24 64 70 43 95 101 28 116 18 34 26 98 41 110 81 91 1 118 88 86 47 102 44 6 35 69 117 115 128 71 124 55 4 66 20 94 49 5 13 62 7 96 99 106 122 29 15 8 57 67 25 40 51 53 82 109 93 37 126 39 120 77 46 112 61 22 73 42 10 114 103 74 89 38 125 33 92 16 105 21 36 84 127 12 78 111 32 58 65 76 107 
53 42 51 55 61 14 27 21 22 52 33 26 59 57 16 50 13 20 46 39 47 18 48 12 3 25 19 34 41 54 1 15 7 44 60 40 5 11 29 10 36 35 32 28 31 23 49 38 56 9 58 24 30 43 6 2 4 8 17 45 37 
41 103 122 9 52 21 49 55 63 78 81 22 57 86 23 15 101 54 36 108 50 53 4 96 19 92 83 27 112 26 18 114 60 61 7 90 93 31 98 124 65 28 99 69 8 3 66 67 105 44 88 123 75 94 97 104 102 59 77 119 16 80 91 2 51 45 42 117 48 120 58 11 115 72 89 56 84 118 121 64 17 76 110 87 29 82 24 33 113 68 70 5 37 46 38 30 10 1 100 73 43 35 32 25 62 85 39 109 6 12 13 95 116 34 14 47 107 79 20 74 71 40 106 111 
66 24 79 103 131 12 108 105 60 56 97 9 65 54 31 82 112 33 1 111 86 40 11 46 37 95 32 53 85 98 34 18 4 38 99 28 22 106 42 123 117 41 59 127 67 132 80 75 77 69 26 47 96 3 109 21 116 76 100 5 17 92 88 120 15 62 51 93 118 114 8 121 63 78 84 25 10 73 68 104 71 119 133 19 128 125 124 48 39 70 107 35 126 50 29 27 7 43 87 13 14 30 130 91 2 55 81 129 57 89 113 58 64 61 83 134 110 36 94 90 20 122 45 52 115 16 49 6 101 44 72 135 102 74 136 23 
42 123 27 8 58 66 126 78 7 121 45 11 67 103 108 19 63 119 1 122 112 2 46 105 14 54 30 35 12 71 41 53 110 68 100 127 70 15 57 82 101 49 86 81 56 79 29 124 84 94 104 99 114 62 43 91 55 97 50 117 76 75 93 40 72 32 89 59 96 65 129 115 21 90 87 52 9 23 33 5 18 98 44 36 13 95 38 83 109 120 10 25 3 48 88 130 61 22 17 80 31 111 116 16 113 118 26 107 77 6 92 4 102 74 51 64 28 20 125 128 85 37 69 47 34 73 24 106 60 39 
19 92 100 94 84 6 77 26 27 33 68 29 104 90 118 47 101 126 38 31 28 36 5 1 88 69 55 45 37 78 89 14 70 63 95 75 48 52 16 121 12 30 18 109 83 107 117 43 21 106 96 51 98 65 124 72 10 66 91 87 25 105 9 11 23 15 64 2 79 4 73 40 97 59 34 123 108 41 44 22 13 125 39 99 60 115 7 86 85 56 76 50 24 102 58 103 82 119 53 61 20 128 3 17 8 110 42 127 35 57 80 114 49 113 112 62 111 93 122 46 81 120 74 32 67 54 71 116 
106 43 74 87 121 24 94 20 8 128 70 58 19 78 108 49 72 15 92 124 57 32 46 44 89 48 112 30 33 7 9 134 132 77 23 62 107 68 47 125 120 126 17 40 75 10 117 27 61 131 13 11 90 53 81 105 64 4 83 96 130 73 42 31 115 109 102 129 127 118 103 84 63 76 95 67 80 60 65 88 91 45 104 82 93 1 16 86 133 37 59 111 25 21 38 14 110 85 116 28 52 123 101 26 35 69 100 79 50 5 99 3 36 122 2 119 51 56 55 66 113 29 34 39 71 97 41 114 18 12 54 98 22 6 
6 9 140 112 110 136 3 17 126 133 58 87 102 118 41 139 81 69 59 101 106 47 66 20 56 99 78 61 77 39 48 90 80 4 76 51 22 135 1 130 114 62 123 115 91 93 49 53 50 74 122 29 8 60 42 132 113 26 44 137 25 28 116 95 82 7 83 89 121 103 35 5 30 129 67 54 100 94 79 128 46 10 23 2 97 109 19 55 32 45 104 107 63 72 68 16 84 52 108 38 12 31 131 21 86 125 27 70 98 111 13 71 36 65 96 92 134 75 24 11 40 119 37 85 43 120 15 88 127 105 64 73 18 33 117 57 138 14 34 124 
86 79 61 56 37 13 101 69 59 4 31 7 97 50 95 58 24 1 91 77 3 57 5 12 84 87 46 80 81 74 93 16 9 70 10 55 8 82 41 66 6 30 23 75 18 92 48 78 42 25 76 54 28 19 103 22 100 53 88 85 27 35 39 94 62 40 51 45 67 36 89 38 15 2 29 14 65 21 17 34 71 32 47 96 52 33 64 104 90 11 44 68 73 43 98 102 63 49 26 83 60 72 20 105 99 
3 65 88 29 17 64 98 94 97 62 45 27 78 92 10 7 8 36 49 28 96 6 77 11 33 43 51 15 53 16 52 37 95 39 55 23 67 54 80 90 76 25 74 26 57 83 68 31 70 81 20 13 12 59 86 63 47 38 42 61 5 72 35 24 4 85 99 40 60 84 2 50 44 58 18 30 41 56 19 22 82 1 34 71 46 69 48 91 32 87 73 9 66 79 93 75 89 21 14 
25 34 1 57 28 56 52 13 18 42 30 70 64 4 35 44 63 43 40 19 46 21 38 33 6 66 41 9 27 22 45 8 17 68 32 24 20 29 5 11 7 53 14 55 10 36 58 37 15 12 23 3 54 62 47 67 16 39 2 65 49 69 59 50 31 61 51 60 48 26 
91 58 47 96 10 17 60 40 63 1 2 82 59 76 55 77 44 49 28 78 27 20 24 43 39 66 67 84 92 26 99 57 34 12 94 97 65 102 85 45 29 42 30 71 41 64 68 80 53 6 50 90 95 56 62 37 32 5 35 14 15 86 88 31 69 19 25 23 73 22 16 83 98 61 75 38 87 9 70 52 100 21 7 93 101 54 81 48 51 13 79 89 36 3 11 33 8 46 72 74 18 4 
7 18 78 96 45 84 60 68 70 91 43 54 93 66 94 39 89 11 46 35 19 15 58 14 23 24 81 25 48 36 5 92 88 16 67 65 51 69 50 33 74 64 28 83 1 41 12 20 8 4 40 34 82 71 80 90 13 3 29 53 49 57 6 95 22 55 26 75 86 73 2 32 52 62 61 21 30 59 44 38 79 42 9 37 31 47 87 56 10 27 17 72 77 63 76 85 
75 100 23 11 18 85 84 41 29 63 3 32 16 40 70 37 98 46 30 71 74 58 35 81 64 15 8 54 77 7 72 91 21 76 39 42 52 50 34 20 102 60 45 9 90 67 22 6 86 56 49 33 14 80 68 31 2 44 57 27 12 87 65 101 36 95 19 47 61 55 38 53 83 73 1 62 25 88 93 89 92 48 69 82 99 96 24 59 13 28 10 94 26 66 51 17 5 79 97 78 43 4 
55 85 79 40 70 105 10 77 82 72 26 28 109 61 116 17 112 101 35 97 27 51 99 118 111 48 104 16 83 110 120 49 56 80 9 53 100 88 31 13 87 33 54 6 12 41 37 95 96 29 64 8 30 19 65 117 18 91 103 93 5 107 75 25 2 52 4 106 73 113 45 7 24 14 94 89 38 23 86 36 81 21 58 46 74 3 71 122 67 123 32 90 69 22 66 50 60 68 39 102 92 15 124 47 42 1 114 20 115 98 84 62 57 59 78 43 76 34 119 108 44 11 121 63 
36 15 29 13 17 20 64 52 30 44 35 21 57 7 50 12 39 9 65 26 37 41 66 4 11 60 1 61 34 2 56 53 63 40 19 47 45 38 42 67 69 10 14 33 6 59 27 46 55 49 18 54 68 8 25 28 23 62 24 22 43 58 48 32 3 51 16 31 5 
83 33 36 54 31 67 48 65 94 7 90 74 68 93 57 18 46 70 34 39 55 59 53 49 21 62 51 56 8 16 24 71 88 38 72 44 79 25 6 84 13 75 17 3 11 4 66 85 14 86 37 12 78 1 81 58 20 95 30 80 73 32 47 10 89 35 27 26 64 9 43 91 23 76 41 40 82 52 60 96 61 28 22 2 45 15 50 77 87 5 69 29 63 92 42 19 
8 11 14 47 86 67 26 33 56 3 73 90 62 7 2 96 61 85 92 1 68 20 24 18 50 6 28 22 65 59 55 57 29 58 80 48 79 39 54 43 41 81 52 37 64 60 9 53 36 94 46 88 66 69 17 31 82 42 44 12 19 71 27 83 21 95 15 45 72 49 25 4 30 93 34 75 77 87 78 10 16 74 84 32 63 5 51 40 76 89 91 23 13 70 35 38 
50 25 8 110 69 76 3 48 33 113 123 57 74 107 36 66 44 27 120 19 96 122 46 115 40 24 54 84 61 31 102 12 17 52 83 18 4 32 75 11 15 38 59 2 63 67 105 21 87 80 68 43 70 62 5 65 9 23 13 109 77 1 28 45 56 79 90 47 72 121 73 116 97 106 117 51 103 29 85 22 81 112 100 53 58 114 6 99 125 108 78 71 35 26 118 16 30 98 82 91 88 49 119 89 14 92 111 7 94 124 101 95 86 37 126 41 34 60 20 55 104 10 64 93 39 42 
96 17 89 60 38 84 52 33 1 10 32 95 94 75 8 64 104 79 11 13 53 25 58 90 85 15 70 48 55 98 50 19 78 9 40 102 86 49 3 36 44 43 66 88 100 29 91 4 101 82 97 99 56 59 77 12 14 23 26 22 61 92 62 47 105 45 69 41 42 46 73 57 54 34 30 67 28 27 72 37 63 6 31 74 51 24 35 21 93 18 7 83 81 5 39 71 68 2 80 20 65 87 16 76 103 
44 43 64 29 1 23 62 41 27 9 21 40 48 5 33 51 14 47 13 22 50 59 18 55 17 46 63 30 3 57 36 52 61 15 2 19 53 4 35 16 6 37 20 58 38 31 7 24 10 54 45 32 12 60 39 25 49 8 34 26 56 11 28 42 
48 29 54 25 38 3 1 19 13 21 55 23 57 39 61 42 52 17 18 27 15 5 59 22 10 44 4 6 47 40 12 45 41 50 37 53 32 51 16 49 14 30 56 7 36 34 24 9 2 26 28 43 20 33 11 31 46 8 60 58 35 
55 1 9 47 60 46 59 70 36 42 108 116 10 27 21 85 109 38 83 6 78 107 74 2 17 28 12 71 62 26 118 25 24 113 99 65 96 45 111 88 22 92 37 98 72 84 33 76 80 69 52 48 119 44 54 115 66 20 81 86 30 8 112 40 93 104 114 73 19 34 58 31 56 102 103 89 14 94 110 7 32 35 63 39 61 11 4 122 97 49 18 105 95 15 77 29 5 68 117 101 91 23 79 82 106 87 16 121 3 41 64 13 43 90 67 50 53 57 51 75 100 120 
34 131 62 125 27 44 31 96 103 87 76 90 56 66 41 30 3 12 128 80 63 84 4 97 24 127 11 49 106 59 10 68 55 28 9 43 14 88 112 100 15 119 105 1 108 50 71 94 74 126 25 60 48 121 89 42 2 32 115 117 72 8 118 67 91 75 95 13 98 102 113 26 33 47 35 77 86 132 51 101 52 83 18 92 85 17 21 22 129 123 120 40 7 107 36 130 54 93 79 122 114 16 73 39 38 69 81 23 53 45 78 116 109 29 20 5 110 65 37 6 104 58 124 111 46 57 99 61 82 19 70 64 
32 54 18 3 81 91 20 85 7 71 95 50 76 46 39 15 11 30 58 97 53 87 10 93 38 44 42 80 74 52 13 98 16 101 92 77 28 89 45 57 6 60 64 67 25 24 65 29 48 36 21 2 41 69 37 103 104 27 43 102 51 55 19 9 56 75 72 105 8 31 94 4 88 82 83 47 61 62 66 63 59 5 68 96 78 86 35 34 99 73 26 90 23 84 1 70 33 12 22 14 49 100 17 40 79 
16 38 43 80 127 19 57 7 88 20 40 89 113 64 100 6 60 75 108 25 90 54 78 79 130 21 132 102 112 126 48 36 52 76 99 63 121 12 55 131 4 94 29 115 15 106 42 47 117 107 31 133 93 91 53 10 72 73 39 8 37 28 49 51 120 46 109 26 41 65 1 68 134 77 114 92 118 84 128 3 27 35 81 83 45 129 86 44 56 24 82 85 30 34 101 97 71 67 18 33 123 13 105 62 58 61 22 59 125 23 5 98 104 116 119 124 50 2 17 110 14 111 70 122 96 11 69 87 32 103 9 95 66 74 
34 17 113 33 90 95 24 38 53 58 3 28 12 49 103 107 85 100 125 96 114 23 51 84 44 47 11 4 116 18 92 41 29 124 42 22 106 110 74 83 27 14 52 43 78 105 122 117 64 81 111 62 57 37 79 30 112 68 15 45 46 19 26 87 61 1 8 31 21 73 50 118 59 39 10 82 13 9 119 108 89 70 69 25 71 77 99 65 32 5 67 104 102 72 48 101 91 76 40 97 123 16 55 75 120 86 66 7 6 88 98 20 94 54 121 93 36 115 2 35 60 109 126 56 80 63 
9 86 67 132 129 119 61 120 7 81 107 6 39 37 63 46 56 126 8 65 114 45 93 88 77 25 30 26 1 68 96 102 50 29 13 125 124 58 55 53 34 69 71 80 113 118 121 76 49 98 110 74 47 92 130 52 22 14 111 60 38 117 27 101 131 87 2 31 100 64 17 41 16 19 115 73 82 3 104 91 43 54 40 28 66 97 85 24 10 103 109 83 106 36 59 12 5 70 127 57 51 78 62 95 112 105 42 128 18 15 20 94 32 4 84 90 108 89 44 33 48 123 122 75 21 23 11 116 99 72 79 35 
26 24 16 62 36 43 41 51 28 2 58 30 7 17 8 22 33 35 34 45 9 40 64 29 4 42 48 54 38 27 23 44 21 5 11 10 60 46 15 59 52 56 31 39 25 3 1 47 61 18 32 12 63 20 55 14 57 50 53 37 19 6 13 49 
11 33 43 130 7 126 106 100 1 88 103 96 102 32 108 10 54 41 13 18 80 104 120 114 49 57 87 37 17 46 55 60 128 115 20 81 76 36 118 125 134 25 45 78 121 110 74 132 51 69 131 97 83 84 116 61 122 99 53 71 44 127 91 124 95 5 28 86 67 111 85 82 58 123 98 62 48 75 40 26 47 107 138 136 112 50 52 27 64 16 4 15 79 70 129 65 113 63 34 14 72 42 39 19 66 31 2 135 73 30 56 89 29 133 93 90 8 77 6 22 21 119 94 109 92 35 105 68 3 23 24 38 117 12 137 59 9 101 
67 134 115 150 109 30 141 63 7 44 56 135 127 33 69 131 89 148 54 111 60 138 40 62 65 79 136 48 118 18 153 81 87 24 116 76 68 13 5 26 6 32 146 73 25 46 142 94 92 80 114 55 23 9 152 107 58 84 145 72 129 128 42 120 35 37 82 14 126 39 117 122 154 125 130 121 91 17 110 43 2 1 36 52 83 147 95 74 11 113 155 124 51 70 71 104 103 97 101 41 78 29 99 19 86 105 27 132 90 98 64 21 49 34 3 45 66 31 10 47 149 96 22 102 123 59 4 144 137 12 108 50 93 53 143 151 16 140 8 28 38 139 20 77 57 75 15 61 85 106 133 112 88 119 100 
13 50 24 81 97 23 39 99 35 122 28 105 70 47 84 62 12 86 66 67 60 123 16 101 76 100 37 27 45 83 57 52 22 85 8 15 72 25 79 117 58 90 112 9 118 92 49 48 17 127 4 38 113 82 11 119 55 14 106 87 26 96 93 6 111 108 44 80 7 98 107 125 89 19 59 53 64 116 102 21 73 104 10 65 1 2 63 129 103 5 46 56 42 33 120 71 114 95 41 126 128 109 94 36 115 20 69 88 77 29 31 110 54 75 61 51 18 91 3 124 130 74 43 32 68 78 40 30 121 34 
94 8 43 76 96 129 77 73 117 123 53 124 35 91 21 16 14 25 4 112 72 125 44 108 55 132 126 10 69 39 128 106 114 67 32 95 62 138 107 139 80 41 28 3 29 15 83 65 119 63 60 46 109 88 75 86 120 22 111 50 40 61 70 74 9 115 34 13 102 79 81 66 42 105 137 98 113 27 127 130 59 89 58 36 45 82 135 64 37 87 19 57 131 5 133 11 17 118 30 121 52 68 24 49 38 31 85 140 92 93 1 6 136 48 51 54 26 100 12 47 116 110 78 23 90 104 56 71 99 103 122 18 97 101 84 33 134 7 2 20 
11 21 80 112 116 46 31 127 3 97 50 29 22 48 16 86 47 110 101 15 34 63 117 87 32 30 25 53 59 92 44 109 8 105 103 78 64 35 79 37 102 104 74 27 123 61 17 60 12 2 83 107 40 19 49 54 91 122 96 120 81 36 66 6 58 98 7 67 62 89 99 43 106 113 10 14 115 51 82 26 38 71 94 57 5 13 18 85 65 111 45 55 130 24 28 124 39 4 93 125 129 69 73 56 77 84 119 108 118 95 121 23 72 33 9 90 128 41 68 100 126 88 70 75 76 20 42 114 52 1 
13 102 130 58 57 119 30 114 64 62 155 20 89 16 35 40 65 162 44 126 108 91 154 124 93 158 60 152 71 84 168 59 51 118 79 76 92 86 37 22 25 83 105 150 3 146 50 166 121 135 103 28 128 97 82 47 46 175 38 120 117 161 33 81 21 139 147 157 48 66 61 85 39 55 10 144 111 112 164 17 54 165 163 133 169 27 29 136 88 109 115 53 106 127 42 96 70 159 134 113 151 125 90 101 107 75 149 19 172 171 15 173 34 123 12 80 23 99 63 4 68 9 95 26 98 174 142 160 156 7 148 116 104 170 140 1 72 52 141 32 78 129 131 138 45 5 145 69 8 31 74 100 67 110 2 36 73 94 122 49 77 14 18 153 43 137 143 56 167 41 87 24 6 11 132 
43 141 20 76 40 10 129 25 94 132 120 81 19 124 110 64 56 155 6 42 41 54 100 85 106 75 92 4 123 152 35 112 59 18 103 38 138 83 70 118 82 5 73 86 74 77 12 122 22 147 127 30 13 87 134 24 101 149 21 33 154 67 116 2 143 31 117 121 53 27 144 23 104 91 93 72 96 29 137 47 17 79 15 151 99 114 26 44 46 126 39 65 51 153 148 37 105 102 45 57 133 97 11 78 8 113 63 131 49 60 68 135 140 128 115 1 109 7 61 34 58 48 150 119 107 89 139 136 69 146 90 9 32 52 111 84 36 142 62 55 71 28 125 130 95 3 98 16 80 66 145 50 108 14 88 
62 24 108 112 30 4 33 57 75 55 58 100 90 101 113 119 11 36 7 46 106 48 39 89 50 6 27 103 23 84 43 51 22 79 88 29 67 78 97 18 117 56 111 66 121 8 120 95 81 114 107 45 70 102 35 94 109 31 68 115 34 83 92 38 69 60 5 26 14 1 40 96 71 52 63 80 74 72 13 15 32 124 93 47 99 61 110 53 25 105 49 73 41 10 64 28 54 77 16 3 12 104 86 9 44 59 37 21 65 116 17 85 20 118 123 76 122 42 19 91 82 87 98 2 
21 29 8 15 37 1 32 61 41 47 45 52 30 2 58 56 57 23 46 53 60 25 22 9 35 31 55 36 39 54 18 12 14 5 26 51 3 63 4 24 10 13 38 59 6 48 11 62 40 50 17 19 28 16 33 34 20 42 49 7 27 43 44 
33 64 97 101 103 1 90 46 110 95 67 40 45 28 106 36 93 79 12 98 50 96 68 107 108 53 69 135 125 22 65 70 5 71 9 35 94 29 140 61 89 74 59 102 21 84 42 32 128 120 38 115 134 47 3 26 41 8 4 81 77 31 137 49 78 19 54 132 14 131 112 55 18 44 24 117 56 15 85 60 116 138 113 6 82 87 34 57 76 75 126 109 127 13 11 121 48 111 73 91 80 136 92 66 10 16 130 100 7 39 133 104 52 124 27 72 62 129 20 2 122 119 63 118 23 58 30 86 17 83 43 139 25 99 37 123 51 88 114 105 
37 83 45 24 20 58 26 54 90 10 66 34 11 9 96 43 46 51 76 87 8 72 42 74 93 13 104 80 52 55 70 89 59 62 67 79 14 92 29 77 78 105 101 69 86 94 99 23 12 82 22 7 25 85 32 60 103 97 35 68 48 100 81 16 49 18 88 65 44 63 38 5 50 71 39 1 2 6 75 47 30 98 15 61 102 56 40 64 17 28 4 27 31 21 91 84 3 53 19 41 95 36 73 57 33 
66 129 61 65 34 131 120 127 67 77 22 84 56 85 87 55 117 41 47 52 110 27 38 9 59 132 74 31 14 39 92 68 82 112 3 63 115 95 136 94 1 11 57 80 100 123 53 33 97 99 24 126 54 69 10 46 29 58 49 119 15 64 16 73 86 124 71 30 105 37 125 81 19 79 43 128 114 106 48 96 51 113 133 83 6 13 36 111 118 90 12 35 23 25 104 20 78 44 98 107 7 8 5 4 28 116 76 70 32 134 109 60 72 42 21 40 135 103 17 93 2 62 18 91 130 101 121 26 89 108 122 45 75 102 50 88 
65 16 47 36 11 1 41 20 33 40 68 37 62 9 14 56 45 61 55 38 15 60 17 28 44 49 59 43 25 51 39 22 24 34 42 18 32 50 64 57 27 3 6 29 10 19 48 69 5 53 26 66 12 35 54 30 63 46 13 52 8 2 67 21 4 58 70 23 7 31 
14 70 88 54 61 18 71 52 85 40 16 36 13 66 46 1 43 75 55 21 83 84 47 17 26 57 33 74 81 72 87 82 51 93 34 37 27 63 64 79 42 60 86 5 19 67 10 6 92 91 59 49 78 41 38 35 12 69 2 30 11 7 9 39 44 62 50 76 68 15 89 77 28 25 48 4 20 24 29 45 80 58 90 22 3 32 53 73 8 56 31 23 65 
64 65 67 68 16 44 28 43 33 6 31 47 27 21 41 1 48 60 40 56 4 15 12 20 9 42 2 36 8 26 49 69 34 10 66 35 5 14 38 46 63 61 18 59 29 57 7 53 25 19 22 39 54 17 45 23 32 51 11 52 3 13 58 24 55 50 37 30 62 
105 9 76 10 69 4 98 51 95 87 58 11 83 71 65 13 17 45 28 32 36 68 81 101 61 60 47 53 72 88 66 80 85 1 22 33 79 44 103 12 20 18 91 42 67 89 75 90 84 63 52 92 8 31 73 54 70 59 56 34 41 2 40 14 78 74 6 7 55 77 48 50 43 16 24 19 86 15 64 104 35 39 97 46 94 82 30 96 38 3 27 5 26 57 37 99 23 25 102 29 93 49 62 21 100 
57 30 56 17 37 20 36 54 41 25 34 1 33 69 28 55 46 52 44 26 8 68 51 29 45 6 32 63 50 12 7 11 18 19 65 31 4 2 66 60 13 39 67 53 40 49 24 35 5 62 10 43 21 27 38 15 47 59 14 42 22 9 23 3 64 16 58 48 61 
46 60 104 91 118 13 36 78 4 95 51 119 49 17 75 108 22 33 19 129 96 62 74 103 94 93 7 88 107 18 115 100 25 29 21 32 90 127 121 5 71 114 20 72 48 76 113 50 58 112 54 12 10 102 70 92 9 110 31 40 124 109 34 97 52 117 65 89 47 116 82 126 43 131 6 16 69 41 86 27 128 30 105 55 73 63 8 38 106 37 123 39 67 24 125 28 64 85 59 57 66 1 132 45 26 84 98 11 101 14 23 87 53 42 130 61 15 68 80 83 3 81 79 2 44 99 120 111 77 122 35 56 
3 65 78 126 72 38 42 144 24 70 27 64 161 110 137 139 130 5 77 49 22 57 118 74 37 125 140 173 121 33 84 104 62 145 157 143 136 108 91 58 71 156 88 138 149 1 14 44 59 9 76 31 51 92 80 148 67 135 85 15 166 2 55 4 89 165 83 113 66 152 158 69 60 53 102 94 146 36 56 68 19 26 30 21 141 122 133 106 25 13 160 48 99 52 23 172 6 164 124 28 170 75 73 127 117 167 105 132 142 101 12 87 43 10 120 50 82 7 107 61 169 86 116 115 32 16 171 41 8 150 34 39 17 100 174 63 20 79 45 109 129 159 93 128 114 175 112 29 103 40 119 168 96 18 153 147 154 131 98 151 97 90 81 95 162 47 54 46 134 11 35 123 111 163 155 
33 72 40 83 1 12 25 61 15 47 67 84 42 26 56 16 2 58 44 18 30 96 28 59 6 21 95 64 10 43 69 60 94 3 68 82 71 62 81 9 73 57 49 37 4 20 76 19 23 75 87 86 45 14 13 17 29 46 52 39 63 55 27 85 11 92 36 90 34 7 65 8 53 74 35 80 32 50 38 41 22 89 77 91 79 48 88 24 93 78 54 51 66 31 5 70 
102 20 25 62 38 111 85 125 75 9 87 46 24 81 26 110 40 66 69 78 95 93 1 73 109 43 30 58 126 106 39 50 90 76 19 63 122 28 15 21 131 3 123 71 59 64 82 127 129 80 98 116 44 4 124 74 56 55 35 41 96 107 79 99 134 10 51 118 7 11 133 23 12 37 16 115 119 29 101 60 103 97 27 54 112 92 130 8 117 114 2 53 83 49 105 34 108 72 14 67 61 17 48 91 42 121 84 45 52 47 31 86 13 89 70 132 113 36 68 128 120 100 32 22 77 65 6 57 18 5 33 88 104 94 
46 129 14 65 109 1 126 95 93 111 54 86 114 4 115 118 96 61 49 15 119 101 72 67 16 26 2 43 71 44 106 130 82 5 60 57 90 35 20 6 68 11 12 69 28 52 33 59 41 23 83 76 113 36 50 31 128 92 3 51 94 10 30 29 55 62 122 7 125 84 34 73 58 64 102 105 53 56 81 17 27 104 103 22 112 124 24 99 9 108 37 100 120 13 117 88 74 79 32 77 18 70 40 91 80 19 78 89 38 66 121 39 42 63 127 123 107 98 110 48 85 45 25 116 87 21 47 75 97 8 
100 104 95 10 59 57 83 110 15 4 51 5 41 77 62 17 20 36 93 13 86 81 45 54 78 94 26 43 8 106 89 23 119 27 12 63 66 68 52 98 48 9 112 24 109 87 121 79 64 82 40 19 117 47 116 50 53 122 92 70 90 97 96 29 21 118 101 6 25 71 39 108 75 61 55 30 1 44 120 3 103 84 2 34 115 107 65 85 18 7 46 73 69 22 99 14 42 67 31 32 35 38 33 105 111 16 72 28 11 114 80 60 58 56 102 74 88 37 91 76 113 49 
47 28 14 31 51 25 26 46 55 44 33 57 30 32 3 50 24 62 22 6 1 2 58 43 16 53 60 37 27 7 10 49 45 20 65 40 5 35 52 21 41 11 48 4 59 38 64 29 34 18 13 17 15 63 19 56 42 61 8 39 9 23 36 54 12 
112 137 114 42 46 73 78 40 126 67 122 103 108 35 105 119 92 21 80 13 64 5 102 24 96 61 111 83 65 77 88 57 52 9 16 121 91 70 75 128 125 31 79 47 34 22 18 93 17 20 97 44 129 123 36 107 43 63 84 30 86 55 27 124 25 89 127 53 14 117 87 81 85 133 118 109 4 48 50 11 49 100 110 58 39 7 120 106 54 99 15 135 32 138 12 104 2 72 82 8 76 28 10 23 60 1 134 3 29 90 69 45 116 130 19 66 59 62 95 56 113 51 38 136 41 115 101 6 68 94 37 74 98 26 131 33 132 71 
70 100 125 1 102 21 54 47 153 90 142 141 4 122 22 78 42 115 104 40 41 121 140 60 111 3 50 26 98 61 28 45 106 108 119 66 91 12 68 10 97 93 20 113 9 83 72 95 34 133 57 107 62 132 136 49 148 19 134 58 89 8 64 86 151 128 130 52 155 53 67 154 36 18 25 32 76 152 99 63 33 81 80 129 87 59 13 92 150 114 55 116 48 37 79 5 17 69 11 138 29 77 135 124 105 44 43 65 94 127 120 96 30 146 82 74 31 101 144 51 7 145 123 71 6 131 126 2 73 27 14 84 35 24 103 38 15 109 149 112 139 56 88 110 46 85 23 147 16 118 143 39 75 137 117 
56 4 101 111 72 74 108 106 61 114 92 58 90 46 37 116 76 30 69 85 5 83 71 62 40 79 95 54 20 7 29 70 100 6 64 36 19 77 25 52 84 50 39 13 2 94 1 35 78 88 119 96 41 15 55 87 89 117 59 33 51 81 102 22 109 45 110 31 23 14 107 3 60 120 12 75 112 53 105 47 28 82 16 91 38 103 80 18 113 73 11 63 17 57 49 10 122 118 68 48 21 86 34 104 42 27 97 43 66 44 121 93 67 26 8 98 24 115 65 32 9 99 
30 29 32 35 48 27 43 12 5 54 44 9 57 28 8 60 25 26 55 2 49 10 4 59 6 56 16 3 15 45 58 21 61 46 1 63 40 39 41 34 13 18 23 11 7 38 62 50 22 33 31 53 24 36 37 20 47 14 42 51 19 17 52 
128 8 59 119 139 69 67 29 51 47 71 65 18 89 37 115 134 106 121 120 15 60 136 49 153 133 5 27 91 122 108 56 76 75 140 112 14 52 155 17 87 54 73 130 72 149 96 141 74 58 46 16 68 25 19 125 30 138 90 38 92 103 26 10 88 148 13 28 6 101 41 131 147 11 62 44 154 39 34 55 109 36 83 97 64 82 42 78 145 85 50 146 129 31 150 23 142 66 135 102 94 127 33 118 151 61 132 123 107 117 124 111 104 43 3 86 80 144 9 77 110 48 53 20 114 2 40 7 35 113 116 79 137 63 24 32 21 100 105 4 95 22 1 12 57 45 126 152 84 81 99 70 93 98 143 
38 19 62 39 86 89 43 60 9 40 81 24 55 54 85 63 6 30 47 8 42 76 11 69 34 37 80 32 74 68 73 18 7 4 26 66 23 58 16 59 51 70 46 14 91 84 82 36 57 28 87 88 52 12 33 75 45 13 31 65 53 44 78 17 41 50 5 2 93 64 3 61 25 20 48 49 22 15 92 67 77 79 1 27 29 71 72 10 56 83 21 35 90 
60 113 79 110 40 48 93 70 9 76 105 69 97 122 82 21 24 59 129 98 7 12 8 107 1 31 55 26 57 16 38 41 17 127 92 95 77 119 111 47 115 50 118 64 74 33 71 63 11 15 43 68 66 65 94 14 23 88 13 81 18 36 56 49 135 120 32 44 22 117 126 54 5 39 102 61 52 99 86 133 96 75 46 116 136 78 128 6 124 125 35 112 131 2 80 27 103 89 58 3 20 106 101 123 67 104 73 37 29 84 114 121 108 72 85 83 45 90 62 132 34 4 42 28 91 25 30 51 100 109 130 53 10 87 19 134 
59 38 32 12 15 27 18 5 41 4 29 61 16 43 54 34 44 19 51 1 35 48 26 11 50 62 42 63 28 31 39 33 36 6 23 7 53 3 67 9 66 13 21 45 30 52 40 49 64 20 56 60 8 57 55 2 58 14 25 65 22 17 24 47 37 10 46 
39 113 67 14 4 83 13 111 3 66 12 69 53 62 45 95 122 30 64 32 56 50 87 90 101 9 104 40 48 49 94 99 1 100 2 109 55 76 115 41 98 26 57 60 82 10 11 107 22 118 114 16 37 20 25 52 74 33 23 65 110 36 46 61 85 119 63 86 43 79 106 42 38 68 18 58 121 17 88 80 112 84 5 15 108 21 35 102 8 92 24 123 6 28 27 89 44 73 97 105 93 116 31 7 47 77 29 70 19 124 72 81 78 59 117 120 91 51 75 103 34 96 71 54 
62 80 110 16 45 119 38 57 22 121 3 73 66 51 84 126 11 44 123 91 19 103 71 7 89 48 58 46 95 125 59 124 109 8 4 69 77 97 61 31 129 99 96 72 35 70 94 79 102 36 41 88 115 60 17 104 28 25 18 122 54 83 130 68 27 10 118 26 98 90 78 40 32 128 92 82 47 86 55 65 9 13 56 12 67 114 93 101 23 105 5 49 52 111 87 1 100 106 74 116 64 37 29 14 85 108 2 21 43 42 81 24 112 113 6 107 20 33 63 53 120 39 30 127 50 15 76 117 75 34 
133 27 33 68 39 4 128 103 44 110 52 25 16 30 124 131 70 41 129 123 71 59 94 12 83 109 17 38 104 100 111 55 60 40 47 20 62 95 91 92 50 8 115 120 76 57 37 6 22 134 119 14 113 45 24 5 114 34 112 118 106 67 81 77 85 90 54 9 61 89 42 19 96 58 49 117 69 98 101 75 84 11 127 43 99 80 74 126 136 130 53 122 87 31 105 82 86 26 36 3 21 64 51 97 72 125 32 1 73 132 108 56 79 65 29 18 116 66 46 93 102 15 28 10 23 78 88 121 48 2 35 63 135 13 107 7 
13 58 10 70 63 12 1 18 25 41 39 21 69 16 4 15 36 22 45 67 24 2 7 3 57 29 32 56 66 33 44 40 51 19 14 30 46 59 6 50 38 65 37 53 17 60 9 20 5 28 64 11 48 42 27 31 61 55 43 34 8 35 68 54 47 52 26 49 23 62 
116 27 58 8 30 75 100 54 35 45 24 104 37 123 128 53 70 55 127 93 17 40 22 68 44 131 69 110 130 107 67 119 73 13 106 62 39 57 33 49 84 99 26 14 103 117 114 125 41 111 91 51 36 42 94 20 109 112 88 60 102 6 92 47 77 1 74 113 38 95 3 83 15 5 19 121 52 56 85 16 28 115 72 108 32 43 59 81 82 21 118 18 2 10 96 89 66 29 132 61 64 86 79 4 7 98 90 97 101 11 122 120 105 31 34 9 80 76 12 46 50 63 87 65 71 126 78 25 23 48 129 124 
