10 58 17 38 42 48 2 32 52 26 67 59 21 63 49 64 7 51 56 28 1 62 53 61 57 33 30 11 41 35 9 37 19 47 45 18 68 69 8 24 54 16 20 3 55 29 46 50 39 27 34 31 66 36 65 23 40 5 6 43 22 13 15 60 12 25 44 4 14 
28 34 46 63 58 24 41 27 1 62 23 18 17 8 30 69 47 32 21 36 51 19 66 43 54 12 6 20 31 45 39 55 61 68 57 50 52 13 26 44 42 59 3 33 7 56 10 38 2 48 11 25 53 22 65 29 5 60 67 49 14 9 35 15 4 16 37 64 40 
30 17 55 29 47 48 4 51 68 58 9 69 64 63 32 37 33 43 19 24 20 12 13 15 34 50 26 44 3 6 59 27 21 14 35 57 66 5 56 11 53 31 39 28 8 25 2 54 67 52 40 1 61 38 65 62 45 46 41 42 23 10 60 18 22 7 36 16 49 
63 58 3 33 64 65 68 56 42 53 12 5 7 23 66 60 18 9 24 37 29 44 51 15 47 22 21 39 45 57 13 50 32 62 6 40 20 4 54 49 26 14 36 59 30 46 1 61 43 69 17 34 38 31 25 8 28 19 48 16 41 55 2 67 11 10 35 27 52 
52 26 14 38 25 12 31 42 8 57 28 23 37 13 24 22 20 32 7 68 2 11 56 62 49 3 36 39 17 53 46 30 16 55 34 40 15 1 48 29 58 21 9 64 54 27 60 35 44 10 4 19 61 67 63 18 45 6 5 59 69 50 51 47 66 43 41 65 33 
28 3 25 64 63 50 22 5 14 69 37 35 30 18 44 59 36 19 1 54 58 17 61 13 23 67 65 46 24 39 55 12 16 21 53 32 66 15 62 34 20 4 8 57 10 29 43 42 52 26 6 27 48 38 68 45 31 51 47 2 33 49 41 11 7 60 9 56 40 
41 24 1 62 57 4 58 38 35 45 23 43 20 16 27 32 42 63 13 6 53 26 66 21 28 69 52 5 9 37 7 49 44 12 40 65 50 11 17 29 3 55 31 68 25 8 48 59 61 56 60 10 39 36 2 46 47 15 19 51 34 67 54 64 18 33 30 22 14 
35 22 21 54 57 66 56 61 44 27 48 59 53 40 36 18 34 65 49 24 50 33 69 51 42 15 43 26 2 13 62 52 41 20 45 64 32 28 16 14 25 7 55 67 4 31 37 12 17 38 19 8 29 60 11 1 6 9 47 3 10 68 5 46 23 39 58 63 30 
58 2 13 29 28 11 8 5 62 68 4 10 40 47 49 46 19 35 50 65 14 9 39 61 60 12 44 23 41 15 1 37 69 55 30 3 25 45 56 33 57 51 48 43 63 7 59 6 20 31 17 67 32 27 64 53 52 24 38 21 16 36 18 22 34 54 42 66 26 
43 14 54 30 64 53 6 11 21 39 3 41 46 49 50 17 27 16 48 40 15 44 60 19 29 52 33 47 4 8 13 65 9 12 7 62 28 63 20 37 25 38 24 45 35 69 42 18 58 23 61 66 56 59 22 2 32 34 26 55 67 57 31 1 10 68 5 51 36 
39 9 33 4 44 62 51 20 29 52 57 41 42 45 36 46 69 34 2 66 37 5 43 6 8 16 26 53 13 25 63 17 61 3 18 21 54 55 22 38 58 59 65 12 64 1 60 31 40 56 32 7 10 11 23 24 49 27 28 35 48 19 67 14 47 15 50 68 30 
1 4 33 30 39 69 8 10 35 18 68 15 62 53 22 67 58 60 37 14 38 59 43 21 54 55 50 28 52 32 7 6 57 20 17 46 24 31 66 16 2 11 44 26 51 41 40 9 5 42 61 29 13 64 23 45 56 12 3 34 25 47 65 27 19 36 49 48 63 
42 54 14 68 61 4 62 20 48 10 57 60 58 34 44 47 27 18 37 69 11 56 30 67 29 31 53 40 55 24 43 1 66 26 12 9 59 23 22 32 38 52 39 35 5 28 46 33 25 17 50 2 16 49 63 15 13 41 51 7 19 64 21 6 45 36 8 65 3 
48 39 30 17 60 2 56 1 15 68 5 7 64 18 25 44 26 40 16 51 31 59 24 27 58 6 9 33 12 21 54 49 69 14 63 23 32 65 28 34 35 22 50 41 45 4 3 61 38 53 10 19 8 66 62 57 52 13 20 36 55 67 42 46 11 37 29 47 43 
36 49 61 20 33 39 24 53 2 8 10 23 51 25 40 31 52 18 54 66 64 3 60 13 44 57 35 7 69 68 67 12 30 14 15 1 48 4 17 6 16 46 11 19 50 26 43 21 62 55 34 63 47 29 58 9 37 42 5 59 45 22 65 27 41 38 28 56 32 
36 52 28 44 15 16 7 4 35 24 25 68 66 59 51 32 43 55 54 2 1 6 20 61 14 31 10 56 42 3 57 21 30 23 41 37 46 18 69 67 53 60 62 26 27 33 22 11 45 38 47 63 39 48 65 17 64 13 49 12 40 34 58 5 50 29 19 8 9 
61 6 41 69 3 42 40 13 10 39 20 2 19 27 29 37 46 23 7 15 31 26 55 33 9 17 62 48 49 43 5 54 52 12 25 68 65 57 47 30 34 51 14 16 58 53 32 50 45 24 18 36 44 60 21 66 8 59 22 35 11 67 1 4 63 28 56 64 38 
31 63 52 44 37 32 49 69 33 35 40 10 26 16 45 56 11 66 62 27 30 20 19 64 21 60 41 54 17 53 59 1 7 67 22 3 61 36 65 13 51 2 42 48 24 43 38 15 58 29 23 57 18 4 34 47 9 8 5 68 39 50 46 28 25 55 12 14 6 
58 61 50 1 42 55 64 53 3 54 62 24 32 35 20 34 17 68 33 18 31 52 30 36 40 38 6 43 21 15 60 11 7 13 9 66 48 65 19 44 37 25 23 16 63 4 57 27 26 41 14 10 69 12 39 51 67 47 2 45 29 8 56 49 5 28 59 22 46 
16 30 49 47 54 34 1 10 13 63 61 18 27 20 65 45 12 59 6 46 56 25 38 23 7 39 11 36 3 19 9 58 29 67 62 60 32 69 41 8 33 17 35 52 22 57 64 28 44 40 48 68 26 4 66 14 5 15 43 50 31 2 37 21 24 51 42 53 55 
1 10 63 18 67 19 54 2 37 52 8 9 62 22 39 12 51 30 44 64 33 20 4 7 45 56 40 31 43 36 65 16 13 34 66 60 6 14 29 3 17 25 26 47 50 48 27 41 68 53 38 11 23 58 61 55 42 35 28 69 32 24 59 5 21 46 49 15 57 
11 18 64 40 35 53 3 62 7 10 12 59 43 46 6 17 42 20 65 58 47 45 30 28 16 31 33 51 24 55 38 9 1 41 27 48 67 25 69 63 54 19 21 14 50 36 61 2 29 52 60 34 26 44 37 4 23 8 49 66 5 57 39 22 32 15 56 13 68 
34 37 46 48 57 26 69 58 11 24 38 27 4 35 20 23 15 13 9 59 43 41 50 22 62 1 54 45 6 19 10 47 65 30 64 32 36 2 51 60 25 18 21 8 39 14 29 56 61 44 52 66 55 3 49 40 7 68 33 17 63 53 67 5 12 31 16 28 42 
45 63 31 53 64 42 58 23 57 4 28 19 13 36 48 60 33 2 32 26 38 68 41 24 15 56 11 9 46 1 37 59 30 14 25 49 27 6 62 12 21 65 34 50 54 43 29 66 10 18 67 39 3 69 52 40 55 61 35 16 47 20 7 5 51 17 44 22 8 
57 54 27 13 49 12 56 4 17 28 5 8 34 32 21 16 64 19 40 1 2 44 22 42 31 59 63 18 47 66 10 62 69 58 15 33 43 30 39 60 52 29 67 24 3 61 23 7 6 14 45 50 11 53 36 48 20 46 38 55 51 37 65 68 25 41 9 26 35 
9 18 25 64 22 12 47 7 23 51 43 38 62 6 52 28 63 21 41 48 19 59 40 20 26 53 3 1 29 35 55 31 24 30 33 60 36 16 17 44 67 45 11 66 15 49 4 65 5 13 69 58 50 68 34 8 37 57 56 2 14 46 39 42 10 27 61 32 54 
27 33 18 50 35 1 17 22 67 12 8 44 32 43 11 19 31 39 14 3 65 13 24 23 30 59 55 28 34 20 5 6 63 9 57 62 37 49 45 4 10 48 42 26 29 7 38 53 60 21 16 69 56 66 68 2 46 51 41 58 15 54 64 61 40 36 52 25 47 
62 68 40 26 32 52 28 39 56 41 47 61 19 20 23 29 57 27 38 36 10 33 3 60 4 18 59 42 58 53 37 22 17 25 14 51 66 8 13 46 55 11 54 16 44 65 6 45 30 49 12 34 9 1 43 15 69 5 2 64 63 24 7 50 35 48 67 31 21 
21 12 36 57 39 48 69 62 56 27 60 17 59 34 4 61 29 49 46 40 58 47 52 6 19 32 13 8 41 1 51 31 45 9 53 7 54 25 38 68 30 20 10 50 44 26 5 65 11 18 2 15 14 42 22 37 43 55 63 67 35 3 33 66 28 64 16 24 23 
18 62 10 13 15 9 64 51 61 43 45 24 48 11 5 42 8 66 54 6 40 46 12 4 28 29 14 41 68 3 1 67 39 35 36 57 60 50 26 30 52 33 37 44 27 19 56 16 65 69 17 31 7 34 58 23 49 47 21 20 38 55 25 22 59 2 53 32 63 
25 20 37 16 67 57 44 60 14 50 36 46 65 29 2 35 31 11 68 21 18 6 41 48 52 66 62 9 33 54 13 45 51 19 43 55 4 63 24 49 15 47 3 1 17 61 8 10 28 56 38 22 40 64 12 7 5 69 27 34 39 26 59 32 30 23 42 53 58 
13 35 29 5 6 64 7 11 34 56 31 57 2 33 54 55 43 22 17 60 18 69 44 14 38 50 39 66 65 48 42 47 25 68 3 4 20 63 41 36 32 59 61 51 8 30 45 10 52 53 9 24 27 49 37 58 26 23 19 40 16 1 28 12 62 15 67 46 21 
4 65 52 27 56 16 2 19 59 60 30 24 25 42 10 9 37 29 49 64 63 43 8 22 20 47 31 50 38 58 46 23 3 33 36 18 51 66 53 6 44 41 5 61 45 69 67 32 35 48 26 62 68 12 28 14 21 7 34 1 54 40 39 15 55 57 17 13 11 
15 51 62 20 5 55 69 49 64 11 40 23 46 12 9 17 22 3 60 61 38 47 29 42 4 63 37 36 19 53 56 50 34 67 13 45 39 26 35 6 44 7 16 25 48 57 8 58 33 68 14 24 52 43 2 32 41 18 10 65 31 59 54 66 30 1 27 28 21 
14 31 2 13 62 32 57 47 26 38 55 68 12 23 25 64 37 35 9 63 46 4 18 39 61 58 66 15 53 20 11 22 43 41 69 67 45 16 17 8 44 28 42 51 7 27 59 5 60 6 40 49 56 52 48 10 33 29 19 3 30 21 1 54 50 34 24 36 65 
23 8 59 37 65 32 36 38 22 5 53 2 34 30 29 57 33 15 55 9 24 64 6 45 25 35 10 21 16 13 17 27 69 46 14 42 19 7 39 68 51 43 41 49 48 62 67 4 52 12 63 66 26 3 1 18 54 20 58 11 61 47 40 60 44 50 31 56 28 
8 42 50 1 12 58 64 31 22 9 36 25 57 47 37 23 24 66 35 19 33 4 13 14 15 20 21 27 56 40 69 5 34 49 60 53 65 59 26 55 46 29 62 11 7 68 2 28 44 3 51 39 17 41 32 67 48 38 54 30 16 43 63 45 18 52 10 6 61 
17 1 6 36 29 11 31 59 38 42 22 53 45 50 58 30 4 54 8 63 40 47 34 69 3 18 19 5 60 35 52 23 41 26 13 20 24 9 61 15 44 49 48 68 51 37 57 56 67 43 28 55 46 65 66 62 33 32 14 2 25 7 10 21 16 12 27 64 39 
5 58 69 19 30 32 52 66 42 26 38 57 35 40 18 15 20 39 44 47 36 43 9 25 4 1 17 28 55 61 29 14 21 45 37 68 13 2 49 56 6 67 11 23 50 10 31 65 8 54 62 22 51 48 24 33 63 3 64 41 59 7 12 60 27 53 16 46 34 
11 44 50 45 46 51 58 1 65 52 19 4 2 69 60 30 18 9 29 61 20 22 68 54 49 28 16 43 25 35 42 67 62 34 7 12 6 8 13 36 26 3 17 27 31 24 53 33 57 10 55 14 59 41 15 64 38 47 48 37 66 32 23 56 5 21 39 40 63 
28 60 19 29 49 2 25 58 63 51 47 27 4 11 18 46 17 36 26 23 33 35 5 53 14 30 65 61 32 56 69 48 3 55 1 7 50 16 40 45 34 62 66 41 21 20 24 67 42 44 9 54 68 15 39 57 38 37 6 31 10 43 13 64 52 59 22 8 12 
40 50 5 59 18 54 12 66 44 65 16 23 2 22 35 17 4 48 37 32 24 64 58 57 41 8 42 31 69 9 20 61 53 47 62 10 14 1 43 25 6 36 13 28 34 7 49 30 45 29 67 15 3 63 46 11 55 26 38 39 27 68 52 19 60 33 51 56 21 
32 42 23 48 11 21 35 4 8 18 67 26 50 19 65 62 44 12 40 5 57 53 25 24 68 39 63 59 29 31 52 45 36 41 30 7 16 69 51 14 28 37 60 13 56 22 2 3 9 15 54 55 6 27 10 43 64 47 58 66 1 33 20 34 49 38 61 46 17 
3 26 27 53 59 65 57 40 8 18 9 41 66 34 45 23 43 31 19 16 56 50 7 49 42 2 35 68 55 13 20 14 46 60 58 33 67 44 36 54 37 12 39 32 38 51 21 48 25 29 11 62 69 28 24 61 6 17 30 63 47 52 22 5 15 64 10 4 1 
64 58 17 12 14 19 30 69 4 9 28 21 5 62 41 43 45 38 65 39 1 57 68 67 47 44 22 35 52 27 48 25 51 16 26 60 42 3 18 20 53 54 61 13 24 49 66 55 36 59 8 7 50 34 56 29 10 63 46 31 40 2 33 15 37 32 23 6 11 
16 18 47 65 23 17 22 38 50 40 19 51 34 31 59 54 39 9 1 29 12 10 61 48 64 35 63 52 30 62 57 43 55 27 2 13 69 58 53 28 21 3 7 6 20 37 49 44 41 24 45 42 5 56 32 11 36 26 4 66 68 60 8 46 67 14 15 25 33 
47 26 23 64 15 42 27 7 65 69 9 66 37 45 41 39 2 36 24 33 55 56 13 63 19 44 46 57 1 35 31 29 30 25 40 22 51 48 53 59 34 10 58 68 6 61 43 16 20 50 14 32 62 18 17 4 21 28 38 8 12 11 52 5 60 49 3 54 67 
54 20 46 6 40 2 50 23 4 51 59 38 68 3 64 65 69 25 43 53 49 55 47 7 35 22 28 39 45 18 66 10 58 1 33 29 67 24 61 19 37 16 32 17 12 21 42 60 9 13 44 48 57 63 52 62 31 30 41 5 36 11 8 14 26 34 56 15 27 
27 24 59 50 38 8 30 63 22 65 16 28 23 43 49 14 68 42 62 19 25 36 32 64 3 44 13 54 29 21 1 37 2 40 18 69 10 41 66 45 34 6 12 56 7 20 15 57 11 46 39 52 67 53 58 48 61 9 26 33 5 35 47 55 4 60 17 51 31 
42 12 8 14 22 53 50 38 17 43 39 1 25 33 36 49 2 4 44 68 29 61 11 10 56 34 26 66 46 28 37 13 45 62 16 6 47 21 23 9 65 7 5 55 31 67 69 60 57 15 59 63 30 3 48 64 51 20 58 41 54 18 35 19 24 52 40 32 27 
53 35 36 58 27 10 2 55 31 61 12 24 32 67 40 18 51 60 57 6 39 23 43 41 59 15 4 64 49 37 30 14 5 48 54 21 47 66 62 52 7 50 9 38 42 1 26 16 11 8 17 68 29 69 25 46 56 65 20 45 33 13 63 3 22 44 19 34 28 
42 16 51 12 21 27 29 58 57 1 39 50 15 45 36 35 5 40 64 28 19 18 25 59 33 47 13 14 65 62 49 8 55 11 10 68 46 37 38 20 67 9 53 69 52 43 4 48 61 23 30 56 3 6 54 66 2 26 60 41 24 22 44 63 31 17 7 34 32 
61 48 12 25 4 2 9 54 66 57 60 14 39 53 59 45 13 17 52 67 19 43 58 55 69 64 22 37 50 56 20 23 21 7 27 26 29 62 30 44 40 63 46 51 34 41 8 68 36 6 28 33 11 18 42 47 35 5 16 38 32 49 3 15 31 65 24 10 1 
46 23 49 1 17 47 12 21 54 11 61 24 14 22 8 68 37 33 7 20 9 53 66 57 45 41 64 56 34 18 25 19 62 31 44 13 4 32 50 58 52 55 51 63 15 48 29 67 28 2 10 69 59 43 40 36 3 27 16 30 60 38 26 6 39 35 42 65 5 
63 7 60 12 22 23 45 59 32 56 42 53 68 14 8 33 39 65 37 31 29 50 67 55 44 2 21 38 4 48 64 20 11 66 52 25 69 47 34 15 16 24 46 30 18 26 17 5 36 27 57 1 9 58 40 41 54 51 13 62 10 35 6 43 3 61 49 28 19 
18 52 58 17 10 22 15 44 9 35 54 53 23 19 26 4 49 8 55 24 43 31 48 5 1 61 41 28 27 51 6 40 63 3 45 2 32 60 37 65 29 12 57 68 46 36 62 42 21 64 20 13 38 33 69 66 47 34 30 56 11 67 7 50 25 16 39 14 59 
33 4 27 11 42 3 21 44 9 56 8 6 1 52 5 12 47 15 59 13 60 25 37 22 45 43 53 20 29 34 64 61 68 36 46 66 10 24 41 23 62 26 63 14 57 55 65 48 67 7 17 50 51 49 19 54 16 69 39 35 58 40 31 18 28 30 38 32 2 
40 62 56 29 58 11 14 35 21 67 47 57 22 42 24 12 53 45 66 48 32 5 7 3 51 36 59 64 37 27 6 28 33 1 15 8 44 46 34 65 10 43 39 26 20 60 30 54 61 18 16 25 41 23 38 68 2 9 69 50 63 13 49 17 31 4 52 55 19 
18 7 22 9 55 54 31 29 37 5 12 63 3 61 26 6 11 40 49 16 58 56 2 20 4 66 36 69 43 1 15 25 30 67 14 13 59 47 53 8 51 60 68 44 32 19 57 21 50 46 34 28 24 38 41 17 52 39 48 64 35 62 65 45 42 27 23 33 10 
34 31 30 26 3 25 38 4 7 33 66 56 2 41 69 22 1 42 6 36 24 32 68 16 60 52 58 40 13 18 64 12 62 47 46 51 55 35 65 28 15 21 67 37 23 19 20 8 5 57 11 10 50 27 45 44 59 43 17 9 48 49 63 14 29 39 54 53 61 
48 25 42 36 30 44 56 45 54 51 67 53 18 3 10 4 47 34 22 43 14 12 17 65 38 59 62 21 50 61 37 66 58 69 9 35 49 28 13 60 40 15 29 52 6 32 64 55 5 41 63 27 46 31 68 7 39 33 8 24 2 23 11 1 19 16 57 26 20 
28 17 12 66 50 6 20 53 43 22 29 26 3 51 69 1 31 4 49 24 27 61 57 44 40 30 56 2 35 19 41 32 11 36 10 55 42 5 9 67 7 16 65 13 39 54 25 45 8 58 62 37 52 23 14 48 64 33 68 46 63 18 47 60 38 34 21 15 59 
55 11 22 24 69 26 8 19 68 52 28 54 65 6 40 58 17 18 31 20 49 9 23 25 35 61 66 48 59 43 33 16 1 46 60 45 47 41 2 7 50 32 36 38 44 53 56 10 29 30 13 51 34 4 14 57 3 39 27 64 62 21 15 67 37 5 63 42 12 
1 38 52 69 51 31 25 8 50 53 21 11 45 66 64 10 37 33 5 46 63 48 34 49 7 12 57 18 20 28 39 19 16 60 61 22 36 42 27 55 9 59 2 58 56 3 65 40 44 30 17 41 67 24 4 13 47 35 15 29 54 26 6 62 14 32 23 68 43 
24 31 67 56 59 63 54 61 58 28 38 39 33 36 48 10 15 9 8 12 26 60 65 20 5 13 2 6 21 3 30 43 19 22 35 50 57 16 23 34 17 66 51 69 45 40 11 41 46 47 64 27 1 52 25 29 68 55 44 62 42 53 18 32 14 7 4 37 49 
23 4 17 22 40 32 39 57 44 36 13 33 30 9 35 65 5 8 46 67 64 31 68 7 2 60 63 37 55 34 56 18 52 54 20 66 48 11 12 53 21 25 69 6 14 3 51 10 38 43 24 28 58 49 59 45 29 61 50 47 15 16 26 19 62 42 27 1 41 
21 68 54 7 29 55 24 48 36 1 40 19 18 51 59 38 34 37 62 14 31 9 23 13 63 8 65 4 32 43 42 47 28 41 56 33 69 5 67 27 26 39 64 57 60 35 53 52 44 46 45 58 66 22 2 6 10 25 50 49 3 17 16 61 20 30 11 12 15 
62 52 68 45 46 23 33 40 42 66 54 60 35 2 37 15 41 27 24 38 20 30 8 5 12 25 69 44 56 32 13 11 53 7 18 49 26 14 1 4 21 19 59 31 10 67 28 61 48 65 16 43 47 22 51 34 63 29 17 57 64 39 6 50 3 58 9 36 55 
46 22 1 10 30 62 36 2 65 35 54 25 4 19 14 45 24 17 33 5 61 48 38 59 68 3 11 16 29 66 39 64 8 40 53 69 12 43 44 37 18 21 52 28 51 26 27 34 50 57 6 13 56 32 7 47 23 60 67 63 15 55 49 31 20 9 42 58 41 
45 23 14 24 65 19 53 9 28 4 11 17 33 16 36 10 41 51 2 35 42 62 50 20 32 58 49 60 38 66 21 61 26 47 34 37 27 29 52 48 5 15 56 22 3 40 8 67 63 55 1 18 54 64 13 31 12 30 46 7 39 68 25 69 59 6 44 43 57 
27 34 11 22 56 36 16 25 42 53 49 29 20 45 43 9 2 5 13 57 51 1 14 69 35 55 28 58 60 12 65 7 17 63 54 39 30 59 61 3 48 38 33 46 40 19 18 66 47 62 10 41 67 4 8 68 15 44 52 6 24 26 37 21 50 23 31 64 32 
10 61 11 50 41 9 48 15 51 46 53 33 49 65 4 40 67 12 36 20 8 43 17 31 34 35 39 37 2 1 60 25 29 57 64 56 47 7 55 24 62 63 44 54 28 26 32 59 38 5 13 6 58 14 69 52 16 22 68 30 19 3 23 18 42 21 45 66 27 
3 25 32 58 30 19 17 47 52 28 45 20 43 50 66 16 27 55 18 51 31 15 10 61 41 9 65 2 54 5 57 44 21 48 62 24 37 67 63 36 56 39 34 13 42 8 68 26 60 46 22 14 23 6 12 35 1 7 40 69 4 64 29 53 11 59 38 49 33 
15 56 68 57 12 13 29 36 24 52 45 63 30 61 31 46 14 64 38 55 20 28 25 11 50 10 1 35 58 49 19 47 6 32 33 23 42 5 21 53 44 43 59 40 4 51 7 54 22 18 66 48 62 37 39 3 69 27 60 67 34 65 2 17 26 8 16 41 9 
26 32 45 35 50 65 54 60 12 58 55 46 31 66 62 10 41 47 29 61 20 9 11 49 52 6 36 37 24 57 63 44 28 5 42 4 14 51 19 3 8 22 67 27 21 43 68 7 53 18 2 40 1 23 39 34 13 33 59 69 17 38 16 15 64 25 56 30 48 
51 63 61 56 62 38 32 54 40 60 47 52 5 30 45 37 27 41 29 67 36 4 34 68 6 14 11 13 46 7 9 15 18 53 24 3 20 21 58 8 49 48 35 2 16 31 55 44 66 1 25 65 19 50 22 69 64 26 33 42 43 23 10 59 39 28 17 12 57 
21 69 42 51 7 37 26 32 47 25 12 22 28 1 19 68 9 45 48 43 20 2 60 14 34 62 23 59 35 3 31 13 16 53 8 10 49 15 52 5 17 64 63 65 41 39 44 50 67 66 55 29 33 4 6 11 30 18 46 57 56 36 54 61 58 40 27 24 38 
67 64 46 13 47 29 15 31 24 11 45 10 35 19 60 56 7 63 43 21 6 65 38 4 69 50 9 16 23 17 66 39 32 62 49 30 14 59 52 40 68 8 57 53 54 61 2 22 37 20 33 1 26 58 34 12 41 51 55 3 36 25 28 18 27 48 5 42 44 
22 40 17 32 16 34 56 44 14 19 39 35 52 33 27 43 6 24 20 9 48 28 3 10 69 2 45 12 7 57 15 60 53 68 1 50 67 59 65 23 25 41 46 49 29 31 63 8 54 42 37 26 30 55 58 62 11 5 61 36 21 4 51 47 18 66 38 64 13 
57 6 14 26 28 40 30 10 31 9 1 69 27 17 13 39 23 29 18 58 7 60 66 16 53 36 24 68 65 45 54 59 35 4 55 63 64 61 43 21 2 8 50 5 41 25 15 48 33 34 12 3 37 62 11 47 52 67 56 49 38 19 46 42 51 44 32 20 22 
16 35 21 20 8 30 56 46 4 27 18 37 26 11 38 3 44 67 23 15 7 48 53 36 65 58 47 29 42 12 55 52 13 28 22 10 31 39 59 17 1 62 43 2 45 50 51 54 41 14 64 32 40 34 25 66 24 57 19 5 6 68 49 69 9 33 60 61 63 
59 1 35 55 31 6 2 45 54 48 10 19 13 30 28 64 58 22 27 29 25 8 41 34 63 18 66 49 67 24 65 68 57 4 60 23 51 47 61 17 5 43 42 16 21 7 36 11 3 14 52 46 40 15 38 62 26 53 50 69 37 12 9 32 20 33 44 39 56 
16 37 22 10 2 29 34 47 43 42 67 54 40 51 21 35 26 28 61 59 66 27 50 64 53 19 14 18 55 6 8 4 20 15 58 13 63 25 12 5 62 68 33 56 17 44 46 32 39 24 11 65 60 7 57 36 48 45 69 52 9 38 31 49 1 23 3 41 30 
21 40 42 38 1 44 5 61 48 27 57 46 63 15 53 43 16 56 52 58 55 39 18 4 36 13 23 30 41 47 26 28 6 51 34 8 45 14 69 2 7 62 22 59 68 31 20 32 9 60 3 64 10 50 17 33 65 66 24 35 25 11 12 67 19 49 37 29 54 
54 56 3 64 9 21 63 43 58 19 57 66 30 67 2 11 13 36 37 29 49 18 26 1 53 16 31 10 46 39 14 27 7 25 38 45 28 32 40 41 60 20 51 52 44 4 22 48 17 61 15 59 50 24 12 35 6 23 68 65 34 5 47 62 42 8 69 55 33 
21 20 7 28 58 15 3 18 32 35 60 44 1 27 59 39 37 43 51 8 38 67 47 45 57 53 64 11 55 65 33 13 34 9 56 23 41 68 40 2 69 22 24 31 16 66 42 46 10 52 5 14 36 19 17 30 6 62 29 12 49 54 4 48 50 61 26 63 25 
31 15 16 60 36 45 49 56 58 51 6 53 55 68 19 50 9 14 46 52 8 21 5 24 37 35 41 44 47 1 65 67 38 54 26 20 62 48 30 27 34 40 25 4 18 7 33 39 63 12 22 10 64 61 3 2 66 17 13 32 43 57 23 69 42 28 59 11 29 
62 44 67 41 47 66 1 57 8 12 11 18 58 33 40 6 48 34 55 10 23 32 17 37 30 28 56 29 31 22 36 24 50 60 2 63 14 4 26 64 59 16 9 27 19 43 65 3 68 69 20 45 54 49 52 13 51 42 53 35 5 46 39 25 21 38 61 7 15 
1 21 55 42 32 59 18 66 5 62 28 31 49 25 44 61 56 29 63 12 65 30 27 23 8 11 43 68 35 4 47 38 58 69 9 22 53 26 16 33 2 57 34 10 46 51 17 40 60 37 45 41 13 19 50 64 67 48 14 6 15 3 20 52 36 54 24 39 7 
35 22 58 61 64 53 52 46 16 9 43 37 29 4 57 1 51 8 54 56 5 50 23 60 45 39 33 24 41 7 21 12 69 15 30 25 40 27 65 2 49 3 63 48 38 32 68 11 55 10 31 26 42 6 14 59 67 19 13 20 17 34 47 62 36 28 44 66 18 
38 41 68 27 21 11 10 57 66 8 13 51 4 62 29 44 48 49 9 26 65 37 18 23 35 52 54 53 19 24 34 60 42 40 64 22 14 2 31 45 58 33 25 46 1 36 16 12 7 15 69 61 6 67 47 28 39 56 63 32 20 50 5 43 55 30 3 17 59 
61 35 69 41 14 45 29 10 17 54 13 58 18 68 30 38 34 37 28 56 62 1 19 64 7 4 16 5 26 21 15 32 25 2 60 3 42 57 22 11 39 67 31 46 66 52 53 65 50 6 55 47 59 9 23 12 24 33 49 43 51 40 63 48 44 8 36 20 27 
11 53 28 45 42 12 57 4 15 24 60 58 51 3 23 40 21 14 25 36 56 65 61 30 19 37 62 10 55 59 39 7 2 52 64 6 47 34 63 33 35 32 69 48 18 67 17 50 26 5 27 20 38 66 8 29 13 54 31 9 68 22 49 46 43 44 41 16 1 
37 16 38 46 63 8 11 56 27 42 35 14 68 51 7 23 43 57 25 52 50 18 61 64 17 5 60 4 44 21 39 12 1 10 33 55 31 40 58 15 9 24 66 49 32 34 36 20 6 62 26 28 59 45 48 3 2 41 53 65 67 30 47 69 54 19 13 29 22 
2 47 43 35 14 54 29 58 38 17 10 23 64 3 65 28 33 60 61 7 11 41 37 45 56 25 18 67 66 55 68 8 52 15 24 32 31 22 59 5 16 44 1 39 42 40 36 19 62 53 20 26 27 34 63 69 4 13 6 49 21 9 12 50 48 57 30 46 51 
20 66 59 38 44 57 7 53 47 10 61 2 1 34 19 21 49 62 37 45 55 28 35 52 50 15 31 6 32 25 54 9 11 29 5 69 13 30 3 22 43 68 40 65 63 42 17 67 33 16 39 64 24 14 23 18 51 48 36 26 56 4 12 58 8 27 41 46 60 
3 2 13 41 21 49 51 40 66 67 32 61 18 24 19 11 62 34 14 39 23 55 28 20 69 59 29 43 9 12 30 47 63 37 68 50 53 22 16 60 17 38 42 1 58 4 31 33 56 36 15 6 10 46 8 27 44 48 45 7 64 57 52 5 54 65 26 25 35 
66 8 31 12 3 17 55 29 33 14 21 40 22 16 15 30 63 50 49 47 59 36 53 5 28 19 34 56 10 11 37 2 48 13 32 45 69 60 57 43 20 58 64 6 44 38 52 41 24 1 67 9 4 51 46 65 39 23 61 25 26 18 62 27 42 35 7 68 54 
52 5 10 30 57 58 4 18 3 67 56 64 33 55 53 22 61 34 15 35 40 68 59 44 21 46 37 19 36 32 63 43 11 7 60 47 28 54 9 49 12 31 17 65 69 42 6 23 2 8 26 48 1 20 29 39 38 13 51 16 41 45 25 24 27 62 50 66 14 
14 15 24 68 10 61 37 60 40 16 3 28 51 57 29 27 67 31 45 25 41 12 20 47 50 65 69 62 26 18 48 56 39 38 35 30 9 8 53 49 33 44 52 58 32 6 4 54 46 64 11 22 13 21 23 7 63 19 17 43 55 66 5 1 59 2 34 36 42 
