100
69 2
10 58
57 33
36 65
25 44
49 64
38 42
41 35
42 48
29 46
26 67
47 45
61 57
22 13
9 37
34 31
59 21
44 4
39 27
12 25
69 8
7 51
62 53
18 68
60 12
55 29
6 43
58 17
43 22
4 14
33 30
66 36
23 40
24 54
13 15
30 11
8 24
27 34
21 63
63 49
3 55
37 19
67 59
1 62
35 9
53 61
17 38
20 3
40 5
45 18
65 23
32 52
46 50
52 26
14 10
2 32
5 6
19 47
51 56
48 2
68 69
31 66
50 39
16 20
54 16
28 1
56 28
11 41
15 60
64 7
69 2
28 34
68 57
17 8
35 15
33 7
2 48
38 2
51 19
65 29
9 35
14 9
3 33
24 41
18 17
37 64
56 10
10 38
63 58
64 40
16 37
13 26
12 6
48 11
66 43
52 13
29 5
20 31
41 27
67 49
46 63
5 60
58 24
30 69
50 52
22 65
27 1
42 59
36 51
19 66
60 67
61 68
1 62
34 46
40 28
6 20
55 61
32 21
26 44
54 12
43 54
15 4
8 30
45 39
11 25
53 22
7 56
25 53
69 47
21 36
59 3
44 42
47 32
31 45
4 16
23 18
62 23
57 50
39 55
49 14
69 2
30 17
11 53
32 37
49 30
57 66
48 4
54 67
40 1
44 3
64 63
36 16
59 27
35 57
68 58
69 64
47 48
67 52
6 59
63 32
46 41
50 26
5 56
51 68
24 20
16 49
58 9
34 50
8 25
61 38
28 8
12 13
17 55
45 46
22 7
3 6
52 40
27 21
66 5
65 62
26 44
25 2
42 23
60 18
37 33
13 15
1 61
55 29
43 19
41 42
31 39
2 54
10 60
9 69
19 24
21 14
14 35
33 43
7 36
62 45
23 10
15 34
53 31
29 47
18 22
56 11
20 12
4 51
38 65
39 28
69 2
63 58
11 10
28 19
18 9
5 7
13 50
48 16
49 26
65 68
50 32
52 63
23 66
35 27
24 37
14 36
43 69
64 65
15 47
7 23
25 8
6 40
33 64
56 42
38 31
4 54
1 61
21 39
68 56
46 1
16 41
45 57
3 33
27 52
36 59
31 25
54 49
60 18
41 55
57 13
39 45
66 60
34 38
67 11
20 4
69 17
32 62
58 3
22 21
12 5
26 14
47 22
30 46
55 2
8 28
42 53
62 6
2 67
17 34
59 30
61 43
44 51
29 44
9 24
10 35
53 12
19 48
40 20
37 29
51 15
69 2
52 26
50 51
34 40
58 21
3 36
35 44
21 9
13 24
4 19
60 35
41 65
12 31
53 46
1 48
40 15
47 66
6 5
30 16
51 47
15 1
55 34
28 23
33 52
48 29
49 3
69 50
14 38
22 20
11 56
56 62
44 10
17 53
65 33
10 4
37 13
67 63
43 41
54 27
62 49
25 12
38 25
23 37
16 55
46 30
27 60
39 17
9 64
31 42
63 18
7 68
59 69
45 6
26 14
5 59
29 58
24 22
19 61
18 45
2 11
68 2
57 28
42 8
20 32
61 67
64 54
66 43
8 57
32 7
36 39
69 2
28 3
20 4
52 26
35 30
68 45
59 36
38 68
3 25
30 18
25 64
7 60
41 11
12 16
56 40
23 67
46 24
10 29
48 38
11 7
37 35
17 61
51 47
47 2
34 20
5 14
50 22
43 42
29 43
39 55
19 1
44 59
16 21
58 17
27 48
9 56
67 65
15 62
69 37
24 39
8 57
6 27
21 53
57 10
26 6
63 50
55 12
33 49
1 54
13 23
54 58
62 34
31 51
45 31
36 19
18 44
53 32
65 46
32 66
66 15
49 41
4 8
42 52
14 69
64 63
2 33
60 9
40 28
61 13
22 5
69 2
41 24
3 55
44 12
25 8
27 32
45 23
37 7
51 34
48 59
64 18
11 17
31 68
34 67
33 30
55 31
16 27
15 19
26 66
6 53
36 2
50 11
21 28
22 14
12 40
4 58
32 42
18 33
67 54
54 64
39 36
7 49
68 25
14 41
65 50
38 35
28 69
40 65
29 3
8 48
57 4
47 15
56 60
61 56
43 20
13 6
52 5
17 29
30 22
23 43
58 38
5 9
49 44
1 62
63 13
19 51
24 1
42 63
46 47
35 45
62 57
69 52
60 10
9 37
10 39
2 46
59 61
20 16
66 21
53 26
69 2
35 22
36 18
55 67
29 60
27 48
53 40
25 7
40 36
7 55
42 15
16 14
11 1
12 17
47 3
56 61
18 34
43 26
37 12
66 56
58 63
49 24
2 13
31 37
59 53
1 6
51 42
26 2
32 28
46 23
62 52
23 39
48 59
14 25
61 44
6 9
57 66
52 41
9 47
28 16
22 21
24 50
5 46
41 20
64 32
54 57
8 29
20 45
33 69
15 43
67 4
30 35
4 31
10 68
69 51
60 11
34 65
39 58
63 30
17 38
3 10
13 62
21 54
50 33
65 49
38 19
19 8
44 27
68 5
45 64
69 2
58 2
13 29
44 23
52 24
17 67
69 55
28 11
30 3
51 48
27 64
43 63
15 1
19 35
55 30
57 51
24 38
61 60
31 17
23 41
25 45
29 28
32 27
59 6
66 26
65 14
34 54
9 39
21 16
11 8
18 22
38 21
4 10
6 20
16 36
67 32
1 37
41 15
7 59
53 52
3 25
35 50
46 19
8 5
62 68
10 40
60 12
20 31
68 4
5 62
39 61
42 66
64 53
49 46
33 57
54 42
37 69
22 34
48 43
63 7
14 9
2 13
26 58
40 47
45 56
36 18
56 33
50 65
12 44
47 49
69 2
43 14
37 25
3 41
8 13
23 61
59 22
66 56
4 8
7 62
20 37
30 64
9 12
64 53
62 28
68 5
32 34
13 65
1 10
52 33
14 54
49 50
61 66
6 11
22 2
47 4
27 16
12 7
21 39
24 45
55 67
44 60
63 20
33 47
51 36
17 27
56 59
39 3
16 48
38 24
54 30
57 31
36 43
34 26
67 57
25 38
48 40
19 29
10 68
26 55
60 19
31 1
29 52
11 21
41 46
53 6
5 51
58 23
40 15
46 49
45 35
35 69
65 9
69 42
2 32
18 58
50 17
42 18
15 44
28 63
69 2
39 9
42 45
21 54
14 47
44 62
30 39
46 69
24 49
32 7
62 51
56 32
13 25
50 68
12 64
60 31
51 20
33 4
35 48
26 53
47 15
15 50
7 10
27 28
23 24
49 27
18 21
8 16
19 67
59 65
38 58
16 26
11 23
36 46
41 42
43 6
28 35
66 37
5 43
63 17
37 5
40 56
17 61
4 44
54 55
31 40
52 57
6 8
2 66
65 12
64 1
57 41
34 2
69 34
68 30
25 63
67 14
48 19
3 18
53 13
9 33
55 22
1 60
10 11
29 52
61 3
58 59
22 38
20 29
45 36
69 2
1 4
2 11
19 36
63 1
65 27
68 15
6 57
4 33
64 23
59 43
45 56
23 45
53 22
66 16
20 17
67 58
32 7
26 51
10 35
39 69
5 42
36 49
12 3
9 5
47 65
29 13
37 14
35 18
24 31
13 64
40 9
33 30
22 67
60 37
56 12
7 6
44 26
31 66
50 28
61 29
15 62
27 19
34 25
38 59
49 48
69 8
43 21
57 20
54 55
28 52
51 41
18 68
46 24
8 10
25 47
3 34
30 39
16 2
41 40
14 38
58 60
21 54
52 32
62 53
11 44
55 50
42 61
17 46
48 63
69 2
42 54
43 1
49 63
10 57
21 6
58 34
62 20
37 69
29 31
31 53
5 28
7 19
30 67
65 3
18 37
15 13
24 43
40 55
68 61
52 39
20 48
48 10
35 5
54 14
60 58
33 25
9 59
38 52
2 16
22 32
25 17
6 45
69 11
16 49
61 4
59 23
12 9
26 12
41 51
44 47
55 24
64 21
17 50
4 62
13 41
56 30
19 64
34 44
53 40
66 26
46 33
3 42
28 46
45 36
14 68
32 38
67 29
63 15
11 56
8 65
57 60
51 7
47 27
23 22
27 18
36 8
39 35
50 2
1 66
69 2
48 39
13 20
61 38
32 65
17 60
40 16
54 49
50 41
63 23
52 13
38 53
49 69
45 4
22 50
27 58
11 37
44 26
55 67
25 44
68 5
42 46
34 35
28 34
51 31
4 3
33 12
12 21
29 47
69 14
20 36
62 57
65 28
16 51
56 1
67 42
41 45
7 64
46 11
43 48
19 8
3 61
6 9
24 27
57 52
30 17
60 2
59 24
31 59
9 33
2 56
1 15
8 66
23 32
66 62
35 22
10 19
5 7
47 43
36 55
21 54
58 6
14 63
18 25
39 30
53 10
26 40
37 29
64 18
15 68
69 2
36 49
34 63
54 66
40 31
56 32
63 47
13 44
48 4
27 41
52 18
41 38
43 21
25 40
12 30
31 52
17 6
51 25
5 59
32 36
18 54
21 62
23 51
67 12
1 48
11 19
58 9
38 28
35 7
44 57
20 33
15 1
50 26
62 55
37 42
14 15
53 2
9 37
46 11
26 43
66 64
65 27
49 61
39 24
3 60
6 16
55 34
10 23
69 68
16 46
30 14
29 58
42 5
8 10
22 65
7 69
47 29
68 67
61 20
57 35
60 13
24 53
59 45
2 8
45 22
28 56
19 50
64 3
4 17
33 39
69 2
36 52
8 9
58 5
32 43
38 47
1 6
41 37
59 51
14 31
69 67
33 22
5 50
47 63
10 56
55 54
31 10
34 58
62 26
51 32
22 11
60 62
35 24
20 61
18 69
66 59
52 28
6 20
13 49
46 18
48 65
37 46
45 38
61 14
43 55
25 68
27 33
4 35
57 21
3 57
7 4
16 7
29 19
23 41
65 17
49 12
40 34
12 40
50 29
2 1
53 60
67 53
64 13
26 27
44 15
24 25
17 64
15 16
11 45
42 3
56 42
21 30
9 36
28 44
39 48
30 23
54 2
19 8
68 66
63 39
69 2
61 6
13 10
43 5
12 25
59 22
1 4
25 68
22 35
53 32
10 39
65 57
40 13
32 50
35 11
8 59
7 15
42 40
58 53
48 49
20 2
9 17
6 41
28 56
2 19
33 9
37 46
51 14
60 21
16 58
69 3
26 55
29 37
56 64
52 12
64 38
14 16
44 60
27 29
5 54
54 52
47 30
66 8
39 20
21 66
3 42
31 26
46 23
34 51
57 47
45 24
38 61
62 48
55 33
30 34
67 1
68 65
11 67
41 69
63 28
4 63
24 18
19 27
17 62
50 45
15 31
18 36
36 44
23 7
49 43
69 2
31 63
47 9
32 49
15 58
43 38
59 1
4 34
34 47
56 11
1 7
36 65
68 39
24 43
9 8
37 32
23 57
62 27
12 14
55 12
57 18
65 13
2 42
14 6
40 10
18 4
30 20
66 62
67 22
51 2
46 28
33 35
60 41
61 36
11 66
27 30
42 48
63 52
6 31
25 55
49 69
22 3
50 46
58 29
64 21
17 53
48 24
41 54
8 5
69 33
3 61
7 67
54 17
10 26
19 64
38 15
26 16
28 25
20 19
13 51
16 45
52 44
39 50
21 60
53 59
5 68
45 56
29 23
35 40
44 37
69 2
58 61
7 13
56 49
22 46
35 20
44 37
18 31
27 26
2 45
63 4
41 14
14 10
57 27
32 35
65 19
17 68
46 58
61 50
62 24
40 38
68 33
69 12
47 2
29 8
53 3
45 29
55 64
25 23
60 11
66 48
23 16
42 55
67 47
4 57
28 59
43 21
11 7
3 54
39 51
34 17
10 69
31 52
37 25
19 44
6 43
9 66
16 63
12 39
26 41
20 34
8 56
36 40
30 36
54 62
64 53
49 5
13 9
21 15
5 28
51 67
59 22
24 32
1 42
38 6
48 65
33 18
15 60
52 30
50 1
69 2
16 30
21 24
30 49
32 69
42 53
35 52
66 14
15 43
63 61
39 11
20 65
57 64
25 38
61 18
68 26
13 63
10 13
46 56
8 33
23 7
22 57
47 54
54 34
53 55
58 29
12 59
6 46
56 25
65 45
49 47
36 3
19 9
67 62
41 8
44 40
2 37
52 22
50 31
64 28
7 39
29 67
34 1
60 32
27 20
14 5
18 27
69 41
43 50
33 17
51 42
1 10
3 19
11 36
4 66
5 15
28 44
59 6
62 60
9 58
24 51
37 21
26 4
45 12
31 2
48 68
55 16
40 48
17 35
38 23
69 2
1 10
39 12
43 36
52 8
23 58
7 45
18 67
59 5
24 59
55 42
38 11
33 20
50 48
29 3
51 30
28 69
67 19
5 21
48 27
53 38
68 53
13 34
9 62
46 49
31 43
34 66
26 47
69 32
58 61
17 25
41 68
25 26
15 57
54 2
49 15
8 9
10 63
44 64
19 54
40 31
62 22
36 65
16 13
22 39
66 60
32 24
64 33
20 4
63 18
45 56
60 6
2 37
12 51
61 55
14 29
3 17
35 28
4 7
65 16
57 1
30 44
6 14
37 52
27 41
47 50
11 23
56 40
42 35
21 46
69 2
11 18
62 7
5 57
45 30
55 38
35 53
8 49
28 16
16 31
24 55
26 44
46 6
36 61
58 47
17 42
37 4
40 35
41 27
65 58
34 26
3 62
63 54
27 48
32 15
52 60
53 3
56 13
42 20
1 41
54 19
30 28
64 40
6 17
15 56
49 66
25 69
57 39
18 64
21 14
50 36
12 59
22 32
61 2
31 33
4 23
9 1
20 65
13 68
48 67
29 52
67 25
44 37
23 8
33 51
68 11
2 29
14 50
10 12
59 43
7 10
43 46
19 21
39 22
60 34
47 45
38 9
51 24
69 63
66 5
69 2
34 37
14 29
22 62
24 38
17 63
42 34
1 54
41 50
36 2
19 10
12 31
40 7
44 52
37 46
30 64
55 3
61 44
9 59
35 20
39 14
49 40
58 11
29 56
18 21
68 33
4 35
8 39
53 67
7 68
60 25
50 22
57 26
27 4
33 17
5 12
2 51
69 58
67 5
13 9
65 30
54 45
26 69
25 18
23 15
48 57
43 41
56 61
52 66
47 65
10 47
16 28
3 49
59 43
21 8
28 42
32 36
31 16
6 19
66 55
38 27
64 32
45 6
46 48
62 1
11 24
15 13
20 23
63 53
51 60
69 2
45 63
68 41
29 66
14 25
49 27
66 10
9 46
12 21
52 40
8 45
30 14
43 29
2 32
48 60
1 37
33 2
37 59
28 19
17 44
64 42
4 28
24 15
65 34
56 11
23 57
54 43
27 6
50 54
35 16
58 23
61 35
53 64
59 30
20 7
47 20
16 47
51 17
5 51
38 68
18 67
31 53
55 61
42 58
67 39
11 9
57 4
3 69
62 12
25 49
32 26
7 5
22 8
44 22
15 56
39 3
6 62
34 50
13 36
46 1
26 38
10 18
60 33
69 52
19 13
63 31
36 48
21 65
40 55
41 24
69 2
57 54
37 65
35 57
19 40
34 32
62 69
54 27
65 68
45 50
66 10
67 24
9 26
48 20
13 49
59 63
12 56
58 15
26 35
49 12
40 1
18 47
44 22
50 11
46 38
28 5
53 36
39 60
29 67
22 42
15 33
60 52
52 29
7 6
4 17
47 66
1 2
2 44
31 59
17 28
14 45
6 14
51 37
25 41
41 9
63 18
3 61
21 16
55 51
36 48
16 64
33 43
64 19
20 46
38 55
8 34
10 62
68 25
23 7
30 39
69 58
11 53
5 8
61 23
43 30
24 3
27 13
56 4
32 21
42 31
69 2
9 18
68 34
62 6
40 20
57 56
14 46
60 36
3 1
11 66
10 27
46 39
64 22
16 17
5 13
23 51
49 4
12 47
36 16
30 33
21 41
27 61
41 48
19 59
58 50
42 10
26 53
53 3
20 26
69 58
59 40
47 7
56 2
45 11
7 23
29 35
28 63
44 67
32 54
6 52
43 38
17 44
54 9
35 55
48 19
39 42
8 37
37 57
18 25
34 8
52 28
65 5
51 43
13 69
31 24
67 45
24 30
55 31
66 15
61 32
38 62
50 68
1 29
33 60
4 65
25 64
15 49
63 21
2 14
22 12
69 2
27 33
47 27
14 3
66 68
8 44
32 43
7 38
41 58
19 31
34 20
67 12
69 56
49 45
45 4
68 2
2 46
56 66
53 60
62 37
30 59
31 39
33 18
58 15
28 34
38 53
16 69
43 11
23 30
59 55
35 1
17 22
3 65
11 19
48 42
20 5
51 41
9 57
64 61
4 10
50 35
18 50
5 6
40 36
61 40
10 48
24 23
52 25
15 54
21 16
12 8
46 51
55 28
60 21
26 29
13 24
63 9
65 13
36 52
44 32
54 64
37 49
6 63
22 67
1 17
42 26
39 14
29 7
25 47
57 62
69 2
62 68
7 50
43 15
10 33
67 31
13 46
32 52
9 1
60 4
1 43
22 17
48 67
30 49
46 55
53 37
8 13
36 10
41 47
59 42
63 24
54 16
34 9
4 18
20 23
21 62
25 14
55 11
52 28
42 58
12 34
17 25
56 41
39 56
49 12
6 45
50 35
2 64
37 22
3 60
15 69
31 21
44 65
33 3
28 39
38 36
26 32
29 57
69 5
61 19
27 38
35 48
47 61
64 63
11 54
19 20
66 8
40 26
51 66
45 30
58 53
24 7
18 59
68 40
65 6
16 44
23 29
5 2
14 51
57 27
69 2
21 12
46 40
60 17
8 41
44 26
5 65
62 56
22 37
37 43
43 55
20 10
40 58
27 60
16 24
31 45
50 44
64 16
61 29
3 33
23 21
14 42
25 38
51 31
17 59
59 34
57 39
69 62
45 9
42 22
19 32
26 5
10 50
65 11
28 64
36 57
1 51
15 14
18 2
54 25
2 15
34 4
38 68
4 61
63 67
30 20
53 7
9 53
48 69
39 48
56 27
33 66
52 6
12 36
47 52
58 47
41 1
35 3
68 30
67 35
55 63
66 28
11 18
13 8
6 19
49 46
29 49
32 13
7 54
24 23
69 2
18 62
19 56
22 59
29 14
52 33
61 43
45 24
60 50
38 55
39 35
9 64
12 4
54 6
17 31
1 67
58 23
28 29
35 36
68 3
49 47
36 57
23 49
15 9
6 40
37 44
30 52
41 68
43 45
53 32
31 7
63 18
47 21
69 17
42 8
64 51
8 66
13 15
66 54
14 41
26 30
5 42
55 25
50 26
57 60
67 39
44 27
48 11
10 13
33 37
46 12
16 65
51 61
34 58
32 63
56 16
4 28
24 48
7 34
2 53
40 46
65 69
59 2
62 10
25 22
3 1
21 20
27 19
20 38
11 5
69 2
25 20
50 36
6 41
15 47
67 57
39 26
40 64
31 11
13 45
61 8
57 44
59 32
52 66
21 18
1 17
56 38
17 61
10 28
47 3
42 53
37 16
16 67
5 69
41 48
14 50
43 55
45 51
33 54
54 13
27 34
62 9
2 35
44 60
29 2
36 46
51 19
24 49
23 42
48 52
53 58
35 31
69 27
34 39
68 21
9 33
7 5
38 22
46 65
8 10
20 37
12 7
58 25
4 63
18 6
26 59
63 24
49 15
30 23
32 30
11 68
28 56
55 4
66 62
3 1
22 40
65 29
19 43
64 12
60 14
69 2
13 35
47 25
56 31
18 69
48 42
59 61
21 13
5 6
25 68
28 12
29 5
20 63
60 18
15 67
27 49
69 44
26 23
8 30
68 3
43 22
53 9
44 14
45 10
32 59
57 2
19 40
40 16
64 7
42 47
35 29
41 36
46 21
4 20
49 37
34 56
36 32
30 45
6 64
9 24
63 41
38 50
23 19
61 51
2 33
55 43
50 39
7 11
58 26
33 54
1 28
37 58
66 65
52 53
22 17
3 4
31 57
65 48
62 15
54 55
16 1
11 34
10 52
67 46
12 62
51 8
17 60
14 38
24 27
39 66
69 2
4 65
11 4
66 53
3 33
10 9
26 62
12 28
44 41
20 47
18 51
47 31
42 10
17 13
67 32
63 43
33 36
29 49
23 3
40 39
58 46
13 11
30 24
22 20
7 34
37 29
53 6
54 40
43 8
69 67
38 58
16 2
41 5
55 57
28 14
62 68
36 18
25 42
48 26
59 60
27 56
2 19
9 37
68 12
21 7
1 54
64 63
8 22
49 64
51 66
50 38
56 16
24 25
31 50
5 61
39 15
34 1
65 52
6 44
14 21
46 23
19 59
60 30
57 17
35 48
32 35
52 27
61 45
15 55
45 69
69 2
15 51
43 2
27 28
24 52
46 12
32 41
37 36
18 10
26 35
31 59
34 67
68 14
20 5
69 49
5 55
6 44
19 53
8 58
50 34
2 32
1 27
61 38
4 63
7 16
59 54
3 60
33 68
25 48
38 47
17 22
65 31
67 13
36 19
10 65
29 42
51 62
45 39
57 8
49 64
11 40
28 21
64 11
53 56
66 30
47 29
35 6
58 33
40 23
23 46
22 3
63 37
39 26
12 9
44 7
16 25
48 57
41 18
9 17
62 20
55 69
14 24
56 50
42 4
60 61
21 15
13 45
30 1
52 43
54 66
69 2
14 31
51 7
29 19
13 62
60 6
62 32
3 30
25 64
8 44
10 33
26 38
20 11
64 37
21 1
7 27
56 52
42 51
28 42
18 39
38 55
63 46
33 29
30 21
50 34
15 53
11 22
35 9
48 10
65 14
1 54
61 58
16 17
69 67
23 25
32 57
59 5
2 13
37 35
6 40
31 2
53 20
27 59
68 12
40 49
55 68
41 69
5 60
43 41
17 8
44 28
4 18
12 23
9 63
67 45
66 15
39 61
52 48
36 65
49 56
19 3
34 24
57 47
22 43
47 26
58 66
45 16
54 50
24 36
46 4
69 2
23 8
64 6
12 63
63 66
19 7
43 41
45 25
67 4
58 11
68 51
7 39
53 2
39 68
5 53
54 20
46 14
38 22
48 62
2 34
15 55
18 54
1 18
44 50
26 3
8 59
36 38
62 67
47 40
27 69
32 36
57 33
59 37
17 27
4 52
16 13
66 26
60 44
49 48
40 60
14 42
29 57
69 46
25 35
30 29
61 47
55 9
33 15
28 23
65 32
56 28
6 45
22 5
9 24
42 19
21 16
51 43
20 58
11 61
3 1
13 17
50 31
24 64
34 30
52 12
31 56
41 49
35 10
37 65
10 21
69 2
8 42
4 13
45 18
11 7
63 45
54 30
3 51
20 21
67 48
38 54
12 58
46 29
27 56
21 27
6 61
43 63
28 44
19 33
55 46
41 32
59 26
40 69
22 9
64 31
15 20
61 8
17 41
29 62
14 15
2 28
68 2
34 49
49 60
50 1
33 4
52 10
26 55
42 50
66 35
5 34
18 52
60 53
23 24
30 16
7 68
44 3
58 64
13 14
57 47
1 12
69 5
51 39
32 67
9 36
48 38
53 65
24 66
35 19
37 23
31 22
39 17
56 40
62 11
47 37
10 6
65 59
25 57
16 43
36 25
69 2
17 1
67 43
5 60
22 53
40 47
43 28
3 18
13 20
52 23
31 59
15 44
24 9
34 69
42 22
61 15
47 34
16 12
54 8
60 35
26 13
64 39
28 55
18 19
33 32
51 37
10 21
56 67
62 33
6 36
45 50
14 2
35 52
4 54
69 3
12 27
7 10
66 62
68 51
1 6
55 46
20 24
59 38
48 68
8 63
44 49
37 57
63 40
2 25
36 29
57 56
39 17
53 45
38 42
49 48
29 11
27 64
11 31
23 41
41 26
9 61
50 58
30 4
46 65
65 66
32 14
58 30
21 16
25 7
19 5
69 2
5 58
15 20
64 41
40 18
61 29
23 50
14 21
12 60
4 1
21 45
67 11
2 49
49 56
6 67
29 14
13 2
68 13
11 23
46 34
44 47
9 25
26 38
62 22
55 61
65 8
36 43
8 54
56 6
19 30
58 69
43 9
69 19
39 44
20 39
7 12
33 63
18 15
38 57
54 62
31 65
53 16
51 48
66 42
42 26
47 36
32 52
37 68
34 5
63 3
1 17
41 59
25 4
59 7
57 35
50 10
16 46
3 64
48 24
28 55
10 31
22 51
24 33
45 37
60 27
30 32
35 40
27 53
17 28
52 66
69 2
11 44
49 28
42 67
1 65
64 38
2 69
21 39
62 34
12 6
36 26
67 62
38 47
16 43
17 27
45 46
66 32
47 48
31 24
33 57
24 53
28 16
19 4
5 21
50 45
39 40
61 20
9 29
7 12
57 10
40 63
8 13
63 11
55 14
59 41
58 1
32 23
29 61
6 8
13 36
54 49
15 64
37 66
30 18
4 2
53 33
65 52
25 35
20 22
23 56
22 68
14 59
35 42
46 51
34 7
56 5
3 17
10 55
48 37
41 15
18 9
51 58
69 60
60 30
26 3
27 31
43 25
68 54
44 50
52 19
69 2
28 60
26 23
7 50
55 1
29 49
32 56
30 65
45 34
56 69
50 16
5 53
33 35
35 5
21 20
13 64
64 52
60 19
49 2
27 4
67 42
43 13
68 15
4 11
11 18
25 58
15 39
38 37
17 36
22 8
41 21
69 48
20 24
16 40
34 62
61 32
39 57
24 67
54 68
37 6
44 9
18 46
3 55
52 59
51 47
19 29
63 51
31 10
40 45
9 54
62 66
58 63
47 27
12 28
46 17
14 30
42 44
6 31
1 7
10 43
66 41
57 38
2 25
53 14
59 22
36 26
23 33
48 3
8 12
65 61
69 2
40 50
59 18
67 15
28 34
56 21
64 58
34 7
30 45
55 26
48 37
63 46
27 68
8 42
61 53
17 4
10 14
23 2
51 56
20 61
57 41
19 60
38 39
69 9
2 22
25 6
58 57
44 65
41 8
68 52
5 59
36 13
13 28
22 35
31 69
35 17
21 40
6 36
47 62
37 32
43 25
7 49
39 27
32 24
45 29
50 5
4 48
52 19
11 55
49 30
26 38
62 10
1 43
46 11
15 3
24 64
29 67
33 51
14 1
53 47
12 66
16 23
18 54
60 33
54 12
65 16
42 31
3 63
9 20
66 44
69 2
32 42
39 63
25 24
47 58
58 66
61 46
67 26
26 50
66 1
63 59
53 25
22 2
15 54
24 68
54 55
49 38
6 27
65 62
44 12
20 34
59 29
27 10
64 47
37 60
34 49
62 44
12 40
56 22
50 19
55 6
17 32
33 20
4 8
10 43
36 41
11 21
38 61
1 33
43 64
42 23
5 57
35 4
52 45
7 16
60 13
48 11
28 37
46 17
29 31
45 36
21 35
31 52
57 53
16 69
30 7
3 9
18 67
51 14
40 5
68 39
14 28
13 56
9 15
41 30
23 48
2 3
69 51
19 65
8 18
69 2
3 26
62 69
33 67
42 2
18 9
16 56
39 32
38 51
46 60
12 39
53 59
50 7
56 50
64 10
10 4
7 49
31 19
51 21
2 35
57 40
45 23
59 65
19 16
29 11
26 27
11 62
5 15
68 55
14 46
55 13
63 47
44 36
25 29
47 52
66 34
49 42
23 43
30 63
69 28
15 64
24 61
41 66
1 3
28 24
22 5
48 25
65 57
13 20
6 17
4 1
21 48
58 33
36 54
43 31
27 53
60 58
32 38
54 37
37 12
40 8
17 30
8 18
34 45
67 44
20 14
61 6
9 41
52 22
35 68
69 2
64 58
7 50
26 60
56 29
16 26
11 64
57 68
66 55
38 65
9 28
50 34
59 8
60 42
40 2
4 9
44 22
32 23
24 49
49 66
37 32
36 59
21 5
25 51
3 18
53 54
54 61
28 21
47 44
22 35
41 43
35 52
13 24
31 40
20 53
8 7
6 11
51 16
10 63
39 1
15 37
33 15
19 30
42 3
12 14
63 46
34 56
58 17
69 4
5 62
29 10
65 39
67 47
14 19
23 6
30 69
45 38
2 33
1 57
68 67
48 25
61 13
62 41
18 20
55 36
52 27
27 48
43 45
46 31
17 12
69 2
16 18
54 39
68 60
18 47
44 41
8 46
58 53
20 37
21 3
2 13
6 20
47 65
9 1
10 61
63 52
51 34
61 48
62 57
59 54
24 45
22 38
11 36
42 5
36 26
29 12
52 30
65 23
3 7
12 10
45 42
37 49
49 44
1 29
31 59
50 40
23 17
35 63
46 67
56 32
19 51
66 68
41 24
4 66
67 14
33 16
64 35
15 25
69 58
17 22
28 21
5 56
26 4
43 55
25 33
60 8
13 69
57 43
53 28
34 31
55 27
39 9
32 11
48 64
14 15
40 19
38 50
7 6
30 62
27 2
69 2
47 26
28 38
37 45
63 19
67 47
46 57
22 51
16 20
41 39
36 24
4 21
59 34
3 54
61 43
34 10
21 28
18 17
49 3
12 11
11 52
32 62
2 36
6 61
48 53
69 9
55 56
31 29
10 58
35 31
23 64
26 23
5 60
58 68
56 13
7 65
60 49
13 63
50 14
64 15
68 6
54 67
66 37
33 55
25 40
65 69
27 7
24 33
40 22
53 59
29 30
43 16
51 48
14 32
15 42
38 8
57 1
62 18
39 2
52 5
1 35
20 50
8 12
17 4
19 44
30 25
9 66
45 41
42 27
44 46
69 2
54 20
19 37
34 56
4 51
3 64
45 18
20 46
1 33
50 23
22 28
13 44
37 16
16 32
43 53
11 8
10 58
39 45
36 11
21 42
41 5
12 21
58 1
32 17
25 43
33 29
55 47
67 24
59 38
61 19
57 63
48 57
26 34
38 68
65 69
68 3
2 50
52 62
62 31
28 39
42 60
49 55
7 35
40 2
5 36
23 4
44 48
24 61
46 6
31 30
8 14
51 59
60 9
6 40
63 52
29 67
69 25
30 41
64 65
47 7
9 13
56 15
17 12
66 10
18 66
27 54
35 22
14 26
15 27
53 49
69 2
27 24
42 62
26 33
55 4
21 1
39 52
5 35
20 15
47 55
46 39
16 28
36 32
51 31
32 64
4 60
58 48
54 29
69 10
23 43
30 63
24 59
62 19
60 17
6 12
63 22
12 56
68 42
66 45
15 57
1 37
49 14
57 11
34 6
31 27
37 2
35 47
56 7
19 25
44 13
18 69
64 3
52 67
40 18
67 53
3 44
43 49
28 23
10 41
50 38
2 40
17 51
29 21
11 46
53 58
45 34
38 8
33 5
61 9
41 66
9 26
65 16
59 50
14 68
25 36
7 20
48 61
22 65
8 30
13 54
69 2
42 12
23 9
2 4
4 44
44 68
34 26
68 29
53 50
19 24
3 48
32 27
66 46
15 59
12 8
30 3
9 65
45 62
25 33
59 63
29 61
48 64
10 56
1 25
36 49
50 38
62 16
60 57
41 54
31 67
63 30
35 19
26 66
6 47
22 53
33 36
69 60
38 17
61 11
51 20
8 14
20 58
49 2
54 18
37 13
14 22
47 21
52 40
43 39
16 6
57 15
65 7
18 35
40 32
56 34
55 31
11 10
13 45
46 28
28 37
5 55
58 41
39 1
21 23
24 52
7 5
27 42
64 51
67 69
17 43
69 2
53 35
38 42
17 68
12 24
68 29
23 43
15 4
57 6
31 61
41 59
62 52
5 48
49 37
16 11
7 50
2 55
4 64
22 44
55 31
27 10
48 54
36 58
25 46
61 12
51 60
60 57
66 62
45 33
64 49
42 1
63 3
13 63
1 26
35 36
33 13
39 23
52 7
67 40
18 51
21 47
3 22
32 67
54 21
20 45
59 15
10 2
50 9
26 16
30 14
46 56
58 27
37 30
8 17
40 18
44 19
24 32
43 41
19 34
14 5
56 65
28 53
9 38
65 20
34 28
29 69
11 8
69 25
6 39
47 66
69 2
42 16
55 11
33 47
38 20
39 50
20 67
65 62
59 33
68 46
62 49
9 53
36 35
67 9
46 37
48 61
17 7
58 57
19 18
28 19
10 68
25 59
7 34
6 54
49 8
51 12
13 14
63 31
40 64
50 15
60 41
61 23
14 65
8 55
57 1
4 48
16 51
69 52
2 26
44 63
27 29
32 42
53 69
30 56
66 2
1 39
5 40
54 66
31 17
12 21
47 13
37 38
45 36
21 27
23 30
43 4
29 58
18 25
35 5
22 44
64 28
34 32
41 24
52 43
56 3
24 22
26 60
15 45
3 6
11 10
69 2
61 48
28 33
49 3
12 25
52 67
30 44
41 8
57 60
40 63
43 58
7 27
1 61
22 37
19 43
67 19
51 34
33 11
50 56
44 40
26 29
47 35
17 52
36 6
55 69
9 54
48 12
37 50
58 55
66 57
63 46
10 1
5 16
6 28
24 10
27 26
15 31
56 20
8 68
16 38
29 62
53 59
14 39
18 42
3 15
21 7
20 23
69 64
39 53
4 2
60 14
54 66
23 21
11 18
42 47
62 30
65 24
68 36
38 32
34 41
2 9
46 51
32 49
25 4
45 13
64 22
35 5
13 17
31 65
59 45
69 2
46 23
14 22
59 43
6 39
5 46
38 26
11 61
69 59
24 14
55 51
31 44
56 34
51 63
18 25
15 48
21 54
25 19
2 10
8 68
22 8
40 36
17 47
65 5
1 17
39 35
32 50
44 13
26 6
49 1
52 55
30 60
57 45
10 69
58 52
4 32
34 18
20 9
48 29
29 67
67 28
62 31
33 7
3 27
61 24
66 57
35 42
16 30
68 37
36 3
9 53
19 62
27 16
7 20
28 2
43 40
60 38
53 66
37 33
23 49
13 4
47 12
63 15
64 56
42 65
50 58
41 64
12 21
45 41
54 11
69 2
63 7
27 57
16 24
7 60
4 48
40 41
8 33
18 26
29 50
32 56
58 40
38 4
64 20
9 58
24 46
3 61
68 14
6 43
67 55
37 31
54 51
5 36
22 23
46 30
44 2
48 64
23 45
69 47
42 53
45 59
62 10
31 29
12 22
60 12
61 49
17 5
25 69
49 28
57 1
2 21
52 25
59 32
21 38
11 66
53 68
20 11
55 44
50 67
56 42
28 19
10 35
19 63
13 62
1 9
43 3
36 27
65 37
41 54
33 39
47 34
34 15
30 18
51 13
15 16
66 52
26 17
14 8
39 65
35 6
69 2
18 52
56 11
17 10
45 2
19 26
7 50
9 35
12 57
5 1
48 5
35 54
60 37
36 62
26 4
10 22
39 14
63 3
2 32
51 6
53 23
43 31
4 49
44 9
34 30
13 38
58 17
41 28
40 63
37 65
25 16
8 55
47 34
15 44
20 13
31 48
65 29
57 68
29 12
11 67
21 64
69 66
1 61
32 60
66 47
27 51
6 40
49 8
38 33
14 59
62 42
3 45
68 46
55 24
28 27
24 43
16 39
61 41
67 7
52 58
46 36
42 21
50 25
59 18
64 20
23 19
30 56
33 69
22 15
54 53
69 2
33 4
1 52
58 40
28 30
41 23
56 8
61 68
44 9
39 35
12 47
3 21
19 54
60 25
59 13
13 60
16 69
66 10
14 57
15 59
55 65
32 2
48 67
52 5
26 63
68 36
69 39
64 61
4 27
38 32
2 33
30 38
27 11
22 45
47 15
6 1
50 51
24 41
40 31
23 62
34 64
37 22
35 58
63 14
54 16
7 17
18 28
9 56
36 46
29 34
31 18
17 50
46 66
51 49
57 55
21 44
53 20
43 53
20 29
45 43
49 19
8 6
11 42
65 48
25 37
42 3
5 12
67 7
62 26
10 24
69 2
40 62
19 40
59 64
44 46
69 50
22 42
54 61
35 21
27 6
28 33
10 43
47 57
29 58
1 15
15 8
37 27
60 30
30 54
9 69
3 51
39 26
64 37
17 31
32 5
7 3
53 45
4 52
16 25
25 41
31 4
51 36
38 68
46 34
23 38
36 59
14 35
41 23
50 63
24 12
63 13
26 20
43 39
68 2
21 67
20 60
57 22
55 19
5 7
56 29
58 11
33 1
61 18
49 17
67 47
45 66
34 65
6 28
66 48
8 44
65 10
62 56
11 14
12 53
52 55
13 49
42 24
48 32
18 16
2 9
69 2
18 7
10 18
52 39
20 4
2 20
55 54
19 57
41 17
22 9
16 58
13 59
62 65
4 66
67 14
43 1
33 10
64 35
14 13
23 33
32 19
27 23
3 61
49 16
65 45
69 43
11 40
6 11
48 64
56 2
39 48
8 51
28 24
58 56
46 34
60 68
9 55
50 46
26 6
44 32
38 41
5 12
51 60
21 50
30 67
34 28
24 38
31 29
66 36
1 15
35 62
7 22
15 25
54 31
59 47
42 27
29 37
45 42
12 63
40 49
63 3
61 26
47 53
53 8
57 21
68 44
25 30
36 69
17 52
37 5
69 2
34 31
1 42
9 48
26 3
22 1
62 47
55 35
64 12
42 6
52 58
29 39
25 38
30 26
14 29
53 61
15 21
67 37
17 9
35 65
48 49
13 18
19 20
39 54
57 11
8 5
49 63
12 62
4 7
45 44
33 66
54 53
68 16
46 51
2 41
20 8
69 22
32 68
24 32
11 10
23 19
28 15
36 24
21 67
61 34
65 28
51 55
56 2
38 4
6 36
41 69
60 52
58 40
40 13
31 30
47 46
66 56
27 45
10 50
50 27
7 33
5 57
59 43
43 17
37 23
3 25
44 59
63 14
16 60
18 64
69 2
48 25
21 50
52 6
68 7
12 17
20 48
51 67
19 16
58 69
18 3
22 43
7 39
28 13
16 57
59 62
3 10
30 44
46 31
25 42
26 20
44 56
69 9
6 32
31 68
27 46
45 54
41 63
9 35
35 49
38 59
14 12
56 45
8 24
32 64
63 27
39 33
43 14
60 40
10 4
40 15
13 60
49 28
34 22
54 51
4 47
37 66
23 11
29 52
15 29
65 38
36 30
1 19
55 5
67 53
47 34
57 26
11 1
64 55
17 65
66 58
53 18
33 8
62 21
42 36
24 2
5 41
50 61
2 23
61 37
69 2
28 17
49 24
59 28
65 13
58 62
16 65
64 33
62 37
55 42
43 22
15 59
24 27
35 19
1 31
69 1
37 52
29 26
21 15
61 57
27 61
42 5
51 69
23 14
12 66
57 44
18 47
39 54
53 43
46 63
41 32
50 6
63 18
47 60
56 2
5 9
48 64
54 25
26 3
34 21
25 45
19 41
33 68
52 23
40 30
32 11
2 35
11 36
38 34
36 10
13 39
3 51
68 46
31 4
66 50
20 53
6 20
17 12
10 55
14 48
7 16
44 40
60 38
30 56
67 7
8 58
22 29
45 8
9 67
4 49
69 2
55 11
33 16
63 42
6 40
62 21
10 29
57 3
2 7
30 13
24 69
50 32
25 35
47 41
19 68
23 25
51 34
68 52
45 47
53 56
64 62
7 50
44 53
18 31
61 66
11 22
31 20
34 4
65 6
26 8
40 58
17 18
13 51
28 54
22 24
43 33
39 27
41 2
69 26
52 28
48 59
1 46
38 44
5 63
15 67
35 61
54 65
58 17
27 64
49 9
20 49
16 1
21 15
60 45
59 43
4 14
46 60
29 30
32 36
3 39
12 55
14 57
66 48
36 38
56 10
9 23
42 12
67 37
8 19
37 5
69 2
1 38
64 10
24 4
69 51
34 49
48 34
32 23
5 46
45 66
26 6
37 33
67 24
62 14
42 27
40 44
59 2
52 69
68 43
56 3
13 47
61 22
23 68
2 58
51 31
31 25
33 5
66 64
35 15
6 62
41 67
12 57
14 32
54 26
44 30
16 60
18 20
10 37
47 35
65 40
8 50
9 59
43 1
53 21
3 65
21 11
38 52
60 61
19 16
55 9
63 48
27 55
36 42
20 28
39 19
46 63
57 18
58 56
30 17
22 36
11 45
28 39
49 7
7 12
4 13
17 41
50 53
15 29
25 8
29 54
69 2
24 31
9 8
40 11
19 22
25 29
8 12
45 40
5 13
23 34
11 41
38 39
27 1
43 19
13 2
12 26
69 45
32 14
67 56
68 55
58 28
3 30
63 54
34 17
49 24
53 18
16 23
6 21
37 49
15 9
1 52
22 35
26 60
7 4
28 38
52 25
41 46
2 6
60 65
65 20
54 61
55 44
57 16
33 36
59 63
17 66
61 58
62 42
20 5
56 59
47 64
18 32
48 10
66 51
44 62
31 67
30 43
39 33
51 69
29 68
46 47
50 57
21 3
36 48
35 50
42 53
64 27
14 7
4 37
10 15
69 2
23 4
43 24
10 38
68 7
54 20
32 39
14 3
37 55
47 15
33 30
30 9
12 53
53 21
11 12
66 48
6 14
20 66
44 36
34 56
27 1
8 46
1 41
38 43
26 19
42 27
25 69
55 34
56 18
29 61
5 8
16 26
7 2
39 57
35 65
52 54
36 13
18 52
48 11
50 47
62 42
64 31
46 67
61 50
49 59
31 68
28 58
3 51
67 64
41 23
21 25
63 37
65 5
22 40
69 6
45 29
59 45
19 62
2 60
58 49
13 33
24 28
40 32
17 22
15 16
4 17
51 10
57 44
9 35
60 63
69 2
21 68
43 42
9 23
28 41
13 63
12 15
42 47
34 37
3 17
33 69
57 60
48 36
29 55
37 62
15 21
14 31
23 13
46 45
52 44
8 65
18 51
36 1
64 57
31 9
41 56
68 54
69 5
30 11
7 29
49 3
39 64
6 10
65 4
1 40
50 49
58 66
45 58
35 53
55 24
66 22
10 25
61 20
5 67
51 59
54 7
60 35
19 18
63 8
40 19
59 38
38 34
16 61
24 48
11 12
32 43
25 50
62 14
47 28
67 27
17 16
2 6
20 30
4 32
22 2
27 26
44 46
53 52
56 33
26 39
69 2
62 52
7 18
48 65
42 66
60 35
52 68
41 27
37 15
21 19
11 53
16 43
23 33
24 38
4 21
19 59
1 4
30 8
13 11
51 34
64 39
39 6
58 9
50 3
35 2
53 7
44 56
14 1
12 25
43 47
66 54
2 37
45 46
31 10
18 49
57 64
27 24
36 55
25 69
26 14
40 42
47 22
32 13
61 48
38 20
9 36
10 67
63 29
22 51
49 26
20 30
6 50
59 31
3 58
8 5
34 63
65 16
17 57
68 45
54 60
5 12
46 23
69 44
15 41
33 40
67 28
28 61
29 17
56 32
55 62
69 2
46 22
44 37
57 6
60 67
22 1
4 19
16 29
53 69
62 36
66 39
25 4
21 52
27 34
68 3
9 42
20 9
26 27
40 53
45 24
63 15
42 58
58 41
11 16
49 31
51 26
1 10
13 56
69 12
14 45
55 49
19 14
17 33
34 50
59 68
38 59
47 23
37 18
54 25
28 51
35 54
24 17
33 5
50 57
67 63
8 40
41 46
30 62
61 48
36 2
6 13
56 32
2 65
12 43
18 21
10 30
64 8
52 28
7 47
23 60
15 55
5 61
29 66
32 7
31 20
3 11
65 35
48 38
39 64
43 44
69 2
45 23
36 10
42 62
16 36
30 46
3 40
19 53
48 5
55 1
1 18
25 69
40 8
43 57
9 28
51 2
5 15
58 49
46 7
53 9
24 65
6 44
32 58
66 21
65 19
2 35
7 39
18 54
61 26
23 14
69 59
49 60
8 67
20 32
38 66
41 51
28 4
33 16
11 17
67 63
47 34
68 25
59 6
10 41
35 42
34 37
4 11
50 20
39 68
22 3
27 29
64 13
37 27
31 12
52 48
13 31
44 43
63 55
57 45
54 64
60 38
14 24
56 22
62 50
12 30
17 33
21 61
15 56
29 52
26 47
69 2
27 34
15 44
17 63
63 54
28 58
49 29
22 56
40 19
29 20
59 61
5 13
36 16
11 22
4 8
33 46
66 47
19 18
50 23
9 2
58 60
69 35
14 69
18 66
10 41
48 38
56 36
67 4
68 15
8 68
3 48
55 28
60 12
24 26
20 45
46 40
25 42
54 39
35 55
42 53
31 64
34 11
2 5
12 65
7 17
30 59
26 37
21 50
61 3
64 32
6 24
44 52
47 62
41 67
62 10
1 14
38 33
53 49
32 27
37 21
39 30
23 31
16 25
43 9
57 51
65 7
52 6
45 43
51 1
13 57
69 2
10 61
51 46
11 50
46 53
44 54
27 10
52 16
15 51
8 43
33 49
48 15
22 68
50 41
62 63
21 45
37 2
36 20
56 47
30 19
12 36
69 52
59 38
13 6
61 11
2 1
9 48
34 35
55 24
14 69
38 5
20 8
57 64
6 58
41 9
28 26
49 65
18 42
54 28
35 39
4 40
45 66
3 23
23 18
5 13
63 44
7 55
47 7
66 27
68 30
17 31
64 56
29 57
60 25
19 3
1 60
58 14
42 21
16 22
67 12
24 62
26 32
39 37
31 34
25 29
65 4
40 67
53 33
43 17
32 59
69 2
3 25
33 3
6 12
39 34
37 67
10 61
61 41
26 60
57 44
45 20
32 58
19 17
55 18
9 65
11 59
68 26
24 37
30 19
51 31
18 51
44 21
29 53
36 56
31 15
43 50
21 48
41 9
13 42
62 24
40 69
69 4
7 40
8 68
5 57
65 2
46 22
66 16
54 5
34 13
28 45
23 6
15 10
4 64
63 36
27 55
67 63
56 39
47 52
16 27
48 62
2 54
42 8
35 1
49 33
60 46
58 30
22 14
25 32
64 29
20 43
53 11
17 47
12 35
59 38
50 66
1 7
52 28
38 49
14 23
69 2
15 56
1 35
46 14
6 32
20 28
8 16
16 41
3 69
22 18
29 36
35 58
32 33
2 17
18 66
52 45
68 57
38 55
69 27
27 60
64 38
23 42
61 31
50 10
60 67
24 52
56 68
17 26
45 63
66 48
39 3
55 20
26 8
41 9
21 53
54 22
34 65
7 54
57 12
36 24
47 6
14 64
40 4
31 46
51 7
62 37
33 23
37 39
67 34
42 5
19 47
59 40
10 1
43 59
11 50
5 21
12 13
44 43
48 62
65 2
25 11
13 29
28 25
63 30
49 19
58 49
30 61
53 44
4 51
9 15
69 2
26 32
17 38
67 27
1 23
66 62
18 2
29 61
4 14
59 69
7 53
38 16
12 58
52 6
57 63
5 42
27 21
25 56
58 55
55 46
46 31
21 43
48 26
61 20
6 36
51 19
68 7
40 1
32 45
45 35
69 17
31 66
60 12
11 49
19 3
10 41
9 11
30 48
62 10
36 37
49 52
64 25
42 4
8 22
41 47
43 68
3 8
65 54
24 57
56 30
13 33
53 18
34 13
63 44
44 28
16 15
54 60
33 59
35 50
20 9
37 24
15 64
2 40
50 65
23 39
28 5
47 29
22 67
39 34
14 51
69 2
51 63
26 33
27 41
22 69
62 38
57 51
10 59
38 32
2 16
4 34
53 24
25 65
60 47
20 21
13 46
28 17
61 56
24 3
19 50
21 58
5 30
59 39
66 1
45 37
15 18
17 12
40 60
50 22
35 2
54 40
47 52
30 45
32 54
58 8
48 35
69 64
12 57
55 44
42 43
52 5
67 36
18 53
41 29
16 31
1 25
14 11
8 49
65 19
23 10
49 48
7 9
63 61
64 26
29 67
9 15
34 68
37 27
3 20
43 23
68 6
46 7
56 62
6 14
39 28
31 55
36 4
11 13
44 66
33 42
69 2
21 69
59 35
7 37
28 1
43 20
55 29
57 56
51 7
53 8
26 32
65 41
18 46
33 4
38 21
3 31
48 43
2 60
42 51
40 27
6 11
4 6
17 64
14 34
22 28
15 52
32 47
31 13
30 18
44 50
41 39
62 23
12 22
13 16
67 66
16 53
39 44
46 57
52 5
50 67
63 65
45 48
19 68
58 40
68 9
64 63
61 58
20 2
1 19
54 61
11 30
60 14
35 3
8 10
23 59
47 25
56 36
24 38
37 26
10 49
25 12
34 62
5 17
66 55
36 54
69 42
27 24
49 15
29 33
9 45
69 2
67 64
48 5
17 66
54 61
15 31
55 3
23 17
27 48
69 50
19 60
25 28
42 44
34 12
9 16
32 62
52 40
8 57
38 4
59 52
4 69
16 23
64 46
41 51
50 9
26 58
53 54
37 20
13 47
45 10
57 53
39 32
2 22
61 2
7 63
30 14
11 45
40 68
47 29
43 21
29 15
44 67
22 37
60 56
10 35
63 43
35 19
21 6
6 65
12 41
49 30
5 42
51 55
46 13
20 33
62 49
14 59
18 27
31 24
58 34
66 39
1 26
56 7
24 11
28 18
68 8
36 25
3 36
33 1
65 38
69 2
22 40
38 64
23 25
11 5
39 35
29 31
20 9
28 3
36 21
12 7
59 65
27 43
57 15
26 30
55 58
25 41
63 8
3 10
60 53
2 45
6 24
21 4
30 55
66 38
67 59
65 23
54 42
13 22
16 34
43 6
5 61
44 14
62 11
50 67
49 29
8 54
32 16
51 47
15 60
18 66
58 62
31 63
53 68
19 39
68 1
69 2
48 28
56 44
37 26
41 46
1 50
14 19
17 32
52 33
35 52
45 12
42 37
61 36
9 48
47 18
24 20
4 51
7 57
34 56
33 27
46 49
10 69
40 17
64 13
69 2
57 6
25 15
54 59
6 14
4 55
14 26
61 43
33 34
62 11
3 37
23 29
39 23
47 52
21 2
35 4
8 50
65 45
68 65
10 31
45 54
48 33
18 58
11 47
19 46
50 5
36 24
22 57
41 25
7 60
58 7
66 16
1 69
9 1
17 13
46 42
44 32
28 40
34 12
5 41
16 53
37 62
52 67
38 19
69 27
53 36
27 17
29 18
56 49
15 48
59 35
49 38
32 20
40 30
63 64
67 56
64 61
30 10
60 66
42 51
24 68
26 28
2 8
43 21
31 9
51 44
20 22
13 39
12 3
55 63
69 2
16 35
40 34
65 58
57 19
32 40
52 13
68 49
6 68
63 16
47 29
38 3
39 59
19 5
34 25
11 38
62 43
17 1
28 22
66 24
56 46
26 11
15 7
9 33
21 20
37 26
49 69
29 42
14 64
44 67
61 63
1 62
53 36
36 65
67 23
25 66
54 41
2 45
27 18
12 55
48 53
33 60
7 48
46 4
51 54
20 8
4 27
8 30
60 61
50 51
55 52
30 56
43 2
3 44
42 12
22 10
5 6
23 15
59 17
64 32
24 57
45 50
58 47
31 39
69 9
35 21
13 28
18 37
41 14
10 31
69 2
59 1
20 33
27 29
3 14
42 16
5 43
68 57
61 17
46 40
64 58
38 62
12 9
50 69
53 50
35 55
1 35
66 49
11 3
65 68
39 56
55 31
69 37
16 21
67 24
49 67
30 28
56 59
29 25
45 54
26 53
18 66
21 7
17 5
7 36
41 34
4 60
48 10
47 61
22 27
62 26
36 11
43 42
52 46
9 32
60 23
8 41
6 2
10 19
40 15
63 18
34 63
37 12
58 22
19 13
51 47
54 48
24 65
14 52
23 51
33 44
2 45
15 38
44 39
28 64
25 8
31 6
57 4
13 30
32 20
69 2
16 37
39 24
13 63
24 11
25 12
9 38
19 14
37 22
57 36
53 19
40 51
29 34
50 64
6 8
34 47
48 45
68 33
2 29
56 17
32 39
28 61
5 62
23 3
54 40
10 2
62 68
45 69
15 58
7 57
11 65
61 59
66 27
63 25
22 10
21 35
3 41
42 67
47 43
67 54
60 7
20 15
38 31
30 16
4 20
64 53
65 60
12 5
36 48
43 42
27 50
46 32
31 49
1 23
59 66
26 28
58 13
17 44
35 26
8 4
49 1
51 21
55 6
52 9
44 46
69 52
33 56
18 55
41 30
14 18
69 2
21 40
8 45
12 67
68 31
29 54
19 49
20 32
34 8
54 21
22 59
46 63
44 5
69 2
42 38
23 30
62 22
35 25
26 28
51 34
67 19
13 23
9 60
16 56
25 11
38 1
1 44
49 37
64 10
24 35
18 4
55 39
47 26
43 16
3 64
27 57
2 7
6 51
50 17
17 33
52 58
66 24
56 52
65 66
60 3
57 46
58 55
36 13
53 43
39 18
37 29
63 15
31 20
45 14
40 42
30 41
14 69
28 6
7 62
41 47
11 12
33 65
32 9
59 68
61 48
10 50
4 36
5 61
15 53
48 27
69 2
54 56
51 52
52 44
2 11
44 4
20 51
64 9
35 6
41 60
8 69
15 59
19 57
66 30
39 14
30 67
62 42
18 26
31 10
45 28
5 47
53 16
43 58
59 50
67 2
21 63
48 17
32 40
14 27
38 45
60 20
27 7
12 35
4 22
57 66
1 53
13 36
47 62
61 15
50 24
49 18
34 5
6 23
56 3
65 34
42 8
25 38
16 31
17 61
10 46
28 32
23 68
7 25
9 21
22 48
11 13
36 37
24 12
3 64
55 33
37 29
40 41
29 49
68 65
33 54
26 1
58 19
46 39
69 55
63 43
69 2
21 20
39 37
50 61
63 25
15 3
48 50
35 60
5 14
60 44
19 17
9 56
37 43
51 8
7 28
31 16
12 49
62 29
20 7
11 55
58 15
47 45
26 63
29 12
42 46
4 48
22 24
40 2
43 51
28 58
30 6
67 47
17 30
16 66
32 35
8 38
69 22
18 32
65 33
56 23
14 36
66 42
57 53
44 1
68 40
25 21
64 11
6 62
38 67
53 64
10 52
34 9
45 57
1 27
41 68
2 69
33 13
49 54
36 19
46 10
23 41
54 4
55 65
27 59
13 34
61 26
3 18
59 39
52 5
24 31
69 2
31 15
68 19
34 40
38 54
3 2
22 10
18 7
1 65
30 27
61 3
63 12
5 24
20 62
51 6
14 46
54 26
39 63
21 5
49 56
62 48
7 33
37 35
29 31
43 57
47 1
24 37
44 47
66 17
36 45
12 22
11 29
65 67
46 52
25 4
41 44
4 18
60 36
52 8
17 13
56 58
16 60
26 20
2 66
42 28
6 53
28 59
55 68
33 39
53 55
40 25
13 32
35 41
19 50
23 69
45 49
50 9
9 14
57 23
48 30
69 42
27 34
64 61
10 64
59 11
8 21
15 16
32 43
58 51
67 38
69 2
62 44
13 51
24 50
2 63
63 14
57 8
68 69
28 56
15 62
59 16
58 33
21 38
32 17
67 41
53 35
20 45
12 11
50 60
36 24
54 49
64 59
47 66
19 43
30 28
34 55
31 22
7 15
22 36
46 39
66 1
33 40
3 68
55 10
44 67
42 53
11 18
49 52
1 57
27 19
41 47
9 27
37 30
38 61
6 48
5 46
39 25
61 7
18 58
51 42
45 54
43 65
52 13
56 29
16 9
29 31
26 64
10 23
14 4
40 6
8 12
4 26
60 2
35 5
25 21
17 37
23 32
48 34
69 20
65 3
69 2
1 21
27 23
46 51
14 6
68 35
38 58
18 66
59 18
39 7
62 28
31 49
8 11
67 48
24 39
5 62
44 61
3 20
60 37
7 1
47 38
41 13
64 67
2 57
16 33
43 68
48 14
12 65
21 55
49 25
10 46
23 8
32 59
22 53
55 42
20 52
61 56
57 34
65 30
37 45
58 69
52 36
19 50
13 19
26 16
40 60
6 15
69 9
53 26
51 17
56 29
45 41
4 47
54 24
15 3
66 5
63 12
35 4
42 32
25 44
28 31
29 63
50 64
9 22
36 54
34 10
30 27
11 43
33 2
17 40
69 2
35 22
10 31
27 65
32 68
37 29
34 47
1 51
24 41
67 19
26 42
7 21
44 66
36 28
11 55
3 63
17 34
47 62
48 38
50 23
13 20
33 24
57 1
62 36
18 35
65 2
41 7
45 39
6 14
4 57
63 48
31 26
42 6
43 37
55 10
49 3
12 69
58 61
68 11
8 54
29 4
16 9
21 12
59 67
25 40
15 30
51 8
14 59
61 64
64 53
20 17
5 50
19 13
23 60
40 27
28 44
69 15
2 49
54 56
60 45
46 16
53 52
9 43
52 46
22 58
38 32
66 18
56 5
30 25
39 33
69 2
38 41
23 35
36 16
60 42
56 63
4 62
54 53
68 27
15 69
55 30
22 14
44 48
41 68
30 3
28 39
42 40
43 55
10 57
62 29
50 5
25 46
69 61
5 43
1 36
63 32
13 51
14 2
21 11
61 6
45 58
65 37
12 7
9 26
49 9
64 22
48 49
57 66
29 44
67 47
52 54
8 13
40 64
26 65
66 8
6 67
20 50
32 20
53 19
24 34
35 52
19 24
39 56
58 33
31 45
18 23
33 25
3 17
46 1
16 12
37 18
34 60
7 15
11 10
59 38
2 31
17 59
51 4
47 28
27 21
69 2
61 35
56 62
31 46
57 22
16 5
53 65
60 3
33 49
19 64
46 66
6 55
62 1
51 40
30 38
29 10
4 16
66 52
48 44
14 45
26 21
42 57
1 19
32 25
18 68
43 51
27 61
44 8
59 9
11 39
35 69
21 15
20 27
25 2
38 34
65 50
63 48
55 47
49 43
36 20
58 18
8 36
9 23
41 14
64 7
37 28
10 17
40 63
17 54
68 30
22 11
28 56
52 53
39 67
69 41
34 37
23 12
47 59
54 13
7 4
2 60
5 26
12 24
15 32
13 58
45 29
24 33
50 6
67 31
3 42
69 2
11 53
53 28
1 11
50 26
34 63
26 5
33 35
47 34
22 49
19 37
62 10
35 32
28 45
3 23
42 12
24 60
27 20
56 65
9 68
66 8
38 66
23 40
68 22
29 13
44 41
8 29
39 7
37 62
54 31
46 43
36 56
15 24
14 25
69 48
2 52
60 58
48 18
10 55
43 44
58 51
55 59
40 21
30 19
20 38
13 54
52 64
4 15
67 17
31 9
5 27
59 39
65 61
63 33
16 1
57 4
21 14
17 50
25 36
32 69
7 2
51 3
12 57
18 67
45 42
41 16
49 46
64 6
6 47
61 30
69 2
37 16
61 64
10 33
2 41
62 26
30 47
20 6
69 54
7 23
68 51
26 28
22 37
59 45
46 63
52 50
50 18
43 57
12 1
34 36
51 7
23 43
6 62
53 65
17 5
4 44
25 52
64 17
45 48
42 35
65 67
14 68
5 60
31 40
35 14
40 58
24 66
18 61
16 38
44 21
9 24
19 13
39 12
27 42
54 19
38 46
21 39
36 20
60 4
11 56
66 49
55 31
3 2
33 55
13 29
57 25
41 53
15 9
28 59
49 32
1 10
32 34
63 8
67 30
29 22
8 11
56 27
47 69
48 3
58 15
69 2
2 47
42 40
21 9
65 28
5 16
67 66
56 25
19 62
49 21
66 55
62 53
6 49
45 56
12 50
63 69
3 65
7 11
26 27
57 30
43 35
34 63
30 46
68 8
52 15
17 10
58 38
38 17
41 37
8 52
50 48
9 12
4 13
59 5
18 67
48 57
53 20
47 43
33 60
14 54
39 42
61 7
36 19
31 22
11 41
23 64
60 61
44 1
32 31
69 4
24 32
15 24
28 33
1 39
37 45
54 29
51 2
13 6
16 44
35 14
64 3
55 68
20 26
22 59
46 51
10 23
27 34
29 58
40 36
25 18
69 2
20 66
67 33
69 13
28 35
1 34
39 64
2 1
56 4
7 53
64 24
21 49
54 9
32 25
26 56
31 6
44 57
61 2
53 47
5 69
12 58
23 18
66 59
33 16
13 30
57 7
42 17
60 20
37 45
4 12
6 32
15 31
10 61
58 8
35 52
51 48
49 62
27 41
47 10
43 68
55 28
62 37
41 46
34 19
46 60
30 3
22 43
8 27
38 44
63 42
16 39
29 5
52 50
25 54
48 36
24 14
65 63
18 51
17 67
40 65
14 23
68 40
50 15
3 22
11 29
36 26
9 11
59 38
19 21
45 55
69 2
3 2
1 58
5 54
18 24
9 12
37 68
38 42
68 50
65 26
32 61
48 45
2 13
51 40
34 14
50 53
44 48
66 67
35 3
10 46
12 30
19 11
25 35
41 21
14 39
53 22
23 55
7 64
20 69
13 41
69 59
11 62
27 44
58 4
61 18
31 33
56 36
43 9
60 17
8 27
59 29
22 16
16 60
64 57
28 20
47 63
42 1
17 38
46 8
52 5
40 66
30 47
49 51
21 49
62 34
6 10
15 6
57 52
63 37
39 23
29 43
45 7
24 19
36 15
55 28
67 32
33 56
54 65
26 25
4 31
69 2
66 8
33 14
16 15
3 17
14 21
21 40
8 31
68 54
50 49
25 26
13 32
43 20
22 16
46 65
69 60
18 62
4 51
60 57
54 66
31 12
29 33
35 7
51 46
63 50
5 28
6 44
17 55
61 25
32 45
45 69
24 1
64 6
28 19
41 24
23 61
10 11
56 10
42 35
67 9
20 58
36 53
44 38
62 27
57 43
58 64
19 34
1 67
27 42
26 18
38 52
2 48
52 41
53 5
37 2
15 30
65 39
47 59
48 13
49 47
40 22
7 68
59 36
55 29
9 4
11 37
34 56
39 23
30 63
12 3
69 2
52 5
8 26
1 20
6 23
3 67
35 40
18 3
2 8
38 13
23 2
51 16
29 39
57 58
32 63
15 35
42 6
64 33
53 22
61 34
11 7
9 49
19 36
22 61
62 50
41 45
4 18
40 68
14 52
66 14
21 46
50 66
28 54
36 32
20 29
10 30
58 4
43 11
13 51
30 57
27 62
49 12
67 56
31 17
26 48
16 41
25 24
55 53
44 21
54 9
56 64
69 42
37 19
17 65
39 38
59 44
63 43
7 60
47 28
68 59
24 27
33 55
65 69
34 15
5 10
60 47
48 1
46 37
45 25
12 31
69 2
14 15
65 69
45 25
53 49
30 9
25 41
46 64
63 19
9 8
67 31
34 36
49 33
29 27
58 32
15 24
28 51
44 52
10 61
19 17
43 55
69 62
17 43
6 4
56 39
5 1
21 23
61 37
62 26
22 13
13 21
27 67
7 63
24 68
8 53
4 54
35 30
40 16
23 7
2 34
54 46
64 11
3 28
47 50
52 58
32 6
33 44
48 56
18 48
51 57
60 40
59 2
68 10
37 60
41 12
1 59
38 35
55 66
36 42
50 65
26 18
66 5
11 22
39 38
12 20
16 3
31 45
57 29
20 47
42 14
