43 27 35 66 55 52 30 41 44 1 56 18 24 67 62 47 11 4 49 48 53 70 15 40 13 64 38 54 60 69 33 3 42 17 21 7 29 57 12 65 46 19 5 8 25 9 26 22 58 10 2 50 59 39 68 31 36 34 37 20 23 63 61 32 51 14 28 45 16 6 
21 19 51 6 20 67 11 22 1 35 7 10 43 30 38 55 48 32 16 53 49 9 59 27 13 46 54 64 2 15 66 68 3 44 62 40 23 52 58 63 4 14 26 25 61 69 60 8 39 42 5 29 31 36 37 33 28 56 57 50 65 47 17 18 24 41 70 34 45 12 
9 21 26 18 64 30 59 66 10 14 5 43 1 17 22 45 32 47 49 28 52 40 68 35 25 44 65 2 3 31 11 70 53 33 60 48 51 39 6 15 42 12 67 8 27 56 19 62 54 63 50 29 24 13 7 37 69 20 58 57 4 36 16 46 38 55 61 34 41 23 
10 25 27 26 48 24 53 13 45 3 28 1 29 17 60 63 47 40 58 44 9 6 59 37 41 39 22 49 52 36 5 46 2 68 65 55 69 8 43 70 31 4 12 16 64 51 19 62 34 42 21 33 20 57 67 32 56 7 14 66 61 18 15 30 38 35 54 11 23 50 
21 55 63 4 27 68 46 41 60 6 9 69 65 14 52 50 45 47 13 35 1 19 22 64 16 44 7 32 70 38 42 24 66 58 62 57 20 31 10 67 36 15 2 39 11 56 61 51 37 30 54 12 28 8 17 34 40 53 23 48 5 26 3 59 18 33 43 49 25 29 
51 35 67 59 34 2 45 61 28 23 30 6 47 54 56 21 31 7 37 60 64 4 13 62 12 20 46 14 39 9 65 11 5 50 49 70 32 63 19 52 18 40 22 53 44 58 48 68 29 69 36 27 43 17 57 1 24 15 8 42 3 16 33 38 55 25 10 26 66 41 
41 23 8 2 64 27 56 1 57 21 43 25 58 66 12 49 45 67 37 33 15 4 34 13 7 22 38 39 32 46 52 69 14 5 6 29 30 55 50 16 10 18 40 65 26 53 70 35 48 63 31 36 3 44 24 60 59 54 47 68 9 61 42 62 17 19 20 11 28 51 
17 24 20 68 21 61 58 18 51 7 41 25 64 53 35 16 12 43 34 33 5 8 27 54 29 3 52 45 44 55 11 6 4 59 36 13 65 62 38 22 39 69 1 70 47 26 67 14 66 28 31 10 56 2 40 48 19 57 63 46 15 50 9 49 37 30 23 32 42 60 
61 15 9 63 66 33 28 20 58 56 70 34 51 5 59 11 39 22 10 19 60 57 23 44 2 68 62 24 4 43 12 67 17 52 64 41 3 8 37 53 29 45 40 13 47 16 21 36 49 50 18 46 25 7 35 6 31 26 32 30 54 42 55 65 27 14 69 1 38 48 
12 54 37 38 36 39 31 55 67 44 45 56 53 6 58 40 23 14 7 33 66 20 15 46 8 16 29 27 11 63 50 35 49 51 42 59 19 64 69 48 18 65 28 4 60 3 9 2 52 61 26 21 24 25 57 22 62 1 34 30 41 32 10 17 5 47 13 68 43 70 
24 4 14 21 39 34 6 46 5 18 58 65 56 25 63 70 8 38 64 57 50 67 68 1 27 11 43 15 20 69 19 16 32 60 3 12 28 49 30 22 17 53 2 13 36 52 23 47 40 31 10 44 62 7 41 54 59 66 51 33 55 9 61 48 42 45 35 29 37 26 
32 27 13 22 7 14 61 12 42 21 49 54 2 5 18 46 30 53 29 63 23 70 66 16 52 6 45 3 31 59 20 57 39 50 67 68 65 25 10 51 58 43 37 15 55 9 47 48 35 26 4 11 69 19 28 34 36 17 8 24 56 44 41 1 62 33 60 38 40 64 
44 55 28 62 68 65 5 36 52 20 47 30 37 39 25 3 69 42 61 38 54 17 48 57 19 64 10 50 21 22 15 58 7 35 53 45 18 33 51 6 56 34 67 14 43 13 27 4 31 70 63 12 11 46 1 16 23 29 24 41 8 2 9 66 26 32 40 59 49 60 
66 2 51 63 43 15 62 7 5 14 20 55 50 16 46 54 40 44 29 28 61 24 6 68 13 60 65 31 10 32 26 42 48 39 17 52 38 19 30 45 23 64 12 9 25 58 67 4 3 53 1 57 70 37 69 35 49 27 33 22 47 41 59 18 21 56 8 34 36 11 
20 5 9 42 50 39 52 47 34 29 28 18 12 48 3 61 11 1 45 58 69 25 64 13 59 15 56 57 44 33 32 49 40 10 22 17 51 2 19 6 70 27 66 43 65 26 36 38 46 68 67 41 55 31 35 30 60 16 21 63 8 7 37 23 53 4 62 54 14 24 
23 45 34 30 48 39 67 47 42 22 52 59 31 69 37 36 41 66 12 38 19 1 8 63 58 7 60 46 54 9 44 5 18 20 62 16 29 13 61 55 27 14 49 50 24 15 2 21 43 64 4 10 70 40 35 6 33 11 26 28 17 51 25 65 68 3 57 32 53 56 
10 1 13 31 35 70 62 51 43 60 47 41 33 2 38 29 25 50 49 44 6 40 15 12 66 14 36 68 22 16 52 19 42 64 48 57 30 61 23 39 59 18 63 4 37 3 69 21 9 7 20 27 26 54 17 45 65 53 46 67 5 11 34 24 56 32 55 28 58 8 
21 48 65 41 27 46 50 20 11 56 53 39 44 69 36 32 33 67 43 10 34 9 52 64 24 54 6 40 38 58 13 2 5 35 23 61 57 47 68 12 66 17 59 60 1 51 14 42 37 28 15 63 7 25 29 49 62 26 19 45 22 3 31 30 16 70 8 4 55 18 
47 12 48 69 55 26 25 3 35 53 58 60 56 18 62 67 5 51 40 8 4 28 54 49 10 39 1 27 15 42 32 24 9 19 37 63 2 17 23 34 16 44 6 68 20 38 65 52 45 22 33 31 66 70 41 30 50 14 57 46 21 43 29 11 64 13 7 61 59 36 
32 55 19 64 41 37 60 10 30 48 46 6 49 2 3 7 15 14 43 34 11 54 1 69 40 61 25 28 22 38 65 8 4 63 13 56 58 16 51 20 59 33 70 24 47 66 21 35 62 9 53 5 18 31 67 57 50 26 23 39 68 44 27 12 52 17 42 36 45 29 
45 15 61 55 49 69 57 52 70 40 64 8 43 67 62 4 22 47 60 23 39 59 54 51 12 11 56 33 37 50 32 31 38 58 7 63 65 27 1 35 20 14 66 28 17 48 30 9 41 42 10 5 13 68 26 24 6 46 29 53 2 3 44 25 21 16 36 18 19 34 
67 7 21 57 51 10 70 69 40 49 1 24 27 15 17 41 18 61 44 53 68 43 28 58 16 62 45 26 55 56 31 33 5 32 22 3 11 37 65 19 29 39 8 23 42 25 63 4 6 60 2 30 52 50 64 46 9 13 12 48 20 47 38 34 59 66 35 54 36 14 
8 31 16 48 19 37 55 63 14 33 27 34 45 69 12 41 67 52 58 17 2 3 70 40 39 62 51 11 18 56 10 46 25 23 53 6 21 22 61 20 26 4 15 59 57 43 1 64 49 50 29 7 32 13 9 5 38 66 36 28 35 47 24 44 54 65 30 42 68 60 
64 68 58 70 43 5 22 36 31 51 35 66 16 27 21 44 30 69 29 6 4 49 45 50 2 11 34 1 17 13 37 47 61 3 15 40 28 18 26 39 14 46 53 32 7 65 54 19 42 38 33 10 57 48 63 23 12 56 60 67 8 24 25 20 62 55 52 59 9 41 
14 34 7 65 13 56 58 5 42 30 26 45 6 43 57 46 61 22 36 55 10 20 27 8 69 66 40 4 9 35 54 59 68 32 25 53 1 16 18 28 38 11 64 50 48 3 47 39 70 52 23 63 62 49 67 41 2 21 24 44 17 15 51 12 37 31 33 29 60 19 
7 10 67 15 5 66 19 63 33 32 6 9 37 55 27 62 35 57 53 12 1 40 46 41 44 29 28 4 31 60 14 45 59 65 70 8 56 22 21 52 2 11 34 61 18 25 50 51 3 47 49 20 48 42 23 68 36 69 38 30 16 13 54 39 43 58 24 26 64 17 
29 41 7 36 58 38 64 31 49 60 10 24 4 53 69 5 37 6 47 23 22 39 28 12 59 54 13 42 62 35 66 65 19 1 27 33 8 14 40 21 34 30 46 11 25 48 2 9 45 18 50 32 61 68 17 52 3 15 67 63 70 26 20 55 44 56 51 43 16 57 
37 63 38 31 10 47 30 13 23 55 33 67 66 68 8 58 26 42 52 59 62 22 43 16 64 32 25 41 36 69 51 9 65 46 29 60 54 7 39 12 3 50 18 20 2 61 27 17 19 35 5 56 44 34 57 4 49 24 21 70 6 53 15 14 1 48 28 40 11 45 
26 37 68 28 27 33 25 11 43 5 32 62 1 49 64 8 34 52 67 6 15 41 12 60 42 13 16 9 55 20 35 51 44 45 39 70 3 2 58 29 18 61 65 59 21 56 69 53 48 66 40 57 19 7 54 47 24 63 30 17 38 36 22 14 10 46 50 23 4 31 
38 32 19 35 12 54 60 37 2 66 59 17 56 16 22 27 6 33 13 46 57 69 18 63 26 4 65 47 48 70 34 55 1 30 39 45 49 10 62 29 11 20 14 43 51 21 28 24 42 58 36 41 9 53 3 15 68 52 7 31 64 25 8 61 67 40 50 5 23 44 
39 17 7 49 20 51 42 46 1 47 48 16 29 30 9 13 59 2 61 11 5 26 67 10 12 38 27 22 35 43 23 40 60 34 24 6 56 66 70 62 65 63 14 4 53 50 36 3 8 37 55 32 28 64 45 21 15 19 44 18 52 33 68 54 41 69 31 25 58 57 
30 51 68 13 27 59 39 53 35 25 10 24 17 69 50 7 48 41 42 36 63 65 43 23 1 62 2 4 20 18 8 12 21 22 3 56 11 44 34 61 40 19 54 5 45 15 14 37 58 70 29 31 38 9 66 60 33 28 16 6 52 32 67 49 26 47 55 57 46 64 
44 36 23 69 39 27 54 42 61 30 63 12 15 41 58 19 5 38 3 65 46 45 13 52 35 10 7 9 70 66 32 20 64 28 11 17 50 8 21 67 49 16 55 53 18 68 33 24 22 1 2 51 56 31 48 6 62 60 29 57 25 59 26 34 43 4 47 37 40 14 
31 23 21 50 29 42 18 66 60 20 55 1 52 22 39 44 63 51 3 27 45 68 35 14 19 26 36 49 38 47 56 8 62 4 64 58 15 5 37 16 24 53 9 41 65 54 57 7 12 13 61 11 70 67 43 6 17 10 46 28 40 30 34 25 32 69 59 2 48 33 
44 23 7 16 32 5 24 3 17 6 31 25 14 61 36 26 33 22 69 12 8 64 9 34 45 56 52 40 19 43 30 54 10 46 67 68 11 59 4 21 20 15 37 35 18 42 65 62 13 55 51 63 58 2 1 47 27 60 50 53 38 39 66 41 57 49 70 28 48 29 
46 9 31 4 47 16 18 55 68 61 8 41 50 17 12 1 28 38 24 15 39 49 7 42 51 64 30 32 54 13 3 14 37 19 65 67 69 45 21 6 44 23 40 52 33 34 70 53 66 59 29 10 26 56 27 60 43 2 48 36 25 35 58 57 5 20 11 62 63 22 
12 65 15 34 6 3 66 17 39 69 61 30 26 64 60 33 58 35 42 54 43 36 62 14 68 20 70 53 1 56 2 29 50 51 44 49 18 13 28 23 45 57 21 11 9 16 32 31 10 59 27 38 37 41 5 25 4 40 48 63 52 55 22 46 24 8 67 7 19 47 
34 5 40 53 54 35 30 60 10 32 52 8 27 29 1 36 18 55 28 24 14 4 51 41 21 42 9 38 11 57 13 12 56 70 2 50 31 16 63 3 17 39 49 15 20 6 47 58 25 43 37 64 19 33 26 48 23 46 44 68 45 22 62 59 69 7 66 67 65 61 
18 27 47 63 30 49 62 39 57 33 2 69 14 4 70 41 28 48 56 32 53 51 8 26 1 44 25 31 6 59 45 42 15 21 54 19 60 58 64 9 40 10 12 17 36 5 11 24 66 65 52 23 61 38 67 20 22 34 35 16 50 68 55 3 37 43 7 29 13 46 
65 14 34 55 41 57 60 1 6 63 26 25 35 4 17 48 70 13 33 22 12 36 18 37 54 69 8 62 11 67 38 29 40 16 52 59 49 64 68 50 28 44 51 21 15 45 46 7 23 5 31 3 27 42 2 39 10 66 19 58 30 61 56 24 20 47 43 32 9 53 
5 22 63 2 41 61 18 35 62 67 1 4 49 34 56 36 33 46 47 50 53 27 65 68 54 59 24 31 37 57 16 6 48 58 40 55 7 64 23 29 39 38 28 12 32 8 17 14 15 13 11 66 10 70 3 25 44 9 30 52 69 45 60 26 42 51 20 43 21 19 
43 64 14 28 7 38 47 29 30 39 58 36 67 48 63 70 33 16 21 40 24 8 19 52 9 31 49 62 45 23 66 56 25 60 6 3 37 32 10 61 42 54 2 34 51 35 27 69 65 57 50 17 59 1 44 20 12 13 18 55 41 46 22 4 53 26 5 68 15 11 
50 19 44 61 62 2 20 32 9 21 5 15 49 42 37 12 68 34 36 40 27 16 57 65 52 1 29 47 41 48 59 69 60 4 43 66 58 38 63 64 11 7 13 35 70 25 17 33 46 22 14 28 6 53 31 51 54 8 18 10 24 3 30 23 55 45 26 39 56 67 
33 7 50 34 11 61 67 10 24 63 17 19 22 52 69 4 41 59 25 58 31 57 1 51 16 21 20 6 38 37 54 42 23 70 53 5 49 56 18 14 65 2 32 64 3 35 12 44 43 55 48 36 46 40 68 66 15 28 45 29 26 47 62 30 60 13 39 8 27 9 
60 50 48 16 54 18 66 39 10 11 49 45 34 36 42 27 51 55 40 46 56 9 47 43 23 53 13 67 33 7 29 64 21 31 19 63 57 65 68 44 5 14 35 3 32 4 59 8 62 6 25 15 2 20 41 69 38 70 26 17 1 61 12 28 52 22 24 30 58 37 
42 5 4 44 57 14 25 23 53 1 38 47 15 63 66 52 61 65 55 10 31 34 29 69 60 3 13 17 45 54 28 56 36 43 37 46 19 58 40 22 27 12 51 21 59 70 49 8 68 20 48 39 67 11 6 41 33 50 7 2 9 26 30 16 62 64 32 35 24 18 
44 4 33 18 49 47 69 22 23 12 42 55 2 58 34 19 30 7 40 9 31 24 37 64 63 26 48 66 43 68 15 5 16 61 38 65 21 3 8 57 10 35 60 67 25 11 13 51 52 41 17 46 32 50 53 1 36 14 39 54 59 45 28 6 20 62 70 56 29 27 
21 42 40 69 49 38 3 10 15 7 55 51 34 28 14 58 68 31 61 39 11 35 66 52 33 63 17 32 54 1 70 16 18 29 57 23 62 53 65 4 56 24 2 64 37 12 67 19 45 47 20 13 30 41 6 26 44 46 43 60 50 5 36 27 9 59 22 48 25 8 
45 3 17 25 37 28 46 68 10 21 19 35 29 50 57 56 47 15 33 2 69 4 65 54 39 12 42 7 64 59 60 23 48 53 26 36 11 8 16 61 30 27 5 34 18 22 70 6 24 41 38 58 52 14 67 44 20 40 55 49 1 63 51 43 66 62 32 31 9 13 
17 1 33 29 27 45 39 63 36 34 4 55 8 37 32 43 61 44 10 60 25 22 31 66 42 21 11 16 19 13 9 2 47 67 59 3 65 20 56 18 24 54 48 5 7 40 38 41 57 6 15 46 14 58 52 69 26 68 64 49 53 12 23 50 30 70 28 62 51 35 
17 52 10 62 8 19 47 53 64 35 33 58 38 49 18 34 29 11 43 27 31 3 24 15 21 48 2 39 51 40 37 41 12 28 60 54 25 59 1 69 68 57 44 50 63 32 56 16 4 30 65 9 5 26 6 13 67 36 46 66 42 22 70 23 61 20 14 7 45 55 
48 66 5 58 36 46 61 14 11 51 67 49 7 23 27 32 12 13 65 39 28 9 45 22 25 16 54 17 50 63 18 3 21 53 2 64 40 68 69 4 60 20 43 24 62 29 15 30 31 42 8 34 57 70 10 1 26 19 33 41 55 52 44 47 56 35 37 38 59 6 
4 61 60 34 57 1 40 26 31 36 27 68 49 44 2 56 23 53 3 16 39 9 70 15 59 17 38 14 18 29 42 69 47 10 7 63 8 13 19 46 54 20 48 32 66 55 12 24 28 25 11 51 22 6 21 50 35 45 33 67 43 41 65 37 64 5 62 30 52 58 
36 14 69 3 44 19 28 12 70 49 32 45 21 11 7 67 35 1 26 17 4 2 64 60 27 43 29 6 53 52 38 9 20 41 8 68 62 16 39 30 65 42 54 56 55 47 58 25 48 57 63 33 40 51 13 59 61 10 66 37 5 22 50 18 23 24 31 15 46 34 
53 35 57 50 32 70 45 69 28 59 36 6 14 33 37 10 44 26 65 1 40 9 11 29 51 23 16 66 42 41 3 5 48 64 55 52 22 47 2 54 58 63 67 17 15 19 43 49 34 27 56 25 68 7 21 18 46 61 30 13 8 62 60 12 39 24 20 4 31 38 
31 53 65 12 61 42 57 37 52 41 22 58 40 8 54 2 56 45 26 9 11 10 68 38 24 23 47 60 59 36 34 55 67 35 6 7 17 30 32 29 16 4 27 25 63 48 46 28 18 19 70 69 51 13 5 3 43 44 64 50 62 66 33 14 39 20 21 49 1 15 
70 7 30 27 49 50 13 16 34 54 35 3 24 12 1 10 22 58 19 61 23 44 52 47 56 5 68 33 17 31 6 41 28 2 40 63 51 36 14 21 65 11 67 32 64 37 8 43 48 25 38 69 59 26 9 55 39 57 29 45 60 15 42 62 20 46 66 53 18 4 
24 39 56 11 70 2 57 3 10 20 7 66 62 54 58 21 55 34 42 35 22 46 64 44 5 8 18 4 30 51 17 38 53 49 14 28 26 65 61 23 43 52 68 27 9 31 1 67 37 13 6 33 63 59 45 50 16 36 47 69 25 41 15 48 40 19 12 32 60 29 
10 51 47 32 54 62 35 46 38 13 34 29 57 65 55 31 45 11 6 14 59 12 66 19 40 42 21 23 64 61 70 53 60 30 26 56 1 22 33 43 44 41 67 2 4 7 9 37 49 17 28 5 69 68 25 63 48 3 8 50 36 27 20 39 15 58 18 52 24 16 
39 29 15 36 54 12 64 41 53 28 65 31 42 34 47 13 21 16 67 5 49 6 68 33 32 14 11 59 10 52 26 30 50 60 22 58 69 66 40 57 51 25 46 9 43 24 62 55 8 63 44 3 2 23 19 45 4 7 18 20 17 27 37 70 61 56 1 35 48 38 
67 20 36 48 1 4 27 61 37 50 59 26 54 63 34 38 2 6 25 58 29 52 47 64 21 24 41 8 15 49 30 69 32 12 19 62 35 43 42 46 55 45 3 57 68 51 17 31 28 7 23 39 13 16 11 40 65 10 53 60 18 14 9 22 33 70 44 5 56 66 
1 40 23 43 26 8 19 36 51 60 48 58 70 35 34 13 37 52 56 20 10 11 62 49 24 31 17 30 47 27 64 69 3 68 6 42 16 53 59 21 32 15 28 44 7 4 55 65 67 38 22 5 41 54 57 61 2 9 66 46 14 63 12 25 39 33 18 45 29 50 
44 29 22 48 11 39 51 8 61 55 37 30 56 15 12 16 49 35 40 64 32 13 63 36 9 60 23 33 20 42 31 27 57 54 45 5 4 10 70 43 14 18 58 41 28 2 50 6 1 24 25 34 38 7 66 53 65 19 3 21 68 69 52 47 62 17 59 67 26 46 
39 14 36 34 20 12 49 41 31 53 35 19 50 10 30 26 16 24 13 37 40 27 61 21 6 52 5 22 44 47 11 1 59 9 15 54 46 3 43 45 68 55 60 69 32 65 42 64 48 25 28 56 62 7 66 29 18 38 23 33 8 2 4 67 51 58 57 63 17 70 
3 62 47 18 65 40 10 56 66 63 24 30 9 55 44 8 61 58 4 25 19 12 38 2 35 17 22 48 7 32 5 31 33 51 39 34 57 64 21 37 36 45 67 23 46 52 1 42 68 69 70 54 27 49 14 60 20 43 29 11 41 13 16 6 50 15 59 28 26 53 
6 5 37 32 27 45 34 23 52 59 7 61 67 35 1 64 41 44 24 47 56 53 70 4 17 63 15 40 25 46 28 38 29 36 11 57 42 12 60 51 66 65 26 3 20 2 18 55 16 13 58 21 48 49 62 50 8 33 54 39 68 19 9 10 30 69 43 14 22 31 
52 13 17 7 6 32 63 48 8 50 54 3 4 40 36 28 65 20 16 2 19 69 26 34 66 46 35 53 38 41 37 1 70 57 30 62 60 29 31 27 68 64 18 22 21 39 42 24 61 15 33 45 14 51 56 58 43 12 25 47 49 5 44 11 59 55 67 23 10 9 
27 47 32 19 70 63 12 44 35 69 42 43 53 28 21 57 10 37 15 59 30 58 52 20 7 26 60 39 24 6 25 49 2 40 14 3 45 65 11 38 18 22 17 62 64 31 33 1 56 8 5 46 23 16 48 9 61 67 50 34 29 36 51 4 54 13 66 41 55 68 
53 70 69 17 14 38 12 33 47 39 66 56 32 50 60 62 8 55 27 19 42 45 52 28 26 4 49 21 40 3 35 24 36 7 20 15 18 31 29 64 34 68 25 10 67 16 44 30 65 6 51 5 11 54 37 57 58 61 63 2 41 23 22 48 13 59 1 43 9 46 
37 10 36 18 3 38 45 30 7 23 62 67 15 9 50 56 26 51 70 60 29 11 41 55 46 13 27 17 57 16 40 42 34 33 19 44 61 6 12 68 54 43 47 49 1 14 52 21 28 65 32 53 64 2 20 39 35 4 24 8 5 48 25 59 63 58 31 66 22 69 
7 20 40 67 25 46 50 18 36 66 39 19 32 49 70 6 53 48 2 13 29 17 37 4 33 63 21 22 35 12 3 5 23 38 60 26 31 56 55 68 47 44 9 62 15 8 34 42 11 51 58 1 41 52 64 10 54 61 45 65 69 27 43 57 16 28 24 59 14 30 
30 21 7 29 59 45 56 33 34 3 46 58 10 18 61 4 13 57 19 41 53 1 47 5 70 60 66 54 37 8 15 55 26 68 24 63 39 22 40 49 65 16 17 9 27 12 20 35 25 31 38 67 43 64 32 36 2 11 23 52 6 14 62 28 51 69 48 50 42 44 
16 30 53 50 45 63 60 35 12 36 23 58 34 13 26 18 42 14 17 39 3 54 48 4 11 44 20 6 61 8 32 2 59 10 28 38 62 56 55 64 65 9 67 21 5 41 33 68 49 19 52 40 57 51 27 47 31 24 22 37 15 70 25 46 7 43 66 69 1 29 
62 59 50 40 70 36 69 6 24 16 18 61 67 5 47 14 15 8 31 34 57 1 63 3 12 68 66 39 48 11 10 43 23 22 25 19 44 2 20 32 33 51 35 49 9 60 27 46 30 58 7 45 42 21 52 53 13 55 56 38 64 37 29 28 54 65 41 26 17 4 
25 1 24 8 56 54 21 17 3 38 26 67 35 19 37 18 27 65 48 64 50 13 30 7 6 49 4 57 43 15 59 28 55 63 33 44 42 34 22 16 23 20 40 2 53 58 62 52 41 70 32 68 5 14 51 47 12 69 45 61 39 60 66 11 46 9 36 31 29 10 
37 6 24 55 56 12 7 45 52 36 47 26 29 46 67 19 43 44 1 57 39 28 30 14 23 69 31 40 64 38 60 10 53 62 32 21 41 17 49 18 4 3 51 65 48 34 42 58 66 33 25 2 22 8 15 54 59 61 13 20 11 35 16 50 70 68 9 27 5 63 
32 15 57 23 34 9 20 55 7 54 11 63 67 31 50 25 66 44 5 37 12 1 4 21 19 47 22 59 10 36 40 13 35 69 53 51 33 2 52 45 70 43 6 27 61 28 58 26 18 39 56 38 29 49 16 62 60 65 24 8 30 42 48 41 3 68 14 46 64 17 
2 67 13 45 20 61 17 6 31 36 10 32 62 52 25 40 28 12 23 42 47 49 15 14 53 56 3 19 29 46 58 1 60 35 27 8 68 57 4 43 59 63 33 34 24 5 66 9 38 65 55 41 26 18 44 50 54 39 22 16 69 64 51 7 11 70 30 48 21 37 
12 44 49 56 22 1 67 16 55 48 41 20 68 47 2 14 27 51 58 18 4 33 52 66 38 32 26 69 53 61 31 3 21 23 24 46 35 45 65 70 8 36 25 57 59 11 62 43 17 37 15 9 29 54 50 10 39 64 6 60 5 30 34 42 28 7 40 63 13 19 
54 16 7 29 15 66 57 20 27 1 61 46 31 40 22 63 26 2 49 10 42 52 47 17 62 6 11 8 43 36 14 69 37 33 51 30 68 18 35 41 59 5 70 9 21 56 38 48 53 13 23 12 25 28 39 58 55 24 34 32 3 45 60 65 64 50 19 67 44 4 
57 36 24 14 9 23 67 17 51 55 44 41 59 35 30 65 4 34 16 52 6 46 50 61 42 18 25 64 5 28 20 43 68 70 58 62 32 48 15 53 37 56 27 8 33 10 31 38 1 40 19 66 29 47 45 60 39 54 26 69 2 12 3 21 63 22 49 7 13 11 
35 70 23 33 64 62 3 20 29 24 13 67 61 65 12 49 8 15 6 37 27 69 11 9 28 17 14 31 21 22 16 18 52 57 38 44 34 5 48 68 51 55 1 41 53 39 50 60 36 43 63 66 54 47 19 2 26 42 30 56 46 25 7 59 58 40 32 4 45 10 
60 36 11 37 14 4 64 18 40 63 42 25 23 5 10 15 6 62 54 61 53 39 33 66 20 22 57 49 35 47 27 28 59 38 50 56 51 67 45 46 17 2 58 9 21 32 52 12 48 65 24 34 55 3 13 16 8 31 70 26 7 44 43 19 29 30 1 68 41 69 
22 31 7 44 34 40 13 43 26 51 21 59 25 8 57 47 63 42 54 11 17 28 53 66 50 3 62 32 20 69 24 2 16 35 23 36 39 64 70 1 65 12 15 29 33 60 10 6 68 46 38 45 48 52 55 4 19 49 9 18 61 56 41 5 37 30 14 27 67 58 
59 69 33 22 58 31 35 44 51 5 10 30 6 47 17 2 61 56 60 62 25 63 53 52 43 13 38 1 27 66 67 37 14 16 42 29 12 3 55 68 23 9 20 48 4 50 11 65 21 32 26 45 64 46 70 24 49 28 19 57 36 15 39 7 18 34 8 40 41 54 
18 29 66 6 28 33 46 56 21 48 62 27 58 59 54 7 26 67 16 53 55 17 30 11 61 63 43 39 52 25 12 34 23 57 14 4 68 47 13 70 49 37 31 50 38 40 36 5 3 51 22 45 19 42 44 60 15 8 2 20 9 35 24 69 41 10 1 32 65 64 
61 41 11 32 16 7 54 22 48 38 57 23 44 58 66 9 29 39 1 33 2 12 18 14 13 28 70 68 31 56 69 37 53 10 17 3 43 65 45 62 6 8 35 52 55 47 19 5 51 30 59 67 40 25 4 46 20 21 50 60 34 26 24 64 49 42 36 27 15 63 
4 49 53 3 44 23 13 26 47 65 21 9 30 45 60 38 43 62 63 57 41 5 27 67 54 39 10 14 40 61 28 16 35 69 55 46 29 50 37 56 1 20 24 17 25 19 31 70 58 7 66 51 8 36 64 32 12 18 42 68 15 33 6 59 2 48 22 34 11 52 
70 18 31 37 47 49 38 55 68 27 9 11 30 25 35 52 26 12 15 67 3 48 60 33 36 62 59 24 20 53 54 19 69 22 5 56 66 29 65 7 50 14 6 61 1 17 58 28 32 57 2 21 41 51 44 8 40 45 43 23 34 13 16 64 63 10 42 46 4 39 
66 59 27 14 25 37 5 2 9 46 8 53 47 34 19 44 67 62 12 63 32 13 50 11 30 10 26 49 61 23 24 39 21 17 51 38 70 42 41 16 58 33 22 48 43 31 20 6 57 1 54 40 15 68 18 65 3 36 64 28 56 52 69 35 45 4 29 7 55 60 
41 64 12 20 19 24 25 18 14 23 55 62 40 51 28 3 32 54 52 30 44 6 11 59 42 56 8 58 38 16 50 2 1 29 67 63 33 37 10 43 22 5 39 27 61 15 7 68 26 57 9 4 69 66 35 46 17 70 31 13 45 53 47 36 49 48 34 65 21 60 
34 56 35 37 16 63 38 31 48 10 39 64 1 50 19 25 7 33 65 43 36 40 21 6 49 60 23 15 57 29 4 62 42 53 46 51 12 61 14 68 55 54 44 2 59 28 58 30 22 27 3 47 69 13 32 9 26 8 5 45 17 66 24 70 67 11 52 41 20 18 
38 9 35 34 1 14 40 20 17 33 2 10 15 21 47 18 44 58 70 43 69 53 36 46 12 42 24 8 31 30 13 32 39 63 7 67 6 27 64 28 57 49 56 25 54 51 37 22 5 61 23 68 66 41 62 48 19 60 52 16 50 26 3 45 11 4 55 65 59 29 
70 36 50 20 12 62 39 10 21 33 5 3 66 25 14 31 54 59 29 7 69 51 68 58 56 65 6 67 23 45 61 44 1 8 64 2 11 17 52 53 63 28 49 35 57 9 42 60 47 16 32 22 27 30 43 37 34 26 19 18 15 4 48 40 46 38 41 13 24 55 
7 35 37 41 51 70 6 15 17 25 49 64 54 48 31 58 9 22 47 60 1 10 44 3 43 12 13 38 33 59 32 62 24 19 27 52 30 21 11 16 29 8 45 5 69 57 2 42 56 50 66 34 28 46 26 4 63 39 61 67 65 23 53 68 36 20 14 55 18 40 
59 40 27 45 61 26 1 64 42 4 5 66 44 52 50 54 18 65 11 14 35 10 13 16 41 36 68 57 30 24 69 58 3 47 34 67 31 20 23 60 53 33 46 8 56 48 28 21 25 70 63 49 6 29 32 2 17 62 15 7 55 9 19 51 12 43 22 38 39 37 
15 10 56 1 36 53 14 44 43 68 7 65 57 62 20 69 33 59 25 12 26 55 18 6 58 42 5 48 21 41 23 16 34 13 66 32 50 9 61 19 22 52 63 28 38 47 60 3 54 35 2 11 31 67 4 27 40 46 24 39 64 49 37 70 29 17 51 30 8 45 
63 21 34 13 51 57 53 61 69 14 3 29 25 56 11 31 44 64 7 1 12 10 19 60 17 39 43 15 6 66 23 20 65 54 16 37 45 33 49 24 47 26 5 22 59 58 41 18 9 30 40 38 68 55 46 50 62 35 70 42 4 67 36 2 8 27 32 28 52 48 
58 6 9 43 40 48 54 1 49 46 44 29 4 68 52 70 22 63 26 12 59 60 55 51 17 56 15 67 57 28 50 53 13 7 18 66 20 24 65 33 16 62 32 34 11 2 37 45 39 69 36 27 5 14 25 8 47 64 61 19 21 41 38 3 10 35 31 23 30 42 
29 1 55 4 6 41 13 7 17 51 64 22 8 18 19 3 48 21 43 26 57 65 54 20 69 39 33 47 70 34 61 56 36 53 42 59 40 11 27 35 45 24 67 58 2 23 49 62 10 31 50 44 5 30 63 66 32 28 9 25 52 46 68 15 38 16 60 12 37 14 
