100
70 2
43 27
35 66
55 52
30 41
35 66
44 1
56 18
24 67
62 47
11 4
49 48
56 18
44 1
53 70
15 40
13 64
38 54
60 69
24 67
33 3
42 17
38 54
62 47
15 40
21 7
29 57
12 65
46 19
12 65
5 8
46 19
60 69
33 3
49 48
42 17
55 52
25 9
11 4
26 22
5 8
58 10
2 50
59 39
68 31
21 7
2 50
36 34
37 20
25 9
68 31
23 63
61 32
26 22
23 63
51 14
51 14
61 32
28 45
37 20
29 57
13 64
16 6
43 27
30 41
59 39
16 6
53 70
36 34
28 45
58 10
70 2
21 19
51 6
20 67
11 22
1 35
7 10
43 30
38 55
48 32
48 32
16 53
43 30
49 9
59 27
13 46
54 64
2 15
66 68
3 44
62 40
21 19
62 40
38 55
23 52
58 63
2 15
4 14
26 25
23 52
4 14
16 53
61 69
60 8
60 8
39 42
58 63
49 9
5 29
31 36
37 33
28 56
57 50
65 47
3 44
7 10
31 36
17 18
26 25
28 56
54 64
1 35
24 41
66 68
51 6
37 33
24 41
20 67
70 34
45 12
17 18
5 29
65 47
11 22
59 27
39 42
70 34
57 50
13 46
45 12
61 69
70 2
9 21
26 18
64 30
59 66
10 14
5 43
1 17
22 45
32 47
49 28
52 40
49 28
68 35
25 44
65 2
3 31
11 70
26 18
53 33
60 48
51 39
6 15
42 12
59 66
67 8
51 39
27 56
19 62
60 48
54 63
53 33
50 29
24 13
32 47
9 21
3 31
7 37
65 2
69 20
7 37
58 57
52 40
64 30
4 36
42 12
58 57
10 14
16 46
38 55
61 34
50 29
67 8
24 13
6 15
61 34
1 17
25 44
19 62
38 55
41 23
5 43
27 56
4 36
22 45
68 35
69 20
41 23
54 63
11 70
16 46
70 2
10 25
27 26
48 24
53 13
10 25
45 3
28 1
29 17
60 63
47 40
58 44
9 6
59 37
41 39
22 49
52 36
5 46
2 68
65 55
52 36
41 39
69 8
28 1
43 70
31 4
12 16
64 51
58 44
19 62
34 42
9 6
34 42
45 3
21 33
20 57
64 51
67 32
56 7
27 26
48 24
14 66
22 49
61 18
15 30
43 70
31 4
21 33
2 68
60 63
59 37
38 35
5 46
54 11
54 11
23 50
67 32
23 50
29 17
14 66
69 8
53 13
15 30
47 40
20 57
61 18
65 55
56 7
38 35
12 16
19 62
70 2
21 55
63 4
27 68
46 41
60 6
9 69
65 14
52 50
21 55
45 47
13 35
1 19
22 64
16 44
7 32
70 38
42 24
66 58
62 57
1 19
20 31
10 67
36 15
62 57
2 39
2 39
10 67
11 56
45 47
7 32
66 58
70 38
61 51
36 15
37 30
54 12
13 35
28 8
11 56
37 30
17 34
40 53
63 4
23 48
5 26
3 59
22 64
3 59
54 12
18 33
42 24
20 31
43 49
18 33
25 29
61 51
5 26
28 8
65 14
25 29
27 68
23 48
17 34
60 6
43 49
9 69
16 44
52 50
46 41
40 53
70 2
51 35
67 59
34 2
45 61
28 23
30 6
47 54
56 21
31 7
28 23
37 60
67 59
64 4
37 60
13 62
12 20
46 14
39 9
65 11
5 50
49 70
32 63
19 52
31 7
65 11
18 40
39 9
22 53
44 58
45 61
18 40
48 68
49 70
48 68
29 69
36 27
13 62
64 4
43 17
57 1
24 15
19 52
46 14
43 17
29 69
8 42
30 6
3 16
12 20
33 38
55 25
22 53
24 15
10 26
66 41
51 35
44 58
33 38
8 42
47 54
34 2
10 26
57 1
36 27
5 50
3 16
66 41
55 25
32 63
56 21
70 2
41 23
8 2
64 27
56 1
57 21
43 25
58 66
12 49
45 67
37 33
15 4
34 13
45 67
41 23
7 22
38 39
32 46
52 69
14 5
6 29
37 33
64 27
38 39
43 25
30 55
50 16
6 29
58 66
10 18
52 69
40 65
26 53
50 16
40 65
14 5
70 35
48 63
26 53
31 36
3 44
24 60
30 55
59 54
3 44
31 36
47 68
59 54
9 61
47 68
24 60
9 61
8 2
15 4
42 62
70 35
17 19
42 62
32 46
17 19
56 1
48 63
34 13
7 22
57 21
20 11
28 51
12 49
20 11
10 18
28 51
70 2
17 24
20 68
21 61
58 18
51 7
41 25
64 53
35 16
12 43
34 33
5 8
27 54
29 3
52 45
44 55
11 6
4 59
36 13
21 61
17 24
4 59
65 62
38 22
39 69
1 70
36 13
58 18
47 26
67 14
41 25
66 28
51 7
31 10
56 2
40 48
5 8
66 28
29 3
31 10
19 57
39 69
63 46
15 50
63 46
1 70
56 2
9 49
65 62
37 30
64 53
9 49
20 68
19 57
23 32
23 32
67 14
38 22
34 33
52 45
44 55
47 26
37 30
11 6
42 60
15 50
27 54
40 48
42 60
12 43
35 16
70 2
61 15
9 63
66 33
28 20
58 56
70 34
51 5
59 11
39 22
10 19
60 57
23 44
2 68
62 24
51 5
4 43
12 67
17 52
64 41
3 8
37 53
29 45
40 13
47 16
62 24
4 43
21 36
37 53
49 50
18 46
18 46
28 20
25 7
60 57
59 11
49 50
23 44
29 45
12 67
70 34
35 6
31 26
66 33
32 30
58 56
54 42
10 19
55 65
27 14
2 68
35 6
55 65
27 14
69 1
54 42
61 15
40 13
69 1
3 8
47 16
25 7
9 63
31 26
64 41
39 22
38 48
32 30
38 48
17 52
21 36
70 2
12 54
37 38
36 39
31 55
67 44
37 38
45 56
53 6
58 40
23 14
7 33
66 20
15 46
8 16
29 27
11 63
58 40
50 35
49 51
42 59
19 64
69 48
11 63
18 65
28 4
8 16
28 4
60 3
9 2
52 61
52 61
66 20
26 21
24 25
24 25
26 21
31 55
57 22
62 1
15 46
69 48
12 54
34 30
60 3
41 32
9 2
57 22
10 17
42 59
45 56
5 47
13 68
67 44
10 17
18 65
41 32
49 51
53 6
7 33
19 64
62 1
43 70
5 47
13 68
36 39
29 27
50 35
34 30
23 14
43 70
70 2
24 4
14 21
39 34
6 46
14 21
5 18
58 65
56 25
63 70
8 38
64 57
50 67
68 1
27 11
43 15
20 69
6 46
19 16
32 60
56 25
3 12
28 49
30 22
32 60
17 53
43 15
2 13
36 52
23 47
40 31
58 65
2 13
10 44
50 67
3 12
62 7
41 54
40 31
23 47
27 11
63 70
5 18
10 44
59 66
28 49
59 66
39 34
51 33
55 9
61 48
30 22
68 1
19 16
51 33
24 4
36 52
8 38
17 53
42 45
64 57
35 29
35 29
42 45
61 48
41 54
37 26
55 9
62 7
20 69
37 26
70 2
32 27
13 22
7 14
61 12
42 21
49 54
2 5
18 46
30 53
29 63
23 70
66 16
52 6
45 3
31 59
20 57
39 50
67 68
23 70
20 57
30 53
65 25
29 63
10 51
7 14
58 43
37 15
55 9
39 50
31 59
47 48
35 26
4 11
69 19
58 43
35 26
45 3
47 48
65 25
42 21
28 34
69 19
67 68
36 17
55 9
8 24
56 44
4 11
41 1
62 33
8 24
32 27
52 6
13 22
36 17
41 1
10 51
28 34
37 15
60 38
66 16
2 5
62 33
56 44
40 64
60 38
61 12
40 64
18 46
49 54
70 2
44 55
28 62
68 65
5 36
52 20
47 30
37 39
25 3
69 42
61 38
54 17
48 57
19 64
19 64
10 50
21 22
15 58
25 3
7 35
53 45
18 33
51 6
56 34
5 36
67 14
43 13
37 39
27 4
31 70
63 12
63 12
11 46
15 58
1 16
47 30
23 29
61 38
56 34
24 41
23 29
54 17
8 2
9 66
24 41
68 65
67 14
26 32
43 13
31 70
7 35
48 57
26 32
18 33
69 42
28 62
44 55
21 22
40 59
9 66
49 60
27 4
40 59
1 16
51 6
11 46
52 20
49 60
10 50
53 45
8 2
70 2
66 2
51 63
43 15
62 7
5 14
20 55
50 16
66 2
62 7
46 54
5 14
40 44
29 28
61 24
6 68
13 60
65 31
46 54
10 32
10 32
29 28
26 42
48 39
17 52
38 19
30 45
13 60
6 68
43 15
23 64
12 9
25 58
65 31
30 45
48 39
67 4
67 4
3 53
1 57
70 37
25 58
69 35
3 53
49 27
33 22
40 44
47 41
59 18
21 56
49 27
12 9
47 41
23 64
59 18
70 37
17 52
1 57
50 16
8 34
36 11
61 24
51 63
26 42
21 56
33 22
38 19
36 11
8 34
20 55
69 35
70 2
20 5
9 42
50 39
52 47
34 29
28 18
12 48
3 61
11 1
20 5
45 58
69 25
64 13
59 15
56 57
44 33
32 49
52 47
32 49
40 10
34 29
22 17
28 18
50 39
51 2
19 6
51 2
70 27
11 1
66 43
65 26
36 38
46 68
67 41
55 31
40 10
35 30
60 16
55 31
21 63
35 30
56 57
59 15
8 7
22 17
44 33
37 23
64 13
45 58
53 4
9 42
53 4
36 38
46 68
21 63
12 48
62 54
14 24
8 7
62 54
60 16
19 6
67 41
70 27
37 23
14 24
66 43
69 25
65 26
3 61
70 2
23 45
34 30
48 39
67 47
42 22
52 59
31 69
37 36
52 59
41 66
12 38
19 1
8 63
34 30
58 7
60 46
54 9
67 47
8 63
54 9
31 69
44 5
18 20
62 16
58 7
29 13
61 55
27 14
62 16
49 50
24 15
61 55
2 21
43 64
48 39
4 10
18 20
70 40
35 6
41 66
29 13
33 11
49 50
33 11
37 36
4 10
26 28
44 5
17 51
43 64
2 21
60 46
70 40
12 38
25 65
68 3
26 28
68 3
23 45
42 22
25 65
17 51
24 15
57 32
19 1
35 6
53 56
53 56
57 32
27 14
70 2
10 1
13 31
35 70
62 51
43 60
47 41
33 2
38 29
25 50
49 44
6 40
15 12
66 14
36 68
22 16
52 19
38 29
33 2
42 64
48 57
35 70
30 61
42 64
10 1
52 19
13 31
23 39
48 57
59 18
63 4
37 3
43 60
69 21
9 7
20 27
26 54
17 45
65 53
66 14
49 44
46 67
69 21
5 11
23 39
5 11
34 24
56 32
55 28
37 3
62 51
63 4
20 27
47 41
25 50
30 61
6 40
15 12
59 18
9 7
58 8
46 67
26 54
56 32
55 28
58 8
36 68
22 16
17 45
65 53
34 24
70 2
21 48
65 41
27 46
50 20
27 46
11 56
53 39
21 48
44 69
36 32
33 67
43 10
34 9
52 64
24 54
6 40
38 58
44 69
13 2
5 35
23 61
53 39
57 47
34 9
68 12
66 17
59 60
38 58
65 41
1 51
43 10
24 54
50 20
14 42
57 47
33 67
37 28
13 2
5 35
36 32
15 63
7 25
15 63
6 40
29 49
62 26
19 45
22 3
68 12
62 26
7 25
29 49
31 30
52 64
16 70
23 61
14 42
8 4
19 45
66 17
11 56
31 30
55 18
59 60
8 4
1 51
55 18
16 70
37 28
22 3
70 2
47 12
48 69
55 26
25 3
35 53
58 60
56 18
62 67
5 51
40 8
4 28
54 49
10 39
1 27
15 42
62 67
32 24
9 19
37 63
2 17
23 34
9 19
16 44
37 63
2 17
6 68
20 38
65 52
45 22
23 34
33 31
47 12
66 70
55 26
48 69
41 30
50 14
65 52
66 70
57 46
35 53
21 43
29 11
50 14
33 31
15 42
10 39
64 13
32 24
4 28
20 38
7 61
58 60
45 22
29 11
21 43
25 3
56 18
6 68
41 30
64 13
59 36
1 27
54 49
59 36
5 51
16 44
40 8
7 61
57 46
70 2
32 55
19 64
41 37
60 10
30 48
30 48
46 6
49 2
3 7
15 14
43 34
11 54
1 69
19 64
40 61
43 34
25 28
22 38
65 8
32 55
4 63
41 37
13 56
65 8
58 16
40 61
51 20
46 6
59 33
70 24
58 16
11 54
47 66
21 35
62 9
53 5
18 31
67 57
21 35
50 26
23 39
68 44
67 57
27 12
13 56
4 63
27 12
60 10
62 9
3 7
15 14
52 17
51 20
42 36
50 26
70 24
52 17
23 39
59 33
68 44
22 38
42 36
45 29
49 2
53 5
18 31
1 69
45 29
47 66
25 28
70 2
45 15
61 55
49 69
57 52
70 40
64 8
43 67
62 4
22 47
61 55
60 23
39 59
54 51
22 47
43 67
12 11
56 33
70 40
37 50
32 31
38 58
7 63
65 27
1 35
20 14
66 28
62 4
54 51
17 48
56 33
30 9
32 31
41 42
20 14
45 15
10 5
37 50
57 52
13 68
38 58
26 24
10 5
64 8
6 46
29 53
65 27
39 59
2 3
44 25
1 35
21 16
36 18
49 69
2 3
17 48
21 16
7 63
30 9
13 68
19 34
41 42
12 11
6 46
26 24
19 34
36 18
29 53
44 25
66 28
60 23
70 2
67 7
21 57
51 10
70 69
40 49
1 24
27 15
17 41
18 61
21 57
44 53
68 43
28 58
16 62
44 53
45 26
55 56
31 33
5 32
22 3
11 37
65 19
29 39
55 56
8 23
42 25
45 26
67 7
63 4
22 3
6 60
51 10
2 30
52 50
42 25
64 46
9 13
63 4
12 48
68 43
2 30
6 60
64 46
20 47
52 50
38 34
65 19
20 47
59 66
59 66
31 33
38 34
35 54
28 58
16 62
35 54
36 14
12 48
1 24
27 15
8 23
40 49
9 13
36 14
70 69
11 37
5 32
17 41
29 39
18 61
70 2
8 31
16 48
19 37
55 63
14 33
27 34
45 69
12 41
8 31
67 52
58 17
2 3
70 40
39 62
51 11
18 56
10 46
25 23
53 6
21 22
61 20
26 4
25 23
51 11
12 41
15 59
57 43
53 6
16 48
18 56
1 64
49 50
29 7
27 34
32 13
19 37
55 63
26 4
32 13
49 50
9 5
14 33
67 52
21 22
38 66
1 64
36 28
38 66
35 47
24 44
45 69
54 65
30 42
30 42
24 44
57 43
29 7
58 17
36 28
15 59
35 47
68 60
54 65
70 40
68 60
2 3
10 46
61 20
9 5
39 62
70 2
64 68
58 70
43 5
22 36
31 51
35 66
16 27
21 44
16 27
30 69
29 6
4 49
45 50
35 66
2 11
34 1
17 13
2 11
37 47
61 3
15 40
28 18
15 40
26 39
14 46
53 32
7 65
30 69
37 47
54 19
14 46
29 6
17 13
42 38
33 10
34 1
57 48
63 23
12 56
57 48
4 49
42 38
45 50
12 56
22 36
60 67
8 24
64 68
28 18
25 20
53 32
26 39
60 67
62 55
58 70
8 24
62 55
52 59
9 41
7 65
63 23
33 10
21 44
9 41
52 59
61 3
43 5
25 20
31 51
54 19
70 2
14 34
7 65
13 56
58 5
42 30
26 45
6 43
57 46
61 22
36 55
10 20
27 8
69 66
40 4
9 35
54 59
68 32
25 53
1 16
18 28
38 11
64 50
48 3
47 39
1 16
70 52
23 63
68 32
36 55
62 49
67 41
61 22
69 66
2 21
27 8
14 34
2 21
26 45
57 46
70 52
24 44
18 28
40 4
17 15
67 41
25 53
51 12
37 31
10 20
37 31
6 43
64 50
38 11
51 12
9 35
24 44
13 56
42 30
23 63
33 29
7 65
17 15
60 19
58 5
54 59
33 29
62 49
47 39
60 19
48 3
70 2
7 10
67 15
5 66
19 63
33 32
6 9
37 55
27 62
35 57
53 12
1 40
46 41
44 29
28 4
31 60
14 45
59 65
19 63
59 65
70 8
56 22
27 62
21 52
56 22
2 11
5 66
70 8
34 61
18 25
7 10
50 51
3 47
49 20
6 9
28 4
50 51
18 25
44 29
46 41
48 42
3 47
31 60
23 68
36 69
38 30
16 13
67 15
14 45
54 39
36 69
49 20
33 32
37 55
34 61
53 12
43 58
48 42
24 26
43 58
23 68
35 57
38 30
16 13
2 11
24 26
64 17
54 39
64 17
1 40
21 52
70 2
29 41
7 36
58 38
64 31
49 60
10 24
4 53
69 5
37 6
47 23
22 39
28 12
22 39
59 54
28 12
13 42
62 35
66 65
19 1
62 35
27 33
49 60
37 6
8 14
40 21
34 30
7 36
27 33
46 11
59 54
25 48
34 30
2 9
45 18
50 32
61 68
17 52
64 31
17 52
3 15
67 63
70 26
67 63
8 14
58 38
25 48
40 21
20 55
69 5
2 9
44 56
51 43
47 23
44 56
10 24
4 53
16 57
20 55
3 15
46 11
50 32
61 68
19 1
16 57
13 42
70 26
29 41
51 43
45 18
66 65
70 2
37 63
38 31
10 47
30 13
23 55
33 67
66 68
8 58
26 42
52 59
62 22
52 59
43 16
64 32
37 63
25 41
36 69
51 9
25 41
65 46
51 9
62 22
29 60
54 7
65 46
39 12
3 50
23 55
18 20
54 7
2 61
64 32
2 61
27 17
27 17
19 35
29 60
5 56
44 34
57 4
49 24
19 35
44 34
3 50
21 70
6 53
15 14
1 48
28 40
26 42
43 16
39 12
18 20
10 47
6 53
1 48
28 40
30 13
21 70
15 14
66 68
11 45
11 45
36 69
8 58
57 4
33 67
49 24
38 31
5 56
70 2
26 37
68 28
27 33
68 28
25 11
43 5
32 62
1 49
64 8
34 52
43 5
67 6
15 41
12 60
42 13
25 11
16 9
55 20
35 51
34 52
44 45
39 70
3 2
58 29
18 61
65 59
16 9
21 56
69 53
48 66
40 57
48 66
19 7
1 49
58 29
54 47
12 60
27 33
18 61
24 63
30 17
30 17
38 36
44 45
21 56
22 14
10 46
55 20
26 37
69 53
64 8
3 2
50 23
15 41
4 31
42 13
54 47
24 63
38 36
39 70
32 62
4 31
67 6
19 7
65 59
40 57
10 46
22 14
50 23
35 51
70 2
38 32
19 35
12 54
60 37
2 66
59 17
56 16
22 27
6 33
13 46
57 69
18 63
26 4
65 47
48 70
65 47
34 55
1 30
39 45
13 46
49 10
62 29
60 37
11 20
14 43
51 21
28 24
39 45
42 58
1 30
36 41
26 4
9 53
6 33
3 15
68 52
2 66
68 52
7 31
64 25
34 55
8 61
19 35
67 40
50 5
7 31
14 43
64 25
38 32
23 44
50 5
49 10
48 70
3 15
9 53
11 20
8 61
18 63
12 54
42 58
51 21
23 44
22 27
56 16
28 24
62 29
36 41
67 40
57 69
59 17
70 2
39 17
7 49
20 51
42 46
1 47
48 16
29 30
9 13
59 2
61 11
5 26
67 10
39 17
12 38
27 22
35 43
23 40
29 30
60 34
9 13
35 43
24 6
56 66
70 62
65 63
48 16
14 4
53 50
36 3
8 37
55 32
42 46
55 32
28 64
56 66
65 63
45 21
24 6
15 19
36 3
44 18
60 34
14 4
52 33
67 10
44 18
68 54
27 22
45 21
70 62
7 49
52 33
8 37
28 64
61 11
41 69
53 50
20 51
15 19
31 25
31 25
59 2
5 26
68 54
41 69
58 57
12 38
58 57
1 47
23 40
70 2
30 51
68 13
27 59
39 53
35 25
10 24
17 69
50 7
35 25
48 41
68 13
42 36
63 65
43 23
1 62
63 65
27 59
1 62
2 4
20 18
8 12
21 22
3 56
11 44
34 61
40 19
54 5
45 15
14 37
8 12
58 70
29 31
11 44
43 23
38 9
14 37
42 36
66 60
33 28
16 6
66 60
10 24
52 32
67 49
40 19
54 5
67 49
39 53
26 47
38 9
29 31
55 57
34 61
26 47
46 64
2 4
52 32
33 28
3 56
55 57
17 69
46 64
16 6
48 41
20 18
45 15
30 51
58 70
50 7
21 22
70 2
44 36
23 69
39 27
54 42
61 30
63 12
15 41
58 19
5 38
3 65
46 45
13 52
35 10
7 9
70 66
39 27
13 52
32 20
64 28
15 41
5 38
70 66
63 12
11 17
50 8
7 9
21 67
49 16
35 10
32 20
55 53
18 68
33 24
22 1
2 51
56 31
48 6
62 60
44 36
29 57
64 28
2 51
3 65
55 53
61 30
54 42
33 24
25 59
49 16
56 31
25 59
11 17
21 67
26 34
26 34
50 8
43 4
47 37
23 69
43 4
22 1
29 57
18 68
58 19
46 45
48 6
62 60
40 14
40 14
47 37
70 2
31 23
21 50
29 42
18 66
60 20
55 1
21 50
52 22
29 42
39 44
55 1
63 51
3 27
52 22
60 20
45 68
35 14
19 26
36 49
18 66
38 47
56 8
62 4
64 58
15 5
3 27
37 16
24 53
63 51
64 58
9 41
65 54
57 7
12 13
36 49
39 44
35 14
62 4
45 68
61 11
70 67
43 6
70 67
19 26
57 7
24 53
17 10
46 28
40 30
38 47
43 6
34 25
40 30
32 69
46 28
34 25
59 2
31 23
48 33
59 2
56 8
17 10
61 11
32 69
12 13
48 33
37 16
15 5
9 41
65 54
70 2
44 23
7 16
32 5
24 3
17 6
31 25
31 25
7 16
14 61
36 26
33 22
69 12
8 64
9 34
45 56
52 40
19 43
30 54
10 46
67 68
52 40
11 59
4 21
20 15
37 35
18 42
14 61
18 42
36 26
65 62
13 55
51 63
58 2
67 68
45 56
1 47
27 60
27 60
65 62
50 53
38 39
66 41
8 64
30 54
57 49
50 53
44 23
70 28
38 39
24 3
10 46
70 28
20 15
69 12
33 22
11 59
19 43
37 35
58 2
48 29
17 6
9 34
32 5
66 41
51 63
4 21
57 49
13 55
48 29
1 47
70 2
46 9
31 4
47 16
18 55
68 61
8 41
50 17
12 1
28 38
24 15
46 9
39 49
7 42
51 64
30 32
54 13
47 16
3 14
51 64
18 55
50 17
37 19
65 67
69 45
28 38
3 14
21 6
44 23
40 52
54 13
30 32
65 67
12 1
33 34
8 41
69 45
70 53
66 59
29 10
26 56
24 15
39 49
27 60
43 2
40 52
26 56
70 53
48 36
27 60
48 36
44 23
25 35
33 34
43 2
7 42
29 10
58 57
58 57
31 4
5 20
11 62
66 59
68 61
11 62
63 22
5 20
21 6
25 35
63 22
37 19
70 2
12 65
15 34
6 3
66 17
66 17
39 69
61 30
26 64
60 33
58 35
42 54
43 36
62 14
68 20
70 53
1 56
43 36
2 29
61 30
50 51
44 49
18 13
18 13
28 23
45 57
21 11
9 16
32 31
26 64
10 59
27 38
37 41
5 25
1 56
45 57
50 51
39 69
60 33
2 29
4 40
28 23
21 11
48 63
52 55
10 59
58 35
5 25
22 46
24 8
42 54
44 49
67 7
19 47
67 7
70 53
19 47
15 34
4 40
27 38
22 46
24 8
37 41
9 16
12 65
48 63
62 14
68 20
52 55
32 31
6 3
70 2
34 5
40 53
54 35
30 60
10 32
52 8
27 29
1 36
10 32
40 53
18 55
28 24
14 4
51 41
21 42
9 38
11 57
13 12
56 70
2 50
31 16
63 3
11 57
17 39
49 15
18 55
20 6
47 58
25 43
37 64
14 4
63 3
19 33
37 64
54 35
26 48
21 42
47 58
31 16
23 46
44 68
1 36
56 70
45 22
30 60
2 50
17 39
62 59
34 5
49 15
69 7
9 38
13 12
44 68
66 67
62 59
23 46
69 7
27 29
19 33
45 22
20 6
66 67
51 41
65 61
28 24
52 8
65 61
26 48
25 43
70 2
18 27
47 63
30 49
62 39
57 33
2 69
14 4
70 41
28 48
56 32
53 51
8 26
1 44
25 31
2 69
6 59
45 42
56 32
15 21
54 19
60 58
62 39
64 9
18 27
40 10
12 17
36 5
25 31
11 24
66 65
52 23
61 38
70 41
14 4
67 20
22 34
47 63
35 16
50 68
53 51
55 3
40 10
37 43
15 21
50 68
8 26
30 49
11 24
12 17
22 34
67 20
6 59
61 38
52 23
57 33
28 48
37 43
54 19
1 44
45 42
7 29
55 3
36 5
60 58
64 9
13 46
66 65
13 46
7 29
35 16
70 2
65 14
34 55
41 57
60 1
6 63
26 25
35 4
6 63
17 48
70 13
33 22
26 25
12 36
18 37
54 69
8 62
11 67
12 36
38 29
40 16
52 59
49 64
60 1
68 50
28 44
17 48
18 37
51 21
70 13
15 45
40 16
46 7
52 59
23 5
31 3
38 29
35 4
27 42
54 69
2 39
8 62
2 39
10 66
11 67
49 64
27 42
15 45
19 58
30 61
10 66
56 24
30 61
20 47
43 32
31 3
19 58
28 44
34 55
20 47
41 57
9 53
56 24
46 7
51 21
68 50
33 22
9 53
43 32
23 5
65 14
70 2
5 22
63 2
41 61
18 35
62 67
1 4
49 34
56 36
33 46
47 50
56 36
53 27
65 68
54 59
24 31
37 57
16 6
48 58
40 55
7 64
5 22
23 29
39 38
28 12
23 29
32 8
28 12
16 6
54 59
24 31
17 14
33 46
65 68
15 13
11 66
37 57
10 70
3 25
39 38
63 2
41 61
17 14
44 9
3 25
1 4
30 52
15 13
10 70
47 50
69 45
18 35
60 26
53 27
42 51
62 67
20 43
7 64
69 45
20 43
32 8
40 55
11 66
42 51
30 52
44 9
60 26
21 19
21 19
48 58
49 34
70 2
43 64
14 28
7 38
47 29
30 39
58 36
67 48
63 70
33 16
21 40
24 8
43 64
19 52
9 31
49 62
45 23
66 56
25 60
24 8
6 3
37 32
10 61
42 54
2 34
51 35
21 40
27 69
63 70
65 57
2 34
50 17
59 1
42 54
58 36
65 57
44 20
12 13
67 48
18 55
10 61
47 29
66 56
49 62
41 46
25 60
30 39
9 31
51 35
27 69
22 4
12 13
59 1
50 17
33 16
22 4
18 55
41 46
53 26
45 23
37 32
5 68
15 11
15 11
14 28
6 3
53 26
5 68
44 20
7 38
19 52
70 2
50 19
44 61
62 2
20 32
9 21
5 15
49 42
37 12
68 34
36 40
27 16
62 2
57 65
52 1
52 1
29 47
41 48
59 69
60 4
43 66
58 38
63 64
49 42
20 32
11 7
36 40
13 35
70 25
11 7
59 69
37 12
17 33
5 15
46 22
14 28
44 61
60 4
6 53
31 51
54 8
18 10
54 8
46 22
24 3
30 23
63 64
30 23
31 51
41 48
29 47
9 21
70 25
24 3
17 33
6 53
43 66
57 65
13 35
68 34
18 10
55 45
58 38
27 16
55 45
26 39
56 67
26 39
14 28
56 67
50 19
70 2
33 7
50 34
11 61
67 10
24 63
17 19
22 52
69 4
41 59
25 58
25 58
24 63
31 57
1 51
69 4
16 21
20 6
11 61
38 37
54 42
23 70
31 57
53 5
49 56
18 14
65 2
49 56
32 64
32 64
3 35
12 44
43 55
48 36
23 70
46 40
22 52
68 66
15 28
45 29
50 34
53 5
20 6
26 47
65 2
62 30
26 47
16 21
62 30
60 13
39 8
39 8
41 59
48 36
67 10
1 51
15 28
60 13
27 9
38 37
43 55
54 42
12 44
68 66
27 9
33 7
18 14
46 40
45 29
17 19
3 35
70 2
60 50
48 16
54 18
66 39
10 11
49 45
48 16
34 36
42 27
51 55
40 46
56 9
47 43
51 55
23 53
13 67
33 7
47 43
29 64
34 36
42 27
33 7
21 31
19 63
57 65
68 44
5 14
35 3
19 63
32 4
59 8
62 6
10 11
25 15
2 20
5 14
21 31
62 6
54 18
41 69
38 70
59 8
38 70
56 9
26 17
41 69
1 61
12 28
29 64
52 22
57 65
1 61
24 30
52 22
32 4
26 17
23 53
68 44
2 20
58 37
25 15
58 37
24 30
60 50
66 39
40 46
12 28
49 45
35 3
13 67
70 2
42 5
4 44
57 14
25 23
53 1
38 47
42 5
15 63
66 52
61 65
55 10
31 34
29 69
60 3
13 17
4 44
45 54
28 56
36 43
25 23
31 34
29 69
37 46
36 43
66 52
61 65
19 58
40 22
27 12
28 56
45 54
51 21
53 1
59 70
55 10
49 8
68 20
48 39
68 20
67 11
37 46
6 41
15 63
33 50
48 39
60 3
7 2
9 26
30 16
62 64
40 22
67 11
38 47
32 35
33 50
24 18
51 21
57 14
30 16
19 58
49 8
7 2
27 12
62 64
24 18
59 70
9 26
6 41
13 17
32 35
70 2
44 4
33 18
49 47
69 22
23 12
42 55
2 58
34 19
30 7
69 22
40 9
31 24
37 64
49 47
63 26
63 26
48 66
43 68
15 5
16 61
38 65
21 3
8 57
10 35
44 4
60 67
25 11
34 19
31 24
48 66
13 51
16 61
52 41
17 46
8 57
40 9
32 50
53 1
25 11
15 5
2 58
60 67
36 14
39 54
37 64
36 14
30 7
59 45
38 65
13 51
28 6
59 45
20 62
32 50
39 54
23 12
52 41
70 56
20 62
10 35
33 18
43 68
53 1
70 56
21 3
28 6
29 27
17 46
42 55
29 27
70 2
21 42
40 69
49 38
3 10
15 7
55 51
34 28
14 58
68 31
40 69
61 39
11 35
55 51
66 52
33 63
17 32
54 1
70 16
34 28
17 32
18 29
57 23
66 52
62 53
14 58
65 4
11 35
56 24
3 10
2 64
70 16
37 12
67 19
45 47
20 13
68 31
65 4
30 41
6 26
61 39
33 63
44 46
43 60
6 26
30 41
50 5
18 29
43 60
36 27
37 12
57 23
45 47
9 59
44 46
56 24
20 13
9 59
2 64
22 48
21 42
54 1
50 5
62 53
25 8
67 19
49 38
15 7
22 48
36 27
25 8
70 2
45 3
17 25
17 25
37 28
37 28
46 68
10 21
19 35
29 50
57 56
47 15
33 2
69 4
65 54
69 4
39 12
19 35
42 7
64 59
60 23
48 53
26 36
11 8
16 61
30 27
48 53
5 34
65 54
39 12
18 22
64 59
70 6
24 41
38 58
52 14
47 15
16 61
67 44
26 36
11 8
20 40
55 49
1 63
51 43
42 7
66 62
45 3
1 63
66 62
20 40
30 27
57 56
24 41
46 68
51 43
33 2
67 44
29 50
5 34
10 21
55 49
70 6
38 58
60 23
32 31
18 22
9 13
9 13
52 14
32 31
70 2
17 1
33 29
27 45
39 63
36 34
4 55
8 37
32 43
61 44
10 60
25 22
31 66
42 21
11 16
19 13
9 2
47 67
59 3
65 20
56 18
24 54
17 1
48 5
7 40
19 13
24 54
38 41
7 40
65 20
57 6
10 60
9 2
15 46
14 58
27 45
32 43
15 46
52 69
26 68
26 68
52 69
64 49
53 12
47 67
61 44
57 6
23 50
14 58
53 12
30 70
4 55
59 3
31 66
11 16
28 62
33 29
28 62
51 35
25 22
30 70
8 37
64 49
23 50
48 5
39 63
56 18
51 35
38 41
36 34
42 21
70 2
17 52
10 62
8 19
47 53
64 35
33 58
38 49
18 34
10 62
29 11
43 27
31 3
24 15
21 48
2 39
18 34
51 40
38 49
37 41
51 40
64 35
12 28
60 54
25 59
1 69
68 57
44 50
63 32
56 16
4 30
65 9
37 41
33 58
68 57
12 28
5 26
2 39
6 13
67 36
46 66
25 59
43 27
24 15
42 22
46 66
67 36
70 23
65 9
29 11
61 20
47 53
1 69
4 30
21 48
31 3
5 26
44 50
70 23
56 16
61 20
14 7
17 52
42 22
60 54
8 19
45 55
45 55
6 13
14 7
63 32
70 2
48 66
5 58
36 46
61 14
11 51
67 49
7 23
27 32
12 13
65 39
28 9
45 22
25 16
54 17
50 63
50 63
18 3
28 9
27 32
21 53
2 64
45 22
40 68
69 4
69 4
60 20
43 24
62 29
15 30
31 42
62 29
8 34
57 70
11 51
21 53
10 1
43 24
26 19
33 41
55 52
55 52
44 47
56 35
18 3
40 68
12 13
54 17
56 35
37 38
10 1
33 41
8 34
37 38
61 14
2 64
26 19
31 42
57 70
59 6
7 23
67 49
15 30
60 20
5 58
36 46
44 47
48 66
59 6
65 39
25 16
70 2
4 61
60 34
57 1
40 26
31 36
27 68
49 44
2 56
23 53
3 16
60 34
39 9
27 68
70 15
59 17
38 14
18 29
42 69
4 61
47 10
38 14
7 63
8 13
23 53
19 46
54 20
59 17
48 32
66 55
57 1
12 24
70 15
28 25
31 36
54 20
11 51
11 51
22 6
21 50
35 45
7 63
48 32
33 67
43 41
65 37
3 16
33 67
43 41
64 5
64 5
19 46
21 50
62 30
22 6
62 30
52 58
18 29
8 13
12 24
39 9
49 44
35 45
2 56
47 10
66 55
28 25
42 69
40 26
52 58
65 37
70 2
36 14
69 3
44 19
36 14
28 12
70 49
32 45
21 11
7 67
35 1
26 17
4 2
64 60
32 45
27 43
29 6
53 52
35 1
38 9
20 41
8 68
62 16
39 30
65 42
54 56
55 47
38 9
44 19
8 68
20 41
27 43
58 25
4 2
7 67
48 57
28 12
63 33
21 11
29 6
64 60
40 51
13 59
61 10
48 57
54 56
69 3
26 17
40 51
65 42
62 16
55 47
63 33
39 30
66 37
5 22
70 49
50 18
58 25
5 22
66 37
13 59
50 18
23 24
31 15
53 52
46 34
61 10
46 34
23 24
31 15
70 2
53 35
57 50
32 70
45 69
28 59
36 6
14 33
37 10
44 26
65 1
40 9
11 29
51 23
16 66
42 41
3 5
48 64
40 9
44 26
55 52
22 47
2 54
32 70
58 63
67 17
15 19
11 29
43 49
34 27
43 49
56 25
68 7
68 7
2 54
16 66
21 18
46 61
58 63
48 64
65 1
57 50
42 41
36 6
34 27
55 52
30 13
8 62
60 12
39 24
22 47
37 10
3 5
51 23
8 62
20 4
31 38
45 69
46 61
14 33
31 38
60 12
15 19
39 24
30 13
56 25
53 35
20 4
67 17
28 59
21 18
70 2
31 53
65 12
61 42
57 37
52 41
22 58
40 8
54 2
56 45
54 2
40 8
26 9
11 10
68 38
56 45
24 23
47 60
47 60
59 36
34 55
67 35
6 7
17 30
32 29
16 4
27 25
63 48
67 35
63 48
52 41
31 53
46 28
18 19
70 69
26 9
51 13
65 12
5 3
43 44
34 55
64 50
18 19
68 38
62 66
51 13
6 7
24 23
5 3
11 10
27 25
22 58
33 14
46 28
64 50
39 20
16 4
61 42
39 20
33 14
57 37
21 49
32 29
59 36
70 69
17 30
1 15
21 49
62 66
43 44
1 15
70 2
70 7
30 27
49 50
13 16
34 54
35 3
24 12
1 10
22 58
19 61
23 44
13 16
22 58
52 47
56 5
68 33
17 31
49 50
6 41
28 2
40 63
30 27
51 36
1 10
14 21
65 11
67 32
64 37
8 43
19 61
48 25
38 69
14 21
35 3
59 26
9 55
68 33
39 57
65 11
29 45
70 7
60 15
9 55
42 62
8 43
20 46
23 44
29 45
64 37
40 63
56 5
66 53
52 47
28 2
59 26
38 69
60 15
18 4
66 53
6 41
51 36
17 31
42 62
67 32
39 57
24 12
20 46
48 25
34 54
18 4
70 2
24 39
56 11
70 2
57 3
10 20
7 66
7 66
62 54
58 21
55 34
42 35
22 46
64 44
24 39
5 8
18 4
55 34
30 51
17 38
17 38
30 51
53 49
42 35
14 28
26 65
5 8
61 23
43 52
68 27
9 31
1 67
37 13
6 33
63 59
45 50
1 67
16 36
57 3
47 69
56 11
25 41
61 23
14 28
15 48
45 50
47 69
64 44
58 21
40 19
22 46
25 41
26 65
10 20
12 32
6 33
62 54
16 36
60 29
15 48
18 4
40 19
37 13
63 59
70 2
68 27
60 29
9 31
12 32
43 52
53 49
70 2
10 51
47 32
54 62
35 46
38 13
34 29
57 65
55 31
45 11
6 14
59 12
66 19
40 42
21 23
57 65
64 61
70 53
60 30
26 56
1 22
34 29
33 43
44 41
55 31
59 12
67 2
45 11
4 7
9 37
49 17
28 5
69 68
25 63
6 14
67 2
35 46
64 61
48 3
10 51
8 50
28 5
36 27
8 50
20 39
44 41
48 3
15 58
66 19
70 53
54 62
38 13
20 39
21 23
9 37
25 63
18 52
26 56
4 7
24 16
18 52
15 58
33 43
1 22
24 16
49 17
40 42
36 27
47 32
69 68
60 30
70 2
39 29
15 36
54 12
64 41
53 28
65 31
42 34
47 13
21 16
67 5
21 16
49 6
68 33
32 14
11 59
10 52
11 59
26 30
50 60
22 58
69 66
40 57
64 41
51 25
46 9
46 9
42 34
43 24
50 60
62 55
8 63
67 5
44 3
40 57
2 23
19 45
4 7
19 45
69 66
68 33
26 30
18 20
17 27
49 6
22 58
53 28
37 70
61 56
8 63
32 14
17 27
39 29
47 13
51 25
1 35
44 3
54 12
48 38
65 31
1 35
15 36
43 24
18 20
2 23
61 56
62 55
4 7
37 70
10 52
48 38
70 2
67 20
36 48
1 4
27 61
37 50
36 48
59 26
54 63
34 38
2 6
25 58
29 52
37 50
47 64
21 24
41 8
15 49
30 69
32 12
19 62
35 43
42 46
55 45
47 64
3 57
68 51
17 31
28 7
23 39
35 43
13 16
11 40
1 4
65 10
67 20
65 10
32 12
59 26
34 38
53 60
23 39
17 31
54 63
42 46
3 57
28 7
15 49
27 61
18 14
30 69
9 22
2 6
11 40
29 52
19 62
13 16
33 70
44 5
56 66
53 60
68 51
21 24
44 5
25 58
9 22
33 70
18 14
41 8
56 66
55 45
70 2
1 40
23 43
26 8
19 36
1 40
51 60
48 58
70 35
34 13
37 52
56 20
10 11
62 49
24 31
37 52
17 30
47 27
64 69
3 68
6 42
26 8
70 35
16 53
59 21
19 36
32 15
28 44
10 11
56 20
7 4
23 43
55 65
47 27
16 53
67 38
22 5
7 4
41 54
57 61
2 9
57 61
17 30
66 46
48 58
66 46
14 63
22 5
51 60
6 42
41 54
12 25
64 69
14 63
2 9
62 49
39 33
18 45
12 25
59 21
67 38
39 33
34 13
18 45
28 44
24 31
29 50
3 68
55 65
32 15
29 50
70 2
44 29
22 48
11 39
22 48
51 8
61 55
37 30
56 15
56 15
12 16
49 35
40 64
32 13
63 36
9 60
23 33
20 42
31 27
61 55
57 54
45 5
4 10
70 43
44 29
14 18
9 60
58 41
28 2
50 6
37 30
20 42
70 43
63 36
1 24
51 8
31 27
28 2
45 5
25 34
38 7
57 54
4 10
12 16
66 53
65 19
3 21
23 33
40 64
65 19
68 69
58 41
38 7
52 47
49 35
14 18
62 17
3 21
68 69
25 34
52 47
32 13
11 39
66 53
59 67
50 6
1 24
59 67
62 17
26 46
26 46
70 2
39 14
36 34
20 12
49 41
31 53
35 19
50 10
30 26
30 26
16 24
31 53
13 37
40 27
61 21
6 52
5 22
44 47
11 1
59 9
15 54
46 3
35 19
43 45
61 21
68 55
60 69
68 55
32 65
42 64
48 25
28 56
62 7
32 65
39 14
66 29
5 22
62 7
50 10
28 56
18 38
23 33
11 1
8 2
42 64
13 37
6 52
4 67
48 25
40 27
51 58
43 45
57 63
36 34
57 63
23 33
49 41
44 47
18 38
20 12
16 24
17 70
15 54
51 58
59 9
46 3
66 29
4 67
60 69
17 70
8 2
70 2
3 62
47 18
65 40
10 56
10 56
66 63
24 30
9 55
44 8
47 18
61 58
4 25
24 30
19 12
38 2
35 17
22 48
7 32
5 31
35 17
33 51
39 34
44 8
57 64
21 37
36 45
67 23
33 51
21 37
9 55
46 52
1 42
57 64
68 69
70 54
27 49
14 60
70 54
39 34
20 43
27 49
36 45
4 25
38 2
7 32
22 48
29 11
41 13
66 63
16 6
50 15
16 6
1 42
59 28
29 11
19 12
41 13
50 15
3 62
14 60
26 53
26 53
5 31
46 52
68 69
65 40
61 58
20 43
59 28
67 23
70 2
6 5
37 32
27 45
34 23
52 59
7 61
67 35
1 64
41 44
24 47
56 53
70 4
17 63
15 40
34 23
25 46
15 40
37 32
28 38
29 36
11 57
42 12
60 51
66 65
26 3
20 2
52 59
18 55
42 12
6 5
16 13
58 21
18 55
16 13
48 49
62 50
8 33
54 39
68 19
48 49
9 10
67 35
62 50
56 53
1 64
30 69
41 44
30 69
8 33
17 63
25 46
70 4
11 57
28 38
43 14
54 39
29 36
7 61
60 51
58 21
22 31
22 31
20 2
43 14
68 19
24 47
26 3
9 10
66 65
27 45
70 2
52 13
17 7
6 32
63 48
8 50
54 3
4 40
4 40
36 28
65 20
16 2
65 20
19 69
26 34
66 46
35 53
38 41
16 2
6 32
37 1
70 57
30 62
60 29
31 27
68 64
18 22
21 39
42 24
30 62
61 15
33 45
14 51
56 58
66 46
43 12
38 41
17 7
25 47
21 39
14 51
42 24
49 5
19 69
44 11
36 28
60 29
59 55
70 57
25 47
33 45
67 23
43 12
8 50
63 48
49 5
68 64
61 15
52 13
26 34
59 55
37 1
54 3
10 9
31 27
18 22
56 58
44 11
67 23
35 53
10 9
70 2
27 47
32 19
70 63
12 44
35 69
42 43
53 28
21 57
10 37
15 59
30 58
70 63
52 20
7 26
60 39
60 39
24 6
25 49
2 40
14 3
7 26
45 65
42 43
11 38
18 22
17 62
17 62
18 22
21 57
64 31
14 3
25 49
30 58
33 1
53 28
15 59
56 8
5 46
32 19
23 16
48 9
10 37
61 67
50 34
29 36
52 20
61 67
29 36
64 31
45 65
51 4
54 13
2 40
51 4
12 44
50 34
66 41
35 69
11 38
5 46
66 41
27 47
24 6
54 13
33 1
23 16
55 68
48 9
56 8
55 68
70 2
53 70
69 17
14 38
12 33
47 39
66 56
32 50
47 39
60 62
8 55
27 19
42 45
52 28
26 4
49 21
40 3
35 24
36 7
20 15
18 31
26 4
35 24
29 64
34 68
25 10
67 16
34 68
44 30
44 30
65 6
51 5
11 54
53 70
32 50
37 57
58 61
63 2
41 23
36 7
66 56
69 17
20 15
22 48
25 10
41 23
60 62
37 57
13 59
42 45
29 64
52 28
8 55
1 43
22 48
9 46
9 46
27 19
18 31
40 3
1 43
11 54
12 33
67 16
63 2
65 6
14 38
13 59
58 61
49 21
51 5
70 2
37 10
36 18
3 38
45 30
7 23
62 67
15 9
50 56
26 51
70 60
29 11
41 55
46 13
27 17
70 60
57 16
41 55
57 16
40 42
37 10
34 33
62 67
19 44
61 6
12 68
54 43
47 49
1 14
47 49
27 17
61 6
52 21
7 23
28 65
50 56
46 13
32 53
64 2
20 39
45 30
64 2
35 4
26 51
3 38
28 65
24 8
34 33
32 53
5 48
54 43
29 11
40 42
15 9
5 48
20 39
1 14
19 44
35 4
25 59
63 58
31 66
36 18
22 69
63 58
31 66
25 59
12 68
24 8
22 69
52 21
70 2
7 20
40 67
25 46
50 18
36 66
39 19
32 49
7 20
40 67
70 6
53 48
2 13
29 17
37 4
33 63
21 22
35 12
3 5
35 12
23 38
50 18
60 26
31 56
70 6
55 68
29 17
47 44
55 68
2 13
9 62
32 49
15 8
47 44
34 42
11 51
15 8
58 1
25 46
39 19
41 52
64 10
54 61
33 63
45 65
69 27
41 52
69 27
64 10
45 65
3 5
34 42
43 57
21 22
31 56
60 26
16 28
54 61
24 59
11 51
16 28
24 59
9 62
37 4
23 38
36 66
43 57
14 30
53 48
58 1
14 30
70 2
30 21
7 29
59 45
56 33
56 33
34 3
46 58
10 18
61 4
13 57
19 41
53 1
47 5
70 60
66 54
10 18
37 8
15 55
26 68
24 63
39 22
40 49
65 16
15 55
17 9
17 9
27 12
20 35
25 31
38 67
20 35
39 22
59 45
43 64
32 36
2 11
23 52
43 64
19 41
38 67
6 14
47 5
70 60
53 1
37 8
62 28
27 12
51 69
48 50
6 14
7 29
26 68
51 69
23 52
66 54
34 3
48 50
61 4
32 36
2 11
62 28
30 21
42 44
25 31
40 49
42 44
24 63
13 57
46 58
65 16
70 2
16 30
53 50
45 63
60 35
12 36
23 58
34 13
26 18
42 14
42 14
17 39
3 54
48 4
11 44
20 6
12 36
61 8
32 2
59 10
28 38
62 56
55 64
20 6
65 9
67 21
55 64
60 35
5 41
33 68
45 63
59 10
49 19
28 38
52 40
33 68
61 8
23 58
11 44
57 51
26 18
17 39
49 19
5 41
27 47
31 24
53 50
31 24
16 30
22 37
15 70
57 51
25 46
34 13
67 21
7 43
25 46
32 2
66 69
3 54
48 4
1 29
62 56
66 69
22 37
65 9
15 70
1 29
7 43
52 40
27 47
70 2
62 59
50 40
70 36
69 6
24 16
18 61
67 5
47 14
15 8
50 40
15 8
31 34
57 1
63 3
12 68
70 36
63 3
66 39
48 11
10 43
23 22
25 19
44 2
20 32
33 51
35 49
33 51
20 32
9 60
27 46
30 58
35 49
7 45
42 21
52 53
24 16
31 34
13 55
56 38
64 37
29 28
44 2
13 55
57 1
25 19
52 53
54 65
67 5
9 60
7 45
18 61
12 68
41 26
48 11
42 21
62 59
29 28
47 14
56 38
54 65
66 39
41 26
23 22
27 46
30 58
69 6
64 37
17 4
10 43
17 4
70 2
25 1
24 8
56 54
21 17
3 38
26 67
35 19
37 18
27 65
48 64
50 13
30 7
6 49
30 7
50 13
4 57
43 15
59 28
55 63
33 44
42 34
22 16
23 20
55 63
56 54
40 2
53 58
62 52
6 49
41 70
4 57
32 68
35 19
21 17
62 52
5 14
51 47
12 69
59 28
25 1
45 61
33 44
39 60
45 61
53 58
5 14
22 16
66 11
26 67
46 9
36 31
3 38
48 64
29 10
12 69
37 18
36 31
51 47
29 10
66 11
46 9
24 8
32 68
41 70
43 15
39 60
23 20
27 65
42 34
40 2
70 2
37 6
24 55
56 12
7 45
52 36
47 26
29 46
67 19
43 44
1 57
7 45
39 28
30 14
23 69
31 40
64 38
60 10
53 62
60 10
32 21
64 38
43 44
41 17
49 18
49 18
4 3
51 65
52 36
29 46
48 34
42 58
23 69
41 17
67 19
66 33
39 28
4 3
24 55
1 57
25 2
22 8
32 21
15 54
42 58
66 33
31 40
59 61
47 26
13 20
11 35
25 2
51 65
30 14
16 50
37 6
16 50
15 54
70 68
56 12
9 27
53 62
48 34
9 27
5 63
5 63
22 8
13 20
70 68
59 61
11 35
70 2
32 15
57 23
34 9
20 55
7 54
11 63
67 31
50 25
66 44
5 37
12 1
4 21
19 47
22 59
10 36
40 13
35 69
53 51
35 69
5 37
33 2
52 45
4 21
70 43
6 27
61 28
58 26
18 39
19 47
58 26
56 38
29 49
16 62
60 65
6 27
24 8
50 25
20 55
29 49
30 42
48 41
40 13
3 68
33 2
12 1
7 54
34 9
10 36
14 46
53 51
24 8
61 28
3 68
14 46
64 17
66 44
16 62
32 15
48 41
30 42
56 38
64 17
70 43
11 63
52 45
60 65
67 31
57 23
22 59
18 39
70 2
2 67
13 45
20 61
17 6
13 45
31 36
10 32
62 52
25 40
28 12
23 42
47 49
17 6
15 14
53 56
3 19
29 46
31 36
58 1
2 67
60 35
60 35
27 8
68 57
4 43
59 63
33 34
24 5
68 57
53 56
47 49
15 14
62 52
66 9
38 65
55 41
26 18
44 50
28 12
3 19
54 39
55 41
10 32
22 16
69 64
54 39
26 18
44 50
20 61
51 7
58 1
69 64
27 8
66 9
4 43
11 70
29 46
30 48
59 63
24 5
21 37
33 34
22 16
38 65
25 40
21 37
30 48
23 42
51 7
11 70
70 2
12 44
49 56
22 1
67 16
55 48
41 20
68 47
2 14
27 51
58 18
4 33
52 66
38 32
26 69
53 61
31 3
21 23
24 46
35 45
65 70
8 36
25 57
4 33
59 11
38 32
62 43
17 37
35 45
15 9
29 54
22 1
50 10
39 64
24 46
65 70
6 60
5 30
12 44
5 30
34 42
8 36
21 23
6 60
2 14
28 7
40 63
28 7
53 61
17 37
39 64
58 18
15 9
13 19
34 42
40 63
25 57
55 48
31 3
50 10
26 69
27 51
29 54
52 66
68 47
59 11
67 16
62 43
41 20
49 56
13 19
70 2
54 16
7 29
15 66
57 20
27 1
61 46
31 40
22 63
26 2
49 10
22 63
42 52
47 17
62 6
11 8
11 8
43 36
14 69
14 69
37 33
43 36
51 30
68 18
35 41
59 5
70 9
21 56
57 20
37 33
38 48
61 46
70 9
53 13
23 12
38 48
25 28
25 28
39 58
55 24
62 6
55 24
34 32
27 1
26 2
3 45
60 65
64 50
42 52
49 10
68 18
53 13
23 12
19 67
31 40
21 56
60 65
47 17
54 16
15 66
7 29
64 50
39 58
51 30
44 4
44 4
59 5
3 45
35 41
19 67
34 32
70 2
57 36
24 14
9 23
67 17
51 55
44 41
59 35
44 41
30 65
4 34
16 52
6 46
50 61
42 18
59 35
25 64
5 28
20 43
68 70
58 62
32 48
15 53
37 56
50 61
25 64
27 8
33 10
31 38
5 28
1 40
19 66
16 52
67 17
29 47
32 48
20 43
24 14
45 60
39 54
26 69
9 23
1 40
2 12
30 65
33 10
3 21
2 12
63 22
29 47
27 8
49 7
19 66
42 18
58 62
26 69
39 54
6 46
51 55
63 22
13 11
68 70
15 53
57 36
13 11
4 34
31 38
3 21
49 7
45 60
37 56
70 2
35 70
23 33
64 62
3 20
29 24
64 62
13 67
61 65
12 49
8 15
6 37
27 69
11 9
28 17
14 31
21 22
61 65
16 18
52 57
28 17
38 44
34 5
34 5
3 20
48 68
51 55
1 41
53 39
50 60
51 55
14 31
36 43
63 66
12 49
54 47
35 70
19 2
53 39
26 42
6 37
36 43
30 56
52 57
54 47
19 2
1 41
46 25
29 24
16 18
8 15
30 56
7 59
58 40
27 69
32 4
50 60
63 66
38 44
45 10
58 40
11 9
13 67
26 42
23 33
7 59
32 4
46 25
21 22
45 10
48 68
70 2
60 36
11 37
14 4
64 18
40 63
42 25
23 5
10 15
6 62
42 25
54 61
53 39
54 61
33 66
20 22
57 49
35 47
27 28
59 38
64 18
50 56
51 67
45 46
17 2
58 9
17 2
53 39
14 4
35 47
50 56
33 66
21 32
52 12
21 32
48 65
24 34
55 3
58 9
13 16
8 31
55 3
20 22
23 5
70 26
51 67
40 63
27 28
11 37
7 44
43 19
48 65
57 49
10 15
13 16
59 38
24 34
7 44
70 26
60 36
29 30
1 68
1 68
8 31
6 62
29 30
45 46
41 69
41 69
52 12
43 19
70 2
22 31
7 44
34 40
13 43
26 51
7 44
21 59
25 8
57 47
63 42
54 11
25 8
17 28
53 66
50 3
62 32
20 69
24 2
50 3
16 35
23 36
39 64
70 1
65 12
15 29
22 31
33 60
26 51
53 66
13 43
23 36
10 6
68 46
38 45
62 32
24 2
48 52
55 4
19 49
63 42
54 11
9 18
39 64
65 12
61 56
55 4
68 46
61 56
21 59
33 60
41 5
9 18
41 5
34 40
20 69
37 30
14 27
10 6
48 52
67 58
14 27
67 58
38 45
57 47
17 28
37 30
70 1
15 29
16 35
19 49
70 2
59 69
59 69
33 22
58 31
35 44
33 22
51 5
10 30
6 47
17 2
61 56
60 62
60 62
25 63
53 52
43 13
38 1
27 66
67 37
14 16
42 29
12 3
55 68
23 9
20 48
53 52
4 50
11 65
21 32
26 45
64 46
27 66
55 68
70 24
26 45
49 28
19 57
58 31
36 15
64 46
39 7
21 32
39 7
43 13
12 3
49 28
51 5
67 37
6 47
70 24
10 30
11 65
19 57
18 34
38 1
8 40
4 50
14 16
25 63
20 48
41 54
17 2
42 29
8 40
41 54
18 34
36 15
35 44
23 9
61 56
70 2
18 29
66 6
28 33
46 56
21 48
62 27
58 59
62 27
54 7
26 67
16 53
55 17
30 11
61 63
43 39
26 67
18 29
52 25
12 34
23 57
28 33
14 4
23 57
43 39
21 48
68 47
13 70
49 37
31 50
38 40
36 5
3 51
22 45
19 42
44 60
54 7
15 8
12 34
2 20
49 37
9 35
30 11
15 8
9 35
66 6
58 59
38 40
2 20
24 69
44 60
3 51
41 10
24 69
22 45
1 32
16 53
46 56
14 4
13 70
1 32
55 17
36 5
41 10
31 50
52 25
65 64
65 64
19 42
61 63
68 47
70 2
61 41
11 32
16 7
54 22
48 38
57 23
44 58
16 7
66 9
29 39
1 33
2 12
18 14
13 28
70 68
31 56
69 37
53 10
61 41
17 3
43 65
45 62
13 28
6 8
35 52
45 62
55 47
19 5
51 30
55 47
59 67
31 56
40 25
43 65
4 46
48 38
35 52
29 39
20 21
19 5
6 8
50 60
2 12
34 26
51 30
44 58
20 21
24 64
50 60
49 42
34 26
18 14
36 27
59 67
54 22
69 37
15 63
53 10
57 23
66 9
24 64
15 63
70 68
11 32
40 25
4 46
17 3
49 42
1 33
36 27
70 2
4 49
53 3
44 23
13 26
47 65
21 9
30 45
60 38
43 62
63 57
41 5
27 67
54 39
10 14
40 61
28 16
35 69
60 38
53 3
55 46
29 50
37 56
1 20
27 67
24 17
25 19
28 16
31 70
4 49
63 57
58 7
55 46
58 7
44 23
66 51
66 51
21 9
8 36
64 32
24 17
40 61
12 18
54 39
42 68
25 19
1 20
15 33
31 70
41 5
42 68
8 36
37 56
6 59
2 48
35 69
29 50
2 48
64 32
22 34
22 34
12 18
10 14
11 52
47 65
43 62
13 26
11 52
6 59
15 33
30 45
70 2
70 18
31 37
47 49
38 55
68 27
9 11
30 25
35 52
26 12
15 67
3 48
60 33
36 62
59 24
20 53
54 19
69 22
5 56
66 29
26 12
5 56
65 7
66 29
50 14
69 22
6 61
1 17
47 49
58 28
32 57
2 21
70 18
60 33
31 37
30 25
41 51
59 24
44 8
36 62
38 55
68 27
40 45
50 14
58 28
43 23
54 19
20 53
43 23
34 13
16 64
35 52
9 11
2 21
40 45
41 51
63 10
63 10
1 17
44 8
42 46
4 39
3 48
65 7
6 61
34 13
15 67
16 64
32 57
4 39
42 46
70 2
66 59
27 14
25 37
5 2
9 46
8 53
47 34
19 44
67 62
12 63
32 13
50 11
30 10
26 49
32 13
61 23
24 39
21 17
51 38
70 42
70 42
41 16
58 33
22 48
43 31
20 6
57 1
54 40
15 68
47 34
26 49
54 40
9 46
22 48
18 65
27 14
51 38
15 68
3 36
43 31
64 28
21 17
19 44
3 36
25 37
66 59
56 52
69 35
45 4
30 10
41 16
24 39
58 33
29 7
67 62
45 4
61 23
56 52
20 6
8 53
5 2
29 7
69 35
55 60
50 11
57 1
12 63
64 28
55 60
18 65
70 2
41 64
12 20
19 24
25 18
14 23
55 62
40 51
28 3
32 54
19 24
52 30
25 18
44 6
11 59
42 56
8 58
38 16
50 2
1 29
67 63
38 16
33 37
10 43
50 2
22 5
1 29
55 62
39 27
61 15
7 68
33 37
14 23
11 59
26 57
9 4
7 68
12 20
69 66
35 46
17 70
39 27
31 13
45 53
22 5
17 70
26 57
69 66
61 15
52 30
32 54
42 56
28 3
8 58
31 13
9 4
47 36
49 48
44 6
49 48
45 53
10 43
41 64
67 63
34 65
21 60
40 51
47 36
21 60
35 46
34 65
70 2
34 56
35 37
16 63
38 31
48 10
39 64
1 50
19 25
7 33
65 43
36 40
21 6
49 60
23 15
57 29
4 62
23 15
42 53
42 53
46 51
12 61
14 68
1 50
34 56
55 54
44 2
44 2
59 28
58 30
22 27
48 10
65 43
3 47
69 13
32 9
38 31
3 47
26 8
26 8
5 45
17 66
4 62
12 61
24 70
69 13
59 28
58 30
21 6
7 33
67 11
19 25
14 68
24 70
46 51
57 29
35 37
5 45
55 54
39 64
52 41
49 60
32 9
52 41
17 66
36 40
20 18
16 63
67 11
22 27
20 18
70 2
38 9
35 34
1 14
40 20
17 33
1 14
2 10
15 21
47 18
44 58
70 43
47 18
69 53
36 46
2 10
12 42
24 8
40 20
31 30
13 32
12 42
39 63
7 67
6 27
6 27
69 53
64 28
57 49
24 8
56 25
54 51
37 22
70 43
36 46
5 61
23 68
66 41
44 58
66 41
5 61
62 48
17 33
13 32
64 28
39 63
19 60
52 16
54 51
7 67
50 26
3 45
11 4
31 30
55 65
38 9
37 22
59 29
57 49
23 68
3 45
56 25
50 26
35 34
62 48
11 4
15 21
59 29
52 16
55 65
19 60
70 2
70 36
50 20
12 62
39 10
21 33
5 3
21 33
66 25
14 31
54 59
29 7
69 51
68 58
56 65
6 67
23 45
61 44
1 8
5 3
64 2
11 17
50 20
66 25
52 53
6 67
63 28
70 36
49 35
57 9
56 65
29 7
42 60
49 35
47 16
11 17
64 2
32 22
23 45
27 30
52 53
43 37
63 28
34 26
14 31
32 22
19 18
19 18
47 16
15 4
15 4
57 9
68 58
34 26
48 40
39 10
46 38
43 37
48 40
41 13
12 62
41 13
61 44
27 30
42 60
69 51
1 8
24 55
24 55
54 59
46 38
70 2
7 35
37 41
51 70
6 15
17 25
49 64
54 48
31 58
9 22
47 60
1 10
44 3
43 12
13 38
33 59
32 62
24 19
6 15
13 38
27 52
32 62
30 21
11 16
29 8
45 5
69 57
2 42
69 57
56 50
29 8
66 34
24 19
28 46
26 4
56 50
7 35
27 52
11 16
63 39
31 58
61 67
33 59
65 23
2 42
37 41
61 67
53 68
26 4
47 60
1 10
36 20
45 5
14 55
51 70
28 46
17 25
18 40
36 20
43 12
44 3
30 21
49 64
53 68
14 55
65 23
9 22
66 34
63 39
18 40
54 48
70 2
59 40
27 45
27 45
61 26
1 64
42 4
5 66
44 52
50 54
18 65
5 66
11 14
35 10
13 16
41 36
68 57
30 24
35 10
69 58
3 47
34 67
31 20
23 60
53 33
61 26
44 52
46 8
56 48
28 21
25 70
63 49
56 48
41 36
6 29
32 2
68 57
11 14
3 47
25 70
17 62
15 7
13 16
55 9
19 51
31 20
28 21
42 4
59 40
23 60
12 43
12 43
1 64
30 24
19 51
18 65
22 38
39 37
39 37
15 7
34 67
63 49
22 38
17 62
6 29
32 2
46 8
53 33
50 54
55 9
69 58
70 2
15 10
56 1
36 53
14 44
43 68
7 65
57 62
20 69
33 59
25 12
43 68
26 55
18 6
58 42
5 48
21 41
23 16
34 13
66 32
50 9
61 19
22 52
63 28
26 55
14 44
38 47
60 3
54 35
2 11
31 67
4 27
40 46
24 39
66 32
61 19
64 49
56 1
58 42
33 59
37 70
29 17
57 62
38 47
54 35
22 52
34 13
21 41
20 69
51 30
51 30
29 17
4 27
15 10
25 12
8 45
5 48
23 16
63 28
18 6
37 70
24 39
31 67
64 49
40 46
2 11
7 65
8 45
36 53
60 3
50 9
70 2
63 21
34 13
51 57
53 61
69 14
3 29
3 29
25 56
11 31
44 64
7 1
69 14
12 10
19 60
17 39
43 15
6 66
23 20
65 54
16 37
45 33
16 37
49 24
47 26
44 64
49 24
5 22
23 20
47 26
34 13
51 57
59 58
41 18
9 30
40 38
68 55
53 61
68 55
46 50
7 1
19 60
40 38
25 56
62 35
70 42
11 31
65 54
4 67
36 2
45 33
59 58
12 10
8 27
41 18
9 30
43 15
5 22
70 42
62 35
4 67
8 27
6 66
32 28
52 48
46 50
17 39
63 21
32 28
52 48
36 2
70 2
58 6
9 43
40 48
54 1
49 46
44 29
4 68
52 70
44 29
22 63
26 12
22 63
59 60
52 70
55 51
17 56
15 67
57 28
50 53
13 7
18 66
20 24
40 48
65 33
57 28
16 62
32 34
11 2
58 6
4 68
49 46
37 45
18 66
39 69
36 27
39 69
5 14
20 24
9 43
25 8
32 34
59 60
47 64
17 56
61 19
55 51
21 41
50 53
47 64
38 3
26 12
10 35
37 45
61 19
31 23
25 8
31 23
54 1
30 42
10 35
16 62
65 33
11 2
36 27
13 7
30 42
5 14
38 3
21 41
15 67
70 2
29 1
55 4
6 41
13 7
17 51
64 22
29 1
8 18
19 3
48 21
6 41
43 26
57 65
54 20
69 39
33 47
70 34
61 56
36 53
42 59
42 59
40 11
48 21
27 35
45 24
67 58
2 23
27 35
49 62
10 31
70 34
50 44
64 22
5 30
63 66
5 30
32 28
9 25
33 47
50 44
61 56
52 46
63 66
68 15
8 18
38 16
40 11
36 53
49 62
54 20
13 7
38 16
52 46
43 26
45 24
32 28
60 12
37 14
60 12
67 58
19 3
17 51
57 65
55 4
37 14
68 15
69 39
10 31
2 23
9 25
