18 44 39 79 68 15 92 106 70 3 37 76 31 88 34 90 73 63 50 38 67 61 105 118 96 29 124 100 113 75 103 10 109 91 35 9 43 101 62 69 74 99 125 110 1 112 59 64 78 20 11 84 85 14 114 58 115 56 41 42 5 81 102 65 80 116 24 94 27 30 119 53 89 4 120 87 122 55 45 107 82 51 36 121 104 7 72 49 111 16 126 22 13 60 12 21 66 117 47 26 33 8 32 71 25 6 46 95 93 57 97 17 19 98 54 77 2 83 52 28 123 108 40 86 23 48 
112 20 7 87 53 117 149 73 71 122 100 147 88 2 18 77 131 5 154 83 55 114 98 43 60 81 133 44 153 10 49 59 14 47 90 135 25 74 76 28 82 109 91 116 157 22 56 108 124 105 4 39 159 94 36 152 142 125 119 32 75 92 136 148 58 67 61 78 15 66 96 64 86 118 1 51 63 85 104 146 13 93 46 103 137 79 24 68 62 145 72 102 84 151 38 97 16 141 65 110 29 128 41 130 31 42 111 9 6 27 48 50 138 126 123 140 155 139 120 101 23 33 158 69 80 17 19 121 11 106 144 70 40 37 3 134 30 156 34 95 12 115 35 45 160 57 143 8 54 21 89 52 129 26 99 150 113 127 107 132 
5 18 58 38 53 19 57 51 9 25 59 32 40 11 4 39 45 8 20 34 3 44 62 29 17 41 46 7 15 56 36 1 2 43 37 16 24 60 49 47 30 52 14 26 13 55 50 21 28 63 61 54 27 31 35 42 6 10 12 23 22 48 33 
4 48 44 25 49 29 12 67 38 17 5 52 53 33 11 1 9 61 36 47 23 64 65 58 32 14 66 22 30 60 51 56 26 31 45 15 55 63 34 3 24 10 42 8 59 16 13 35 20 68 6 41 39 28 50 2 40 7 21 37 27 18 54 62 57 43 46 19 
73 83 65 17 38 62 66 82 103 79 42 30 88 76 8 9 69 36 104 4 54 98 52 102 12 105 6 75 23 56 60 64 100 25 63 35 81 22 59 97 49 11 20 10 37 32 46 45 50 16 51 89 55 41 34 21 90 15 78 91 13 96 53 57 27 80 68 14 74 58 93 85 24 95 94 7 3 44 47 84 19 72 67 86 28 33 92 70 1 99 5 39 77 61 40 87 48 71 101 18 43 29 2 31 26 
71 29 26 83 5 59 99 37 98 57 81 82 77 21 88 102 12 55 66 89 45 76 101 58 69 43 64 8 48 86 87 91 78 100 28 62 72 24 103 9 61 23 74 90 54 75 31 56 14 41 47 17 104 36 80 4 65 25 92 79 7 97 73 19 49 15 20 46 13 16 18 35 34 38 6 32 67 1 44 42 95 52 3 105 70 53 10 27 60 11 22 40 51 84 33 63 2 30 96 39 93 85 94 68 50 
120 116 69 51 8 63 117 77 112 5 106 41 66 25 111 75 109 49 110 58 17 76 18 102 73 39 27 118 121 95 99 85 57 105 12 86 60 62 40 42 104 30 23 4 83 3 54 10 98 48 89 45 71 93 14 33 79 26 87 101 82 114 108 68 55 24 9 43 34 35 32 16 84 50 52 115 7 113 15 74 36 70 119 56 38 47 81 94 44 65 97 46 22 20 61 72 29 64 37 6 122 91 19 59 78 100 103 96 92 53 80 31 107 13 88 1 11 67 90 28 21 2 
85 128 125 99 134 120 101 43 70 2 32 110 22 86 78 6 73 104 5 96 15 28 124 45 76 106 46 9 23 75 87 14 121 113 103 10 68 62 20 13 25 58 98 48 12 3 82 79 37 100 17 71 81 122 60 52 40 107 7 131 77 127 19 33 93 89 61 36 29 16 56 47 83 129 59 44 130 31 116 35 88 108 21 51 41 53 66 90 39 54 42 126 24 119 112 80 111 26 72 117 27 11 109 34 65 118 8 74 4 92 84 49 132 97 115 55 57 91 50 94 114 102 38 18 133 64 30 123 67 63 105 1 95 69 
30 63 28 9 85 42 70 18 54 76 5 20 26 92 10 60 31 62 90 61 72 65 48 64 57 77 23 4 35 84 17 80 51 75 93 25 73 66 47 58 29 12 19 38 3 1 11 37 55 49 16 89 43 68 74 53 79 44 69 32 50 39 81 13 52 24 40 83 22 7 33 56 82 27 15 45 41 36 46 78 91 2 87 59 71 67 34 86 88 21 8 6 14 
7 106 102 79 23 113 45 77 121 37 58 41 62 64 42 120 52 128 103 118 1 75 30 112 84 81 123 125 124 66 22 54 99 89 5 100 4 76 44 35 67 87 98 73 134 56 95 60 96 28 65 93 50 68 2 86 61 111 17 136 71 108 74 126 109 49 107 85 88 70 26 48 38 130 40 21 127 122 20 83 39 132 11 80 3 101 51 12 29 137 36 6 16 133 104 92 14 114 59 18 119 140 13 97 115 32 91 105 94 135 34 57 15 31 69 10 110 43 139 19 8 117 27 9 78 138 82 72 24 53 129 63 25 47 131 55 46 33 116 90 
35 9 31 6 48 39 21 34 58 57 24 59 12 36 8 5 15 25 60 18 20 4 14 51 32 50 13 41 28 29 52 54 16 42 10 2 45 43 53 7 11 40 55 3 56 38 26 46 27 30 23 49 22 44 61 33 47 37 19 1 17 
49 81 3 54 5 78 8 42 18 15 119 134 94 85 12 108 10 100 35 120 156 55 155 92 46 24 147 139 124 118 121 98 9 88 45 38 72 59 77 104 75 149 31 102 20 128 63 21 53 76 137 86 127 36 93 32 114 25 65 112 132 123 27 110 157 22 91 17 70 58 69 136 82 60 68 71 125 96 131 23 116 90 34 16 148 142 56 28 146 14 154 83 29 37 152 6 160 159 150 61 26 79 113 57 140 74 39 130 144 95 40 66 84 43 2 1 89 101 126 143 30 47 41 99 117 50 7 141 73 129 13 11 48 4 33 103 105 151 97 109 64 111 158 145 133 115 67 135 153 122 138 44 62 19 80 106 52 51 107 87 
24 80 64 78 75 58 42 85 39 31 49 14 86 65 93 5 11 41 30 68 9 89 95 53 37 3 19 26 54 77 59 8 94 15 4 10 55 76 1 69 29 74 84 25 66 27 38 81 62 72 44 18 61 50 40 34 83 2 22 6 51 67 56 96 88 70 7 32 21 28 33 52 48 79 71 23 63 47 82 92 87 36 45 57 46 20 90 73 13 12 35 60 43 17 16 91 
27 47 32 10 58 20 37 3 61 67 42 38 15 64 59 65 29 5 41 26 36 21 48 60 55 11 57 66 28 31 46 39 12 17 6 35 54 49 1 44 14 22 9 19 13 51 2 23 52 34 8 33 53 25 30 43 18 45 16 4 50 68 7 63 56 40 24 62 
56 10 27 46 24 78 45 7 93 26 33 16 55 63 8 53 6 66 87 36 13 92 91 44 34 69 37 80 20 15 35 76 90 49 29 79 65 18 75 70 81 77 32 96 52 83 25 88 19 61 48 14 3 38 64 43 62 11 51 1 58 17 54 30 85 23 95 68 94 2 39 67 22 89 42 41 21 71 86 72 73 40 74 4 50 31 12 9 60 28 57 59 84 82 47 5 
15 2 24 51 14 32 43 31 29 60 30 22 50 21 57 18 19 49 68 67 58 5 54 33 20 36 53 3 41 26 65 46 38 52 23 9 59 27 39 42 8 63 61 62 35 37 47 4 17 10 44 55 34 28 16 64 1 13 12 66 56 40 6 69 25 45 7 48 11 
78 42 56 41 170 161 108 115 77 3 110 99 37 162 152 89 62 160 60 124 140 155 131 133 68 118 4 93 98 13 19 82 158 125 138 70 17 83 103 55 120 154 43 109 126 139 129 38 147 54 33 153 156 90 148 31 116 97 127 52 141 165 11 117 100 149 87 51 63 20 105 28 9 84 49 80 123 27 81 21 76 1 114 94 168 40 128 146 150 25 144 34 74 96 46 5 73 35 113 142 14 53 24 102 59 23 57 36 8 39 12 166 167 64 30 22 26 88 106 95 134 44 29 121 107 72 130 163 32 69 159 61 135 67 45 7 104 65 101 66 169 10 58 132 119 6 122 48 112 50 2 79 145 47 16 15 164 91 18 137 111 157 71 75 86 143 136 85 151 92 
51 61 18 49 17 10 6 31 14 55 48 53 9 36 12 2 42 30 21 58 28 34 38 23 64 29 45 41 69 57 40 65 68 15 20 66 13 50 27 22 54 8 7 46 70 3 47 4 67 26 25 44 39 43 56 1 59 5 63 24 16 33 60 62 19 35 11 52 37 32 
41 18 38 46 27 4 43 42 31 16 21 55 11 29 59 7 15 49 22 12 2 57 58 14 51 25 36 37 10 48 8 60 56 13 45 1 52 44 6 26 47 19 39 28 35 62 34 61 9 54 33 20 24 40 50 30 3 5 17 32 53 23 
10 38 62 13 7 16 54 53 25 17 36 44 39 28 8 64 26 18 47 11 33 27 24 56 14 21 3 61 50 30 41 37 55 34 52 23 60 65 12 48 42 19 6 45 49 40 31 63 1 51 32 46 35 5 22 57 9 59 20 58 29 15 43 2 4 
35 97 60 89 158 63 143 125 27 96 45 117 40 24 135 156 9 12 133 84 110 62 59 94 151 61 1 3 124 99 23 121 108 147 48 107 104 10 114 42 69 2 44 150 15 98 5 43 46 116 78 111 17 38 128 21 85 58 18 142 26 67 4 75 127 49 66 13 103 109 55 8 119 7 131 149 83 100 153 72 81 140 120 50 93 33 6 105 79 20 47 25 64 74 106 134 34 31 22 73 53 77 130 145 51 36 80 123 152 129 115 29 90 76 132 95 144 87 37 57 138 139 88 71 113 118 28 70 160 30 41 157 82 122 56 14 86 159 52 91 32 102 101 92 148 11 137 154 136 16 68 65 126 54 112 141 155 146 39 19 
46 18 62 58 28 35 6 5 61 3 49 23 9 26 54 15 32 7 16 19 29 8 52 34 14 57 10 47 36 11 31 45 56 60 42 48 17 2 12 38 40 30 25 27 63 44 24 1 55 53 21 33 37 43 41 20 22 39 13 59 51 50 4 
84 82 99 50 10 63 78 4 85 73 6 64 44 17 55 27 18 98 49 62 1 7 57 46 102 60 42 45 36 8 69 40 103 26 20 59 52 19 92 75 13 14 12 2 101 28 29 104 21 97 31 90 91 51 15 39 3 72 89 67 58 23 79 105 38 16 77 34 100 43 53 70 68 95 96 5 81 76 65 94 35 30 74 22 88 33 11 47 93 48 87 37 25 61 83 71 24 41 56 32 80 54 9 66 86 
59 15 40 38 26 33 21 46 42 61 23 17 43 39 60 51 28 22 8 48 20 47 54 49 34 3 27 56 55 58 30 24 7 4 44 57 25 19 45 14 32 37 9 1 29 50 41 2 13 18 5 6 52 12 16 11 31 10 35 53 36 
10 86 148 76 113 107 31 139 119 128 131 13 126 167 75 51 74 17 11 168 135 108 150 65 172 49 83 77 118 21 16 59 2 26 70 96 173 163 117 53 32 109 159 106 99 40 116 61 7 132 100 121 66 138 6 12 154 122 28 129 155 56 80 42 114 55 43 79 39 9 34 142 164 125 160 23 22 60 91 165 152 20 33 69 136 78 133 97 3 72 104 95 120 105 145 89 93 147 41 85 157 87 170 82 57 4 44 68 130 63 127 38 166 156 50 48 88 149 19 58 45 36 35 52 123 5 144 81 158 1 141 161 140 101 47 111 162 67 25 103 73 62 18 84 143 94 27 110 98 153 124 115 151 169 112 134 46 102 15 171 64 8 175 54 90 29 71 92 24 146 37 30 174 14 137 
72 63 54 1 23 94 30 145 108 43 146 92 6 155 135 44 131 114 102 133 162 64 68 14 160 100 138 65 87 10 52 40 140 161 93 142 13 90 24 104 112 47 118 28 33 18 109 154 62 147 46 103 134 29 156 101 12 159 113 136 75 42 84 96 49 126 164 5 124 21 77 125 45 17 144 121 7 128 80 56 115 22 111 129 99 143 70 36 107 122 130 149 50 117 35 132 106 127 78 15 123 31 91 41 25 157 69 82 16 74 58 48 20 57 151 139 38 51 59 26 88 81 119 116 89 2 60 3 86 85 163 76 53 148 152 34 73 141 27 4 9 158 150 165 32 137 8 11 98 61 120 153 79 71 110 55 97 19 95 37 39 66 105 67 83 
45 43 18 35 34 16 40 3 36 4 25 22 48 60 1 2 38 63 58 59 8 24 51 13 20 21 70 41 15 14 26 23 42 57 9 55 32 11 49 47 12 66 53 30 64 6 69 17 54 44 56 33 31 62 27 52 61 7 19 67 50 29 5 28 39 37 46 10 65 68 
58 50 62 15 52 1 48 31 18 7 51 5 23 39 20 4 54 57 14 65 34 10 43 26 21 33 53 6 46 40 19 55 29 28 63 3 56 49 8 67 16 45 37 47 17 12 11 27 64 66 22 32 44 36 25 41 24 35 59 61 13 30 60 42 38 9 2 
90 27 24 108 20 28 129 85 93 34 87 11 106 14 71 122 13 9 115 82 74 49 30 31 111 124 89 22 113 51 3 44 104 50 96 102 7 110 72 79 70 68 42 92 126 15 101 69 12 65 62 19 100 103 61 86 46 5 76 25 98 64 112 131 81 117 2 45 52 97 116 120 4 6 121 38 77 57 54 48 36 59 39 91 47 18 55 53 67 95 32 10 40 21 33 58 35 29 109 16 84 118 26 56 127 88 132 23 125 128 8 37 94 80 60 41 43 63 66 73 1 114 75 83 105 123 78 99 17 107 130 119 
95 35 2 34 110 111 122 86 71 68 10 17 5 58 45 75 7 89 107 108 104 54 76 56 84 69 103 40 14 1 112 101 28 19 33 67 62 96 94 22 21 114 47 59 100 52 105 63 116 12 24 74 60 13 73 8 31 70 55 49 3 88 26 77 109 27 81 93 53 102 115 57 85 11 72 82 20 39 46 23 29 87 118 113 99 42 90 15 121 66 37 64 92 97 9 48 79 119 6 44 18 32 50 80 30 43 41 98 38 25 4 120 61 78 65 36 83 16 117 91 106 51 
51 31 18 66 63 25 53 26 6 40 21 35 49 30 14 13 34 69 33 50 9 61 16 59 41 24 64 19 47 37 32 7 55 58 39 43 12 3 56 1 27 57 2 38 36 15 60 54 62 22 4 67 23 29 70 52 65 46 11 68 28 20 42 48 10 8 45 17 5 44 
89 105 67 31 3 77 50 76 59 49 123 112 35 58 95 92 88 7 44 100 55 5 103 61 18 81 111 56 106 93 65 6 68 38 118 46 9 96 116 70 30 79 97 21 16 122 20 1 47 84 22 80 66 12 27 124 98 13 60 53 74 119 86 94 17 87 45 72 51 57 110 40 102 69 85 91 23 109 26 113 125 114 11 64 90 25 99 126 52 48 104 82 19 29 83 36 121 101 10 115 28 107 14 43 37 117 75 24 33 54 8 42 41 120 34 62 32 78 39 4 108 2 73 15 71 63 
29 174 173 132 122 25 128 167 150 94 85 15 171 97 84 120 5 22 112 143 74 33 28 147 7 111 135 44 12 67 113 88 163 175 59 27 43 37 119 90 41 57 162 100 118 38 65 157 110 4 151 107 64 53 134 91 56 102 70 3 48 61 1 73 87 126 159 161 109 139 76 47 35 19 144 6 72 92 36 145 46 26 149 10 154 80 23 89 78 42 21 9 170 101 45 158 24 40 105 58 34 86 129 155 138 99 83 127 31 51 142 164 133 146 39 60 55 117 123 2 124 54 79 69 136 75 98 82 165 169 140 62 32 153 114 121 137 103 20 166 63 11 125 116 66 14 16 18 93 148 108 131 172 68 71 81 104 30 141 17 95 50 106 8 156 115 77 130 13 49 152 168 52 96 160 
73 94 9 81 127 84 19 59 130 36 129 52 47 65 124 123 104 50 14 16 29 80 15 101 105 5 96 117 34 86 55 63 25 21 42 92 61 35 30 49 126 31 121 66 6 90 67 12 109 87 88 41 28 18 97 93 72 118 79 103 77 110 48 122 95 23 10 2 115 83 46 62 98 71 8 114 20 91 120 75 82 106 89 24 39 108 37 76 57 68 128 4 1 38 102 43 58 112 125 119 70 74 116 99 13 107 111 60 69 64 100 17 11 78 3 45 26 113 32 56 33 51 44 27 53 40 85 54 7 22 
46 26 127 75 101 138 161 160 59 81 133 86 114 93 72 106 117 19 45 44 22 146 87 94 55 149 110 152 83 154 141 56 120 163 29 89 155 98 84 21 37 4 30 40 23 34 91 112 165 28 136 60 108 66 96 58 132 64 32 48 53 12 6 1 35 142 43 148 11 143 9 95 52 107 124 15 82 164 137 131 31 2 3 54 128 97 158 121 100 7 105 36 33 115 47 25 20 118 102 16 144 74 65 68 119 90 76 62 39 42 8 50 71 88 113 156 103 10 61 109 150 63 41 92 70 13 5 49 159 57 111 140 99 125 126 18 17 14 122 162 129 153 130 24 147 69 145 67 77 73 104 116 78 80 38 79 85 157 135 51 139 123 134 27 151 
54 70 93 101 13 96 66 137 2 108 126 83 139 27 118 55 138 56 1 60 11 119 86 50 90 122 131 84 127 129 111 89 73 133 103 114 113 53 6 107 75 35 120 48 95 8 64 102 36 123 46 135 47 31 7 51 16 4 88 140 26 97 33 41 91 63 87 52 68 67 71 80 17 43 34 15 3 59 10 30 77 29 24 49 9 40 37 58 98 42 78 14 128 92 38 76 130 106 117 19 136 121 105 125 20 72 100 134 18 99 32 61 116 82 124 57 12 104 44 132 23 109 69 65 5 110 115 79 74 25 45 112 94 28 85 21 81 62 22 39 
80 99 87 5 56 91 155 145 153 41 32 127 24 139 29 28 68 131 12 53 16 157 129 49 84 137 104 50 163 45 90 77 40 26 82 109 159 62 171 115 133 85 81 170 14 92 149 75 44 156 93 135 3 67 101 79 42 64 106 126 22 105 10 116 96 174 18 34 175 169 152 165 51 141 6 43 55 20 130 98 86 11 110 167 118 95 25 140 58 70 160 54 83 35 132 138 94 150 63 164 143 39 73 74 4 57 17 71 151 33 78 144 65 142 173 72 113 146 89 128 7 69 100 27 59 30 162 120 52 61 97 46 161 1 47 76 117 147 15 119 103 88 124 19 168 48 125 23 158 13 121 108 136 111 123 2 36 60 66 37 107 112 31 172 8 102 154 38 122 148 21 114 166 9 134 
78 51 89 28 26 83 29 7 56 25 43 42 75 85 38 34 63 62 87 13 65 81 88 36 4 49 45 73 11 33 77 20 82 39 70 67 23 8 14 35 66 53 84 50 58 57 47 31 12 55 91 22 54 10 48 71 30 74 3 9 37 44 27 76 59 1 46 80 6 32 15 18 72 21 24 5 86 93 16 92 68 69 40 19 79 41 90 17 61 64 2 60 52 
81 21 10 39 96 105 46 38 23 126 122 70 69 107 47 124 80 92 116 41 68 59 18 83 52 49 118 108 44 32 29 62 60 89 36 95 88 72 53 5 42 115 48 100 97 43 50 117 76 26 6 56 123 8 93 40 104 16 35 85 111 102 103 91 14 98 19 30 11 12 64 82 78 109 71 127 55 74 110 120 112 87 54 34 9 67 119 77 25 114 4 37 3 94 99 75 24 22 125 90 15 86 51 65 7 17 101 121 79 61 13 27 128 28 58 66 31 113 63 84 2 33 45 57 73 20 1 106 
25 42 38 16 37 5 49 13 27 65 67 85 88 31 51 45 56 83 64 87 17 84 47 20 50 33 93 44 30 35 48 36 6 7 78 86 28 14 89 60 41 15 70 57 91 21 11 53 55 68 74 34 22 39 76 10 32 81 80 46 52 54 19 4 69 77 9 12 2 71 40 8 90 92 1 73 23 63 75 66 82 43 26 72 3 79 61 62 18 24 58 29 59 
24 57 46 10 15 48 56 55 67 28 18 27 12 43 40 21 25 13 45 17 14 49 19 3 51 33 64 68 60 35 58 7 52 47 9 22 65 32 11 59 69 50 4 20 34 26 37 31 23 63 61 1 29 66 8 54 53 41 6 62 38 42 5 36 44 16 39 30 2 
59 34 35 62 32 20 36 26 53 38 12 58 46 24 4 63 44 8 41 39 10 40 48 57 3 22 15 31 17 19 52 23 2 13 37 50 42 49 9 55 56 60 61 47 27 21 11 16 33 28 54 7 5 14 6 30 29 51 25 43 45 18 1 
17 90 40 62 93 33 125 29 99 41 24 121 74 32 111 118 73 13 20 78 58 44 126 70 117 76 129 4 2 45 57 12 63 116 21 130 72 101 50 87 47 84 91 37 23 75 81 112 56 30 36 11 46 123 114 51 122 119 7 26 31 10 19 92 103 88 14 3 94 79 127 110 60 96 69 8 71 80 52 66 65 9 27 104 59 34 1 54 89 28 105 35 86 48 38 42 108 43 5 131 102 64 109 85 55 53 83 16 95 115 107 25 68 39 106 61 15 120 18 124 113 82 98 97 6 128 49 67 132 100 22 77 
78 38 49 124 68 51 64 23 82 69 66 57 53 85 28 107 104 40 110 10 75 18 129 67 43 99 41 101 126 42 70 79 14 25 2 27 9 130 120 95 71 26 121 45 115 32 12 52 108 33 127 8 87 76 122 83 62 96 123 98 114 34 116 35 65 30 54 73 19 48 1 24 47 29 11 6 113 58 55 118 5 61 63 111 15 59 74 89 94 86 77 72 125 119 81 50 80 100 105 106 97 4 93 13 92 103 128 3 20 16 90 109 21 60 7 56 44 112 91 102 88 17 84 37 117 22 39 31 36 46 
15 9 26 57 30 50 35 11 53 17 61 3 18 65 4 39 20 2 42 62 29 40 21 60 44 49 14 55 48 5 33 36 64 45 12 6 19 46 34 28 8 54 1 16 25 52 58 7 59 31 56 43 13 10 22 38 27 32 63 47 37 41 51 24 23 
51 88 129 59 84 74 60 18 85 64 132 47 108 31 40 37 56 97 128 7 69 11 16 95 42 23 124 99 83 123 33 20 71 14 1 86 3 104 41 25 91 29 107 54 34 135 55 13 118 138 50 111 19 67 36 81 78 103 22 44 126 98 137 75 10 133 113 101 46 122 117 106 27 90 76 105 131 24 28 70 96 94 43 102 61 68 80 58 6 32 62 52 38 45 73 112 39 115 119 30 110 82 4 93 12 130 66 116 63 5 120 72 26 121 9 15 125 89 8 2 49 92 21 127 114 57 77 109 35 79 136 100 65 48 53 87 17 134 
39 86 7 59 99 92 95 123 140 19 48 29 3 116 79 35 30 27 132 111 38 85 93 117 16 118 129 2 114 121 82 44 87 45 131 124 136 58 42 10 106 98 68 37 90 13 91 81 57 55 28 5 31 23 34 76 115 88 26 104 75 32 18 40 138 56 89 97 60 102 109 65 43 134 113 67 22 112 107 70 122 100 78 139 25 64 14 8 36 62 33 21 41 15 52 133 9 127 6 126 1 80 20 73 108 49 84 72 74 103 53 46 128 96 110 135 4 119 130 94 11 47 83 77 66 71 105 125 54 50 101 12 120 61 17 63 69 51 137 24 
4 121 28 124 77 101 107 106 23 111 76 2 63 110 5 96 57 38 51 79 24 122 53 12 36 82 34 16 93 10 68 90 113 116 108 26 99 67 83 40 85 50 19 45 61 59 17 92 46 32 43 37 49 44 48 102 21 69 18 64 86 22 120 58 119 9 14 8 25 100 88 105 72 27 117 91 65 56 104 6 75 71 60 15 11 80 70 115 84 62 52 87 123 89 97 95 74 33 98 13 42 7 81 1 112 54 20 103 29 109 39 55 41 3 78 47 114 94 118 73 30 35 66 31 
69 11 117 88 10 33 76 5 58 13 71 86 122 115 123 96 51 1 28 126 113 36 65 26 68 109 73 102 49 30 81 90 59 27 70 93 101 121 116 67 54 105 87 7 124 82 38 112 97 107 42 77 75 100 72 44 106 35 92 66 19 31 118 16 48 55 94 85 95 46 98 39 37 114 20 84 3 52 56 40 41 64 4 47 34 23 89 43 17 25 63 18 15 103 61 91 57 32 83 120 119 78 60 110 45 14 50 108 125 6 104 24 80 21 111 9 79 53 2 62 22 12 74 8 29 99 
125 106 80 56 10 47 25 124 35 7 16 115 101 86 72 17 24 89 102 62 112 76 85 114 8 126 123 97 36 32 116 84 66 68 49 55 39 120 113 38 78 53 59 42 3 91 48 9 95 13 67 19 2 15 109 40 107 110 73 81 58 121 22 71 65 43 94 44 46 4 122 92 75 61 6 90 26 29 100 51 31 70 52 60 111 104 54 96 108 14 34 45 98 119 87 30 103 118 27 11 57 41 79 88 28 12 117 82 21 105 77 93 83 18 74 50 23 63 5 37 69 64 33 1 20 99 
3 33 55 28 7 20 38 6 61 26 63 15 17 47 34 60 44 56 12 49 42 37 2 5 22 1 48 64 57 41 40 58 16 29 11 45 50 52 10 23 31 21 43 18 13 14 9 8 54 36 32 65 24 35 4 59 53 19 51 25 39 62 46 27 30 
62 7 18 30 14 53 63 29 31 23 34 42 47 44 66 41 56 51 12 4 6 10 57 24 65 60 37 59 55 40 49 20 19 22 33 26 52 28 21 17 67 64 36 9 61 15 39 11 3 1 43 27 50 48 46 38 32 35 5 25 2 13 54 8 45 16 58 
126 41 13 144 53 156 77 16 100 91 57 137 85 51 123 89 110 33 25 70 80 124 31 150 56 14 155 99 43 131 36 162 64 9 30 97 140 125 83 136 147 46 27 10 60 15 94 76 151 108 114 35 7 138 93 82 153 6 132 143 4 18 65 58 90 87 52 28 32 1 47 45 115 139 88 107 113 54 24 37 159 158 66 20 130 74 73 48 101 164 157 134 81 69 42 129 71 29 149 84 165 106 44 49 133 59 68 102 135 141 105 120 127 19 22 142 160 55 11 23 40 26 96 121 72 161 98 103 146 92 148 79 109 3 104 111 62 116 39 86 152 95 154 61 75 5 34 122 117 21 67 78 118 2 50 112 17 63 119 145 163 12 8 38 128 
109 82 144 4 134 20 141 108 119 74 64 30 46 143 23 49 95 29 149 146 87 63 116 84 160 158 24 48 18 36 117 124 41 88 93 69 111 156 80 5 101 37 65 62 28 75 45 96 26 38 21 33 157 122 50 54 142 138 6 121 61 126 10 118 81 99 114 35 31 79 39 72 34 59 113 154 135 67 70 3 137 86 136 1 2 107 106 53 98 78 16 27 129 90 85 91 47 147 152 42 112 148 131 115 94 7 9 153 12 51 103 58 83 145 89 55 140 11 8 155 60 25 130 17 56 110 125 150 133 71 14 102 19 123 57 52 120 68 66 104 43 132 76 128 159 77 139 127 151 40 15 44 100 92 73 105 13 97 32 22 
43 26 61 9 63 17 58 6 31 29 20 41 51 13 18 24 12 23 42 40 8 14 21 57 62 56 11 22 5 30 64 39 4 48 28 53 2 44 33 27 10 49 32 1 37 34 38 50 7 19 55 59 16 54 46 45 52 60 36 25 47 15 35 3 
58 93 26 80 44 9 73 11 18 57 64 13 1 77 97 7 22 19 88 42 102 29 76 49 56 72 63 24 87 43 23 6 96 51 55 33 54 61 100 5 92 62 84 30 47 94 3 59 70 68 71 32 39 45 74 38 25 89 46 8 85 20 95 66 10 17 101 37 69 4 99 16 83 40 86 34 2 35 36 91 78 53 27 52 12 48 90 67 75 81 21 79 15 28 41 14 82 31 98 50 65 60 
33 51 56 14 26 47 18 45 76 20 37 41 44 11 58 73 97 16 59 79 5 55 9 42 31 63 95 84 87 99 70 57 7 6 43 40 15 22 93 38 3 2 92 69 83 72 71 64 88 28 23 17 49 8 75 62 19 12 32 81 30 52 61 48 67 50 74 66 10 24 36 91 25 68 35 98 65 1 78 85 94 77 39 96 80 53 29 34 90 4 82 21 89 60 46 86 13 54 27 
22 18 43 104 74 78 115 35 41 82 21 34 72 149 80 131 139 168 112 166 138 145 40 103 116 86 134 77 64 73 70 106 63 111 101 71 59 141 4 52 26 99 133 75 137 81 39 114 45 100 9 51 44 49 154 11 98 68 152 87 66 29 15 36 47 157 91 27 33 158 24 37 162 109 57 96 32 7 148 3 10 144 151 160 122 38 132 161 92 50 16 102 146 61 136 83 58 170 25 164 163 123 79 84 31 89 17 30 13 8 135 118 90 20 130 97 55 120 62 48 28 67 107 54 143 5 119 153 117 85 95 23 56 165 125 140 127 12 129 19 93 2 105 60 159 14 65 150 147 108 169 113 94 69 142 76 126 6 167 1 53 124 110 46 155 88 121 156 42 128 
3 14 34 76 1 82 111 77 103 101 65 128 66 64 32 26 40 123 83 68 4 121 93 125 10 60 81 42 46 20 51 35 131 48 115 107 98 127 62 59 105 87 89 54 37 61 6 126 134 85 63 22 69 47 84 16 120 86 18 8 43 27 50 9 104 129 28 92 122 90 52 132 49 71 88 96 15 75 24 25 113 53 58 31 91 5 21 78 33 41 106 112 44 130 70 23 73 119 118 108 12 114 13 2 100 39 99 97 79 109 80 17 94 116 117 30 36 102 124 55 19 72 133 45 11 57 67 95 56 7 74 38 110 29 
28 24 19 22 45 64 25 53 18 3 12 29 8 67 1 9 65 4 36 6 52 13 61 56 40 38 43 21 47 66 46 7 37 58 2 20 32 35 39 50 44 30 15 17 10 34 41 31 27 60 16 63 42 57 51 59 23 49 48 5 26 69 33 14 11 68 55 54 62 
79 75 96 101 85 132 100 113 63 73 58 87 119 31 14 35 17 19 45 93 47 91 42 118 90 5 54 65 108 21 51 28 44 72 107 29 26 61 130 133 116 4 95 38 128 34 67 82 48 109 55 15 57 135 125 112 23 64 70 2 106 22 89 102 84 80 129 78 18 122 66 77 126 115 120 94 124 30 7 99 32 104 68 105 10 33 12 52 117 103 41 123 6 8 20 86 71 137 40 121 13 131 50 39 56 9 16 27 53 59 136 111 127 36 98 138 92 97 62 43 3 25 76 60 134 69 74 83 11 46 1 37 88 24 49 114 81 110 
2 16 25 17 66 23 1 22 59 45 14 63 15 20 50 53 56 54 58 24 5 37 18 29 10 26 52 35 48 31 38 13 11 41 19 4 64 40 55 47 36 44 34 21 39 12 8 49 32 65 7 28 61 33 42 57 51 62 46 6 27 3 30 43 9 60 
9 51 36 40 22 43 26 47 42 29 32 52 23 59 37 25 3 49 10 53 54 15 28 16 1 30 35 38 6 4 24 58 45 61 21 31 18 55 12 41 2 50 56 13 5 60 34 17 63 27 62 46 7 11 20 33 48 19 57 39 14 44 8 
7 39 44 48 40 42 63 4 34 21 14 46 5 17 59 53 24 38 30 32 9 2 52 66 13 8 47 15 22 50 33 41 20 10 45 57 67 31 28 64 12 36 26 11 62 56 37 55 19 3 35 1 61 6 54 49 25 27 51 16 60 23 18 58 29 43 65 
127 32 103 44 11 98 42 46 55 90 118 2 14 84 106 23 6 63 74 21 110 108 35 121 60 92 58 101 45 135 97 114 94 59 7 19 30 38 8 53 9 128 51 93 67 123 68 120 124 34 107 95 122 17 31 54 111 91 139 36 43 117 47 125 140 61 80 129 87 119 12 33 27 131 72 16 15 73 69 66 77 86 100 5 112 113 24 62 104 76 65 71 109 3 133 79 20 56 52 29 88 41 40 13 57 39 22 1 25 37 48 83 64 132 96 28 130 137 49 85 26 75 99 81 134 18 126 89 4 102 10 70 78 50 138 82 115 105 116 136 
27 142 156 111 143 88 74 41 129 50 99 150 11 58 44 65 62 86 165 21 102 72 68 55 45 126 119 54 161 94 159 77 34 92 48 29 42 7 39 125 152 23 113 24 130 114 31 115 70 4 133 104 8 87 12 97 51 110 69 149 90 123 100 101 28 20 117 105 14 154 49 26 71 162 118 98 109 66 151 33 19 67 160 131 56 16 53 57 78 137 63 122 10 37 121 1 35 82 124 89 22 2 134 91 64 61 120 140 6 144 81 147 132 75 36 30 141 80 163 138 43 112 96 145 107 84 157 25 127 76 148 103 9 155 116 139 13 135 108 32 158 79 5 15 83 40 93 52 164 47 136 60 153 38 128 3 46 95 18 146 106 59 17 85 73 
37 97 19 108 83 80 111 73 124 70 120 8 58 96 5 38 33 75 43 45 131 128 115 99 92 109 79 86 53 71 88 62 16 26 119 48 112 118 32 85 67 101 133 107 136 102 68 47 65 7 89 130 66 93 30 6 22 55 91 4 110 14 63 125 39 95 122 56 76 134 18 121 132 117 49 12 1 72 13 17 116 77 74 34 59 10 52 123 69 54 64 35 94 57 87 3 104 20 24 42 103 127 2 60 21 25 15 41 11 82 50 90 31 9 23 114 126 135 84 27 44 28 40 113 100 106 81 78 29 129 51 46 61 105 36 98 
37 27 16 8 36 45 33 48 49 1 12 38 59 11 57 23 50 42 15 19 28 56 25 55 5 26 35 4 62 34 13 9 7 54 41 30 64 40 58 52 32 6 51 21 60 10 29 65 20 22 47 3 46 14 2 18 53 17 43 44 31 63 24 61 39 
50 57 116 90 100 5 111 42 75 79 54 103 61 77 38 107 69 73 44 39 29 110 71 30 32 129 85 86 17 130 25 13 24 136 123 96 49 91 95 53 37 67 84 113 56 23 55 7 106 65 92 125 78 68 93 21 94 48 4 34 83 22 41 127 31 105 70 10 102 43 19 33 137 139 27 112 46 108 82 126 132 3 97 104 138 99 124 62 133 134 15 9 74 87 98 119 51 58 66 101 140 1 40 120 118 64 2 128 47 45 89 18 8 114 80 59 11 81 115 117 6 88 122 28 60 16 135 26 14 63 35 36 72 52 121 20 131 12 109 76 
62 125 24 116 4 8 107 157 150 10 21 41 31 40 77 79 94 76 48 28 86 111 13 35 102 58 97 39 3 30 43 109 87 127 104 20 93 90 49 17 133 2 112 106 114 147 32 23 11 96 26 56 44 120 91 65 37 82 27 159 50 121 68 126 144 153 137 143 54 72 132 9 148 59 52 152 99 85 110 154 36 129 29 113 155 80 47 92 81 140 138 149 22 42 128 136 7 38 142 19 18 139 69 151 123 12 14 51 57 134 33 16 119 46 15 156 78 74 53 63 55 64 34 73 100 135 67 101 1 66 98 158 61 6 141 45 25 83 130 131 84 60 105 103 89 117 160 5 145 118 122 71 75 70 88 95 115 146 108 124 
117 13 101 59 38 68 130 89 28 69 34 14 17 120 129 8 7 131 84 9 57 98 109 118 11 12 19 50 127 63 80 103 110 115 42 119 123 91 79 3 48 132 134 92 29 20 22 99 33 72 122 67 133 73 112 56 78 95 70 31 114 106 113 58 83 94 74 55 16 82 41 23 10 136 100 111 125 104 52 90 43 24 36 25 49 39 108 105 102 62 26 47 45 6 5 66 135 128 96 51 64 60 85 116 121 46 124 44 2 61 93 65 40 30 87 81 126 77 21 27 32 1 37 86 35 53 107 75 4 88 54 97 76 15 71 18 
25 38 7 23 51 20 8 35 24 57 21 61 18 56 10 31 42 17 11 47 9 34 5 55 59 13 50 28 37 19 39 48 6 60 52 53 15 36 4 41 32 2 49 33 30 27 1 58 46 54 12 16 43 22 29 45 40 26 14 3 44 
56 92 94 96 1 22 32 57 25 48 83 78 28 46 53 84 61 27 21 59 11 20 74 60 18 54 64 65 72 38 4 44 6 62 70 39 49 89 91 81 51 9 42 50 66 52 5 67 73 88 34 79 10 15 58 7 43 30 77 2 12 26 63 14 33 82 76 13 24 3 17 40 36 90 23 45 47 41 93 87 69 35 68 85 37 29 95 55 80 75 19 71 16 86 8 31 
103 131 104 27 70 121 52 108 30 93 15 111 91 77 26 39 107 73 83 76 134 130 22 113 24 43 35 87 1 95 42 81 17 54 9 88 29 99 132 57 128 101 109 48 69 79 37 65 21 10 126 62 66 51 19 102 100 127 2 13 46 122 11 5 68 25 45 110 4 75 97 72 40 3 98 59 115 133 85 96 61 18 80 106 90 94 82 16 78 49 20 64 119 84 67 129 47 60 120 74 38 14 89 41 34 8 36 112 23 114 118 71 58 56 7 124 6 50 32 86 63 33 31 117 28 92 125 44 55 123 53 12 105 116 
83 67 9 41 72 53 62 27 7 38 84 17 65 74 1 51 49 45 40 19 39 6 55 85 20 70 4 94 34 13 37 87 76 22 50 96 73 18 12 58 32 89 8 14 60 10 29 16 88 28 82 63 98 35 93 59 3 97 31 36 25 95 61 64 43 56 86 57 91 79 99 11 52 71 33 15 68 66 48 80 42 2 77 75 23 92 30 26 81 47 44 5 24 46 78 69 90 21 54 
36 79 87 121 18 49 9 68 47 77 42 105 52 62 80 48 7 71 2 20 78 65 97 84 72 92 40 86 108 117 114 39 104 75 130 102 38 125 63 3 16 76 64 30 83 31 46 112 69 109 17 98 96 53 27 129 28 123 14 56 34 128 21 127 33 66 22 107 81 122 15 91 13 99 89 57 12 74 120 29 116 10 37 60 115 67 5 70 11 94 45 58 8 103 113 119 32 41 50 93 101 110 23 85 44 88 25 1 43 4 19 118 126 82 100 6 55 95 73 35 106 54 124 59 61 90 111 26 24 51 
67 94 93 10 23 58 1 24 41 53 31 16 13 75 68 9 70 42 18 36 96 85 37 50 14 81 29 97 15 8 65 90 38 44 19 91 89 64 79 34 86 76 77 55 60 84 25 56 71 33 51 2 11 49 39 43 5 21 22 12 48 32 78 52 3 74 69 30 17 62 95 35 46 88 40 87 66 98 26 47 80 6 82 45 83 72 4 99 59 63 28 20 92 57 61 7 54 73 27 
53 94 93 42 79 36 62 49 33 1 25 10 51 82 73 46 87 22 70 81 16 6 86 38 13 95 63 2 66 11 50 41 60 75 67 21 47 23 65 15 5 30 76 56 69 90 40 9 28 18 98 55 37 31 85 64 80 24 83 71 61 77 19 43 96 84 88 54 12 48 89 26 4 99 92 91 29 35 59 32 52 74 20 8 34 57 72 7 44 68 14 17 27 39 3 97 58 45 78 
10 70 54 14 3 68 90 60 150 118 55 57 86 6 62 77 93 94 100 102 133 152 19 76 105 63 115 157 31 160 149 43 89 113 95 121 91 132 4 137 123 40 114 49 44 20 81 26 146 47 45 97 9 122 36 108 107 78 22 46 72 27 144 80 156 39 138 117 61 64 7 83 92 101 53 126 33 48 145 141 99 104 23 30 17 79 8 120 74 2 106 116 112 5 51 130 42 25 50 134 136 155 125 59 24 143 158 58 1 73 148 69 35 85 12 38 124 127 21 98 71 153 65 56 140 142 37 29 66 16 139 84 52 154 15 119 128 32 34 159 109 67 110 129 103 28 96 82 147 75 88 151 87 41 18 135 131 111 11 13 
77 38 89 22 52 28 85 29 78 98 55 61 101 63 62 42 40 45 60 100 3 48 30 37 19 59 68 34 93 6 50 57 58 2 4 9 31 54 11 64 16 90 27 24 33 21 18 91 87 88 86 56 96 65 20 5 1 73 80 92 7 49 32 71 79 75 44 74 43 83 95 47 35 46 17 99 25 82 10 67 13 72 14 8 53 23 84 12 51 69 66 15 76 70 39 81 36 94 102 26 41 97 
39 61 27 62 7 60 38 31 44 56 54 1 52 19 26 45 16 28 9 2 11 37 4 64 35 10 36 43 17 14 57 12 65 51 53 58 49 34 48 15 20 22 33 5 41 13 25 3 18 30 6 32 50 8 55 40 29 23 59 46 42 21 47 63 24 
69 51 29 19 4 61 2 15 57 59 35 39 20 38 58 34 12 17 56 21 48 42 28 50 64 53 7 60 10 14 67 37 54 40 63 25 33 27 23 30 11 8 1 32 9 68 6 5 65 31 36 3 16 44 49 52 22 46 45 47 66 13 55 41 43 62 24 18 26 
20 53 29 48 28 65 18 81 54 72 116 119 78 5 27 102 111 74 22 107 122 1 118 56 128 77 90 47 83 50 24 52 32 124 12 70 55 62 108 21 103 61 15 93 38 14 41 16 39 42 113 59 44 123 43 98 76 13 26 63 120 7 110 131 126 105 51 96 67 49 94 66 11 79 6 117 129 106 19 58 34 101 97 112 75 100 95 33 30 25 35 127 82 36 57 60 23 86 91 99 130 125 68 109 89 85 9 114 37 40 80 4 45 73 121 92 10 71 2 8 64 3 84 17 132 46 69 31 115 104 88 87 
15 49 57 9 62 17 26 11 22 20 51 46 37 65 58 24 7 63 48 13 59 19 33 18 35 44 6 3 8 4 25 39 5 47 21 28 29 64 52 42 54 23 14 55 43 50 31 10 12 45 38 36 53 34 27 2 30 16 40 1 32 56 60 41 61 66 
102 40 42 98 3 50 85 115 122 47 4 75 119 25 13 16 35 53 23 121 22 1 118 67 86 48 114 8 11 7 78 31 110 49 113 72 91 76 107 12 99 21 77 82 46 65 52 80 97 58 60 70 116 37 29 27 89 54 43 95 66 106 93 51 84 41 61 64 10 45 9 111 62 73 38 56 81 103 90 26 59 100 104 17 83 19 33 20 68 71 117 6 44 57 105 39 14 108 120 36 15 87 112 32 109 63 2 88 5 34 55 94 18 24 30 96 101 74 69 92 28 79 
65 6 102 19 39 61 90 16 42 72 91 18 69 67 12 112 109 81 125 28 114 49 86 56 26 80 118 111 44 58 34 38 88 5 71 101 100 2 107 93 1 119 35 4 51 50 95 103 54 17 121 85 62 14 120 10 96 82 9 13 33 92 115 55 89 116 98 66 11 73 84 60 8 97 52 99 79 117 75 76 122 68 64 21 126 22 29 36 87 83 77 53 30 20 25 108 43 48 24 15 104 105 32 113 7 31 41 123 40 63 27 59 110 46 78 57 106 3 124 45 37 74 23 70 47 94 
39 9 76 72 68 41 12 32 64 16 85 91 77 42 14 17 43 65 26 70 30 3 59 62 6 73 40 80 11 81 56 5 89 58 53 46 50 66 57 22 83 93 74 35 69 84 27 10 15 4 20 23 60 86 13 29 19 75 71 51 79 7 92 45 2 33 48 78 38 61 54 37 8 18 52 87 21 88 31 25 90 34 82 24 1 67 55 44 28 63 47 49 36 
46 48 36 35 54 99 4 38 2 60 24 6 114 83 43 81 14 53 29 59 122 39 65 124 25 64 95 21 1 16 40 121 61 42 62 63 72 79 44 123 98 88 85 8 116 11 78 115 18 70 9 67 49 76 20 37 55 103 30 66 102 89 104 84 47 56 31 94 117 3 110 12 71 90 22 86 5 120 32 105 28 17 119 34 51 69 106 75 57 50 33 73 107 68 80 27 26 41 19 87 7 101 113 93 58 52 96 77 92 13 111 82 112 15 23 97 118 45 10 109 108 91 100 74 
95 32 22 6 29 101 87 70 37 75 31 15 96 59 41 1 86 51 13 5 76 64 100 14 30 10 50 3 56 21 93 97 74 7 88 46 66 79 77 36 49 54 19 12 61 83 63 40 52 20 57 68 102 23 99 4 53 81 33 2 80 8 94 85 42 65 60 92 71 47 16 69 35 98 11 44 18 28 72 89 90 84 73 82 45 9 43 24 78 38 62 39 58 27 48 25 17 34 91 67 55 26 
28 47 3 42 16 21 46 55 26 40 8 31 61 4 53 9 44 5 29 12 39 34 33 20 24 27 13 49 23 14 45 18 57 32 36 63 6 17 43 19 11 10 25 1 15 37 41 58 48 59 50 38 56 2 51 35 30 7 60 52 54 22 62 
81 85 122 119 26 90 110 86 58 10 112 83 138 24 134 93 44 142 135 30 62 106 27 36 91 18 124 77 38 148 2 53 32 8 48 157 16 97 105 73 82 52 154 165 9 123 1 151 100 56 11 87 139 164 34 104 45 141 79 98 69 64 60 153 161 78 63 70 115 25 20 127 118 31 54 49 163 40 130 88 43 76 149 4 145 35 17 14 114 66 150 160 109 99 39 95 143 140 108 121 152 59 156 74 96 75 61 158 111 37 113 5 33 28 155 84 19 3 41 102 68 92 55 103 13 125 50 129 42 137 117 128 133 51 89 120 6 7 132 144 146 131 147 101 46 21 126 72 67 57 107 12 22 162 29 116 159 15 136 94 71 80 23 47 65 
96 21 6 98 34 38 70 53 26 67 9 49 84 63 35 52 78 10 19 74 75 90 77 3 81 7 56 42 11 41 13 71 88 30 61 97 64 94 76 66 1 58 4 2 93 27 12 73 62 5 17 32 91 99 59 79 37 89 25 23 45 44 31 95 28 54 51 15 87 86 33 22 68 82 14 18 72 8 36 47 48 46 50 60 57 29 83 40 80 43 69 85 24 20 92 16 55 65 39 
146 71 141 7 9 107 4 63 114 133 42 86 37 140 1 131 132 150 170 95 92 102 79 65 56 13 82 122 59 154 60 119 46 15 159 136 167 108 80 157 112 151 162 81 53 16 54 33 101 36 127 91 20 49 103 52 22 78 155 90 51 160 88 130 40 84 126 72 115 100 111 158 70 14 124 121 147 163 97 17 110 137 153 117 85 25 105 77 62 143 30 11 75 104 165 66 47 128 106 142 35 134 27 18 24 161 73 139 169 113 45 138 23 58 98 43 5 6 28 99 19 94 116 152 68 156 69 12 87 38 41 50 3 83 135 57 144 61 93 39 168 26 10 109 145 164 44 118 2 96 74 89 125 64 166 55 120 123 76 29 34 148 21 48 32 149 67 129 8 31 
15 102 93 122 76 29 20 71 56 12 94 35 112 128 34 74 24 101 58 43 95 7 89 64 83 98 51 19 22 39 114 110 16 30 69 52 123 68 25 11 41 86 113 104 124 127 50 59 77 106 27 118 80 49 48 66 28 6 87 84 81 91 5 40 96 54 42 55 18 115 72 45 37 8 61 47 111 117 44 120 21 53 23 70 38 26 125 97 57 116 126 65 9 85 99 62 109 82 60 63 103 108 78 121 75 2 3 10 33 79 32 73 107 13 119 31 17 105 1 100 14 67 36 46 90 4 92 88 
44 174 122 21 86 128 169 132 16 153 109 40 83 134 41 171 136 114 68 2 117 18 73 102 10 54 165 8 33 78 106 126 144 142 123 133 130 37 90 100 138 164 161 143 71 56 22 12 61 137 108 15 146 98 66 101 42 121 81 47 67 115 6 107 124 166 60 167 103 64 4 58 175 75 85 25 11 139 129 105 157 30 36 94 17 89 135 158 97 168 125 159 79 110 76 91 70 112 43 173 19 156 51 116 53 20 77 14 27 52 149 63 119 120 31 5 23 65 24 150 148 34 74 35 95 29 93 46 45 127 39 38 162 160 170 49 92 87 69 13 111 1 84 55 7 151 147 9 154 155 141 32 88 113 131 48 80 145 140 50 59 152 82 163 62 57 26 28 118 99 3 104 96 72 172 
136 72 83 5 3 11 44 45 96 79 59 1 115 16 35 132 135 105 20 94 55 127 103 26 42 82 17 70 78 49 134 53 2 91 87 34 104 101 123 92 86 111 27 119 9 98 88 18 12 54 116 124 81 47 89 37 109 13 29 112 7 108 129 126 102 51 117 130 77 46 25 50 41 58 52 133 4 125 110 66 43 31 95 15 80 33 62 131 76 73 120 24 100 128 38 60 69 65 64 114 14 61 10 22 74 21 97 68 63 23 28 36 122 90 118 32 121 40 30 107 85 67 106 48 99 75 93 6 84 8 56 113 39 71 57 19 
26 36 9 54 40 5 56 23 53 38 39 18 24 47 55 62 7 2 37 22 63 43 32 14 64 13 30 49 35 1 29 8 34 61 25 12 46 21 44 3 16 4 28 59 45 27 51 31 41 19 58 6 20 52 42 33 60 57 10 11 15 17 48 50 
49 69 48 113 29 8 90 27 50 37 81 71 59 102 21 106 123 25 85 94 101 14 76 108 100 28 89 31 22 78 105 111 2 33 92 112 36 122 11 9 24 32 80 34 91 72 45 97 107 66 121 5 54 88 18 117 52 4 84 68 26 115 19 67 96 57 30 1 3 74 20 55 47 99 98 12 73 41 93 63 118 7 119 83 79 62 39 46 44 124 13 53 40 87 77 109 60 17 42 58 15 126 35 51 43 56 82 95 116 114 38 86 65 125 104 64 16 120 75 23 61 70 103 110 6 10 
8 44 24 2 38 17 43 57 3 33 49 39 15 46 37 27 20 35 5 59 45 51 40 1 56 6 48 52 19 13 53 23 31 25 4 34 29 12 26 50 16 10 32 55 54 47 36 18 61 21 30 41 22 60 11 58 14 28 42 7 9 
2 60 49 21 12 35 33 7 34 19 29 36 44 24 48 43 32 26 53 38 11 58 30 40 5 20 6 17 28 61 50 47 13 10 54 45 16 62 4 51 8 46 59 22 27 15 55 18 1 9 42 3 41 52 57 31 14 37 25 39 56 23 
