100
63 4
18 44 39 79
25 6 46 95
85 14 114 58
66 117 47 26
104 7 72 49
24 94 27 30
47 26 33 8
89 4 120 87
54 77 2 83
2 83 52 28
113 75 103 10
36 121 104 7
35 9 43 101
126 22 13 60
80 116 24 94
125 110 1 112
70 3 37 76
27 30 119 53
102 65 80 116
23 48 18 44
114 58 115 56
92 106 70 3
119 53 89 4
40 86 23 48
37 76 31 88
115 56 41 42
105 118 96 29
32 71 25 6
39 79 68 15
97 17 19 98
12 21 66 117
93 57 97 17
52 28 123 108
31 88 34 90
1 112 59 64
73 63 50 38
74 99 125 110
62 69 74 99
82 51 36 121
123 108 40 86
19 98 54 77
45 107 82 51
33 8 32 71
5 81 102 65
109 91 35 9
50 38 67 61
68 15 92 106
46 95 93 57
59 64 78 20
11 84 85 14
72 49 111 16
67 61 105 118
13 60 12 21
122 55 45 107
103 10 109 91
124 100 113 75
111 16 126 22
43 101 62 69
78 20 11 84
120 87 122 55
34 90 73 63
41 42 5 81
96 29 124 100
64 5
112 20 7 87 53
117 149 73 71 122
100 147 88 2 18
77 131 5 154 83
55 114 98 43 60
81 133 44 153 10
81 133 44 153 10
49 59 14 47 90
135 25 74 76 28
117 149 73 71 122
82 109 91 116 157
22 56 108 124 105
4 39 159 94 36
152 142 125 119 32
75 92 136 148 58
112 20 7 87 53
67 61 78 15 66
96 64 86 118 1
51 63 85 104 146
13 93 46 103 137
79 24 68 62 145
4 39 159 94 36
72 102 84 151 38
97 16 141 65 110
29 128 41 130 31
42 111 9 6 27
48 50 138 126 123
140 155 139 120 101
23 33 158 69 80
48 50 138 126 123
22 56 108 124 105
13 93 46 103 137
17 19 121 11 106
67 61 78 15 66
29 128 41 130 31
96 64 86 118 1
72 102 84 151 38
144 70 40 37 3
82 109 91 116 157
134 30 156 34 95
12 115 35 45 160
57 143 8 54 21
134 30 156 34 95
23 33 158 69 80
57 143 8 54 21
77 131 5 154 83
89 52 129 26 99
79 24 68 62 145
42 111 9 6 27
12 115 35 45 160
75 92 136 148 58
97 16 141 65 110
17 19 121 11 106
152 142 125 119 32
89 52 129 26 99
150 113 127 107 132
100 147 88 2 18
51 63 85 104 146
140 155 139 120 101
150 113 127 107 132
55 114 98 43 60
49 59 14 47 90
135 25 74 76 28
144 70 40 37 3
63 2
5 18
54 27
60 49
26 13
10 12
18 58
28 63
39 45
43 37
8 20
22 48
61 54
52 14
45 8
3 44
9 25
47 30
46 7
13 55
37 16
55 50
1 2
23 22
7 15
41 46
11 4
49 47
59 32
19 57
56 36
21 28
42 6
27 31
29 17
32 40
51 9
16 24
44 62
25 59
63 61
17 41
50 21
12 23
34 3
38 53
36 1
20 34
31 35
57 51
4 39
40 11
58 38
6 10
15 56
2 43
62 29
14 26
35 42
33 5
53 19
24 60
30 52
48 33
68 2
4 48
44 25
49 29
12 67
38 17
5 52
53 33
11 1
9 61
36 47
11 1
23 64
65 58
32 14
66 22
4 48
30 60
51 56
26 31
45 15
55 63
34 3
36 47
32 14
55 63
24 10
42 8
30 60
26 31
59 16
13 35
20 68
6 41
39 28
38 17
13 35
50 2
40 7
40 7
66 22
42 8
59 16
21 37
6 41
27 18
9 61
54 62
57 43
45 15
39 28
34 3
46 19
57 43
53 33
5 52
49 29
12 67
21 37
65 58
20 68
50 2
54 62
23 64
51 56
24 10
44 25
46 19
27 18
70 3
73 83 65
17 38 62
66 82 103
79 42 30
88 76 8
9 69 36
104 4 54
79 42 30
73 83 65
98 52 102
12 105 6
75 23 56
60 64 100
25 63 35
81 22 59
97 49 11
20 10 37
32 46 45
50 16 51
9 69 36
75 23 56
89 55 41
34 21 90
15 78 91
13 96 53
12 105 6
104 4 54
32 46 45
25 63 35
57 27 80
68 14 74
34 21 90
60 64 100
58 93 85
24 95 94
24 95 94
7 3 44
7 3 44
47 84 19
72 67 86
57 27 80
28 33 92
50 16 51
97 49 11
88 76 8
68 14 74
28 33 92
70 1 99
70 1 99
5 39 77
98 52 102
81 22 59
17 38 62
15 78 91
61 40 87
58 93 85
66 82 103
61 40 87
48 71 101
20 10 37
89 55 41
18 43 29
2 31 26
72 67 86
47 84 19
2 31 26
5 39 77
48 71 101
18 43 29
13 96 53
70 3
71 29 26
83 5 59
99 37 98
57 81 82
77 21 88
102 12 55
66 89 45
76 101 58
69 43 64
8 48 86
87 91 78
100 28 62
57 81 82
72 24 103
9 61 23
74 90 54
66 89 45
100 28 62
75 31 56
76 101 58
14 41 47
102 12 55
77 21 88
17 104 36
80 4 65
25 92 79
7 97 73
19 49 15
20 46 13
99 37 98
87 91 78
19 49 15
16 18 35
34 38 6
9 61 23
14 41 47
32 67 1
75 31 56
83 5 59
17 104 36
71 29 26
44 42 95
34 38 6
52 3 105
70 53 10
27 60 11
7 97 73
52 3 105
16 18 35
72 24 103
80 4 65
32 67 1
20 46 13
22 40 51
84 33 63
2 30 96
44 42 95
84 33 63
22 40 51
8 48 86
39 93 85
94 68 50
74 90 54
25 92 79
70 53 10
94 68 50
69 43 64
27 60 11
2 30 96
39 93 85
61 4
120 116 69 51
92 53 80 31
80 31 107 13
21 2 120 116
97 46 22 20
57 105 12 86
88 1 11 67
69 51 8 63
89 45 71 93
82 114 108 68
36 70 119 56
14 33 79 26
119 56 38 47
29 64 37 6
11 67 90 28
107 13 88 1
23 4 83 3
55 24 9 43
109 49 110 58
103 96 92 53
121 95 99 85
22 20 61 72
54 10 98 48
81 94 44 65
122 91 19 59
66 25 111 75
84 50 52 115
111 75 109 49
27 118 121 95
12 86 60 62
60 62 40 42
52 115 7 113
37 6 122 91
110 58 17 76
61 72 29 64
112 5 106 41
87 101 82 114
15 74 36 70
108 68 55 24
7 113 15 74
73 39 27 118
8 63 117 77
83 3 54 10
78 100 103 96
38 47 81 94
32 16 84 50
104 30 23 4
18 102 73 39
98 48 89 45
99 85 57 105
34 35 32 16
44 65 97 46
9 43 34 35
17 76 18 102
40 42 104 30
79 26 87 101
117 77 112 5
19 59 78 100
90 28 21 2
71 93 14 33
106 41 66 25
67 4
85 128 125 99
46 9 23 75
20 13 25 58
59 44 130 31
22 86 78 6
83 129 59 44
81 122 60 52
105 1 95 69
66 90 39 54
77 127 19 33
115 55 57 91
42 126 24 119
39 54 42 126
23 75 87 14
101 43 70 2
132 97 115 55
32 110 22 86
125 99 134 120
37 100 17 71
40 107 7 131
70 2 32 110
7 131 77 127
133 64 30 123
103 10 68 62
124 45 76 106
76 106 46 9
24 119 112 80
112 80 111 26
27 11 109 34
88 108 21 51
72 117 27 11
130 31 116 35
56 47 83 129
84 49 132 97
121 113 103 10
8 74 4 92
41 53 66 90
98 48 12 3
93 89 61 36
25 58 98 48
15 28 124 45
19 33 93 89
30 123 67 63
12 3 82 79
82 79 37 100
38 18 133 64
61 36 29 16
65 118 8 74
111 26 72 117
67 63 105 1
78 6 73 104
95 69 85 128
109 34 65 118
134 120 101 43
60 52 40 107
116 35 88 108
57 91 50 94
50 94 114 102
29 16 56 47
68 62 20 13
73 104 5 96
114 102 38 18
87 14 121 113
17 71 81 122
5 96 15 28
4 92 84 49
21 51 41 53
62 3
30 63 28
9 85 42
70 18 54
76 5 20
26 92 10
60 31 62
90 61 72
65 48 64
57 77 23
4 35 84
17 80 51
17 80 51
75 93 25
73 66 47
58 29 12
19 38 3
1 11 37
55 49 16
89 43 68
76 5 20
9 85 42
73 66 47
74 53 79
44 69 32
1 11 37
74 53 79
50 39 81
55 49 16
13 52 24
40 83 22
7 33 56
13 52 24
82 27 15
19 38 3
26 92 10
45 41 36
40 83 22
57 77 23
46 78 91
2 87 59
4 35 84
71 67 34
2 87 59
7 33 56
46 78 91
30 63 28
86 88 21
44 69 32
90 61 72
8 6 14
89 43 68
60 31 62
58 29 12
75 93 25
8 6 14
71 67 34
65 48 64
86 88 21
45 41 36
70 18 54
50 39 81
82 27 15
70 4
7 106 102 79
7 106 102 79
23 113 45 77
121 37 58 41
62 64 42 120
52 128 103 118
1 75 30 112
84 81 123 125
124 66 22 54
23 113 45 77
99 89 5 100
4 76 44 35
67 87 98 73
134 56 95 60
96 28 65 93
50 68 2 86
61 111 17 136
71 108 74 126
109 49 107 85
88 70 26 48
38 130 40 21
127 122 20 83
39 132 11 80
3 101 51 12
121 37 58 41
29 137 36 6
71 108 74 126
16 133 104 92
14 114 59 18
119 140 13 97
119 140 13 97
115 32 91 105
61 111 17 136
94 135 34 57
15 31 69 10
67 87 98 73
110 43 139 19
4 76 44 35
62 64 42 120
8 117 27 9
88 70 26 48
16 133 104 92
78 138 82 72
1 75 30 112
15 31 69 10
52 128 103 118
96 28 65 93
127 122 20 83
24 53 129 63
115 32 91 105
24 53 129 63
134 56 95 60
84 81 123 125
124 66 22 54
29 137 36 6
25 47 131 55
46 33 116 90
110 43 139 19
99 89 5 100
78 138 82 72
50 68 2 86
8 117 27 9
39 132 11 80
3 101 51 12
109 49 107 85
46 33 116 90
38 130 40 21
14 114 59 18
94 135 34 57
25 47 131 55
61 2
35 9
12 36
41 28
4 14
49 22
2 45
37 19
34 58
5 15
10 2
39 21
42 10
58 57
57 24
60 18
51 32
22 44
59 12
20 4
17 35
25 60
46 27
9 31
52 54
14 51
16 42
45 43
7 11
50 13
38 26
33 47
19 1
43 53
44 61
13 41
32 50
56 38
15 25
29 52
55 3
36 8
8 5
3 56
53 7
61 33
28 29
1 17
6 48
18 20
24 59
27 30
31 6
21 34
40 55
30 23
47 37
23 49
26 46
54 16
48 39
11 40
64 5
49 81 3 54 5
78 8 42 18 15
119 134 94 85 12
108 10 100 35 120
156 55 155 92 46
24 147 139 124 118
121 98 9 88 45
38 72 59 77 104
75 149 31 102 20
128 63 21 53 76
137 86 127 36 93
32 114 25 65 112
132 123 27 110 157
22 91 17 70 58
69 136 82 60 68
32 114 25 65 112
71 125 96 131 23
116 90 34 16 148
142 56 28 146 14
132 123 27 110 157
154 83 29 37 152
142 56 28 146 14
119 134 94 85 12
6 160 159 150 61
26 79 113 57 140
49 81 3 54 5
26 79 113 57 140
74 39 130 144 95
40 66 84 43 2
22 91 17 70 58
69 136 82 60 68
128 63 21 53 76
1 89 101 126 143
30 47 41 99 117
108 10 100 35 120
50 7 141 73 129
24 147 139 124 118
13 11 48 4 33
103 105 151 97 109
78 8 42 18 15
64 111 158 145 133
115 67 135 153 122
6 160 159 150 61
1 89 101 126 143
156 55 155 92 46
74 39 130 144 95
138 44 62 19 80
106 52 51 107 87
38 72 59 77 104
40 66 84 43 2
116 90 34 16 148
154 83 29 37 152
13 11 48 4 33
64 111 158 145 133
71 125 96 131 23
106 52 51 107 87
115 67 135 153 122
121 98 9 88 45
137 86 127 36 93
138 44 62 19 80
50 7 141 73 129
30 47 41 99 117
75 149 31 102 20
103 105 151 97 109
64 3
24 80 64
78 75 58
42 85 39
31 49 14
86 65 93
5 11 41
30 68 9
5 11 41
89 95 53
37 3 19
26 54 77
59 8 94
15 4 10
55 76 1
69 29 74
84 25 66
31 49 14
27 38 81
62 72 44
18 61 50
40 34 83
69 29 74
2 22 6
15 4 10
62 72 44
51 67 56
96 88 70
7 32 21
28 33 52
84 25 66
26 54 77
78 75 58
48 79 71
23 63 47
30 68 9
40 34 83
27 38 81
82 92 87
37 3 19
86 65 93
18 61 50
36 45 57
28 33 52
46 20 90
46 20 90
96 88 70
24 80 64
23 63 47
51 67 56
89 95 53
73 13 12
73 13 12
36 45 57
35 60 43
2 22 6
17 16 91
42 85 39
7 32 21
48 79 71
35 60 43
82 92 87
55 76 1
17 16 91
59 8 94
68 2
27 47
32 10
58 20
37 3
61 67
58 20
42 38
15 64
59 65
29 5
41 26
36 21
48 60
55 11
36 21
57 66
28 31
46 39
12 17
6 35
55 11
54 49
1 44
1 44
12 17
54 49
29 5
28 31
14 22
9 19
13 51
2 23
52 34
8 33
42 38
53 25
30 43
37 3
14 22
18 45
53 25
13 51
16 4
50 68
7 63
61 67
15 64
52 34
6 35
48 60
56 40
30 43
59 65
57 66
27 47
56 40
50 68
46 39
9 19
8 33
24 62
32 10
7 63
16 4
41 26
24 62
18 45
2 23
64 3
56 10 27
46 24 78
45 7 93
26 33 16
55 63 8
53 6 66
87 36 13
92 91 44
26 33 16
34 69 37
53 6 66
80 20 15
35 76 90
49 29 79
65 18 75
70 81 77
32 96 52
83 25 88
19 61 48
34 69 37
14 3 38
64 43 62
11 51 1
35 76 90
58 17 54
30 85 23
49 29 79
32 96 52
95 68 94
2 39 67
22 89 42
41 21 71
86 72 73
92 91 44
40 74 4
41 21 71
58 17 54
14 3 38
2 39 67
46 24 78
65 18 75
19 61 48
83 25 88
50 31 12
55 63 8
11 51 1
70 81 77
87 36 13
30 85 23
40 74 4
50 31 12
64 43 62
56 10 27
86 72 73
95 68 94
9 60 28
57 59 84
80 20 15
22 89 42
82 47 5
57 59 84
82 47 5
9 60 28
45 7 93
69 2
15 2
21 57
22 50
68 67
3 41
12 66
20 36
62 35
53 3
25 45
34 28
51 14
5 54
27 39
2 24
59 27
29 60
60 30
26 65
4 17
28 16
23 9
1 13
56 40
6 69
11 15
43 31
9 59
61 62
58 5
10 44
17 10
39 42
55 34
67 58
33 20
24 51
66 56
13 12
30 22
69 25
47 4
65 46
63 61
41 26
45 7
35 37
46 38
38 52
19 49
8 63
64 1
16 64
31 29
7 48
14 32
32 43
50 21
57 18
49 68
40 6
48 11
54 33
37 47
36 53
18 19
42 8
52 23
44 55
68 5
78 42 56 41 170
161 108 115 77 3
110 99 37 162 152
89 62 160 60 124
140 155 131 133 68
118 4 93 98 13
19 82 158 125 138
70 17 83 103 55
120 154 43 109 126
70 17 83 103 55
139 129 38 147 54
33 153 156 90 148
31 116 97 127 52
141 165 11 117 100
149 87 51 63 20
105 28 9 84 49
80 123 27 81 21
76 1 114 94 168
40 128 146 150 25
144 34 74 96 46
5 73 35 113 142
14 53 24 102 59
110 99 37 162 152
80 123 27 81 21
14 53 24 102 59
19 82 158 125 138
23 57 36 8 39
12 166 167 64 30
33 153 156 90 148
22 26 88 106 95
134 44 29 121 107
72 130 163 32 69
120 154 43 109 126
159 61 135 67 45
161 108 115 77 3
7 104 65 101 66
169 10 58 132 119
22 26 88 106 95
141 165 11 117 100
6 122 48 112 50
105 28 9 84 49
72 130 163 32 69
2 79 145 47 16
159 61 135 67 45
15 164 91 18 137
78 42 56 41 170
7 104 65 101 66
140 155 131 133 68
111 157 71 75 86
5 73 35 113 142
12 166 167 64 30
144 34 74 96 46
134 44 29 121 107
118 4 93 98 13
169 10 58 132 119
139 129 38 147 54
89 62 160 60 124
149 87 51 63 20
23 57 36 8 39
15 164 91 18 137
143 136 85 151 92
2 79 145 47 16
111 157 71 75 86
40 128 146 150 25
143 136 85 151 92
76 1 114 94 168
6 122 48 112 50
31 116 97 127 52
70 2
51 61
51 61
18 49
17 10
6 31
14 55
48 53
9 36
12 2
42 30
21 58
28 34
38 23
6 31
64 29
45 41
69 57
40 65
42 30
14 55
68 15
20 66
13 50
27 22
54 8
64 29
7 46
70 3
47 4
67 26
25 44
39 43
17 10
38 23
54 8
48 53
18 49
56 1
59 5
63 24
68 15
16 33
70 3
60 62
27 22
59 5
28 34
39 43
25 44
47 4
13 50
19 35
67 26
56 1
11 52
21 58
16 33
63 24
60 62
7 46
40 65
37 32
69 57
19 35
20 66
12 2
37 32
45 41
9 36
11 52
62 2
41 18
38 46
27 4
43 42
31 16
41 18
21 55
11 29
59 7
15 49
22 12
38 46
2 57
58 14
51 25
36 37
10 48
43 42
8 60
56 13
36 37
59 7
45 1
52 44
10 48
6 26
51 25
47 19
31 16
47 19
39 28
35 62
15 49
34 61
9 54
56 13
33 20
24 40
27 4
50 30
8 60
24 40
2 57
3 5
6 26
58 14
21 55
3 5
45 1
34 61
35 62
9 54
50 30
17 32
22 12
33 20
11 29
52 44
39 28
53 23
53 23
17 32
65 2
10 38
27 24
4 10
43 2
50 30
30 41
24 56
26 18
15 43
3 61
47 11
46 35
37 55
7 16
54 53
49 40
40 31
14 21
44 39
18 47
62 13
17 36
35 5
42 19
39 28
23 60
8 64
45 49
57 9
31 63
12 48
61 50
32 46
1 51
11 33
38 62
2 4
52 23
65 12
13 7
22 57
41 37
48 42
19 6
29 15
16 54
9 59
63 1
20 58
51 32
56 14
53 25
59 20
34 52
33 27
5 22
25 17
36 44
55 34
28 8
64 26
58 29
60 65
6 45
21 3
64 5
35 97 60 89 158
63 143 125 27 96
45 117 40 24 135
156 9 12 133 84
110 62 59 94 151
61 1 3 124 99
23 121 108 147 48
107 104 10 114 42
69 2 44 150 15
98 5 43 46 116
78 111 17 38 128
21 85 58 18 142
156 9 12 133 84
26 67 4 75 127
49 66 13 103 109
55 8 119 7 131
23 121 108 147 48
149 83 100 153 72
81 140 120 50 93
33 6 105 79 20
47 25 64 74 106
134 34 31 22 73
81 140 120 50 93
110 62 59 94 151
53 77 130 145 51
36 80 123 152 129
26 67 4 75 127
55 8 119 7 131
115 29 90 76 132
95 144 87 37 57
61 1 3 124 99
36 80 123 152 129
138 139 88 71 113
98 5 43 46 116
118 28 70 160 30
41 157 82 122 56
134 34 31 22 73
138 139 88 71 113
14 86 159 52 91
49 66 13 103 109
32 102 101 92 148
53 77 130 145 51
11 137 154 136 16
115 29 90 76 132
69 2 44 150 15
68 65 126 54 112
149 83 100 153 72
68 65 126 54 112
141 155 146 39 19
11 137 154 136 16
95 144 87 37 57
141 155 146 39 19
41 157 82 122 56
21 85 58 18 142
118 28 70 160 30
35 97 60 89 158
32 102 101 92 148
107 104 10 114 42
45 117 40 24 135
63 143 125 27 96
14 86 159 52 91
47 25 64 74 106
33 6 105 79 20
78 111 17 38 128
63 2
46 18
59 51
50 4
1 55
52 34
8 52
41 20
2 12
14 57
27 63
43 41
29 8
55 53
30 25
45 56
33 37
42 48
63 44
36 11
51 50
38 40
61 3
60 42
25 27
35 6
39 13
6 5
24 1
48 17
15 32
18 62
47 36
54 15
28 35
17 2
4 46
56 60
7 16
62 58
31 45
44 24
26 54
57 10
9 26
22 39
40 30
34 14
32 7
23 9
12 38
58 28
10 47
3 49
16 19
37 43
53 21
21 33
5 61
13 59
11 31
19 29
20 22
49 23
70 3
84 82 99
50 10 63
78 4 85
73 6 64
44 17 55
50 10 63
27 18 98
49 62 1
7 57 46
102 60 42
45 36 8
69 40 103
26 20 59
52 19 92
75 13 14
12 2 101
28 29 104
21 97 31
90 91 51
78 4 85
15 39 3
72 89 67
58 23 79
105 38 16
77 34 100
43 53 70
84 82 99
69 40 103
68 95 96
52 19 92
5 81 76
65 94 35
72 89 67
58 23 79
30 74 22
28 29 104
88 33 11
12 2 101
47 93 48
75 13 14
88 33 11
49 62 1
77 34 100
26 20 59
65 94 35
21 97 31
68 95 96
87 37 25
105 38 16
5 81 76
87 37 25
61 83 71
44 17 55
24 41 56
7 57 46
73 6 64
32 80 54
9 66 86
47 93 48
27 18 98
15 39 3
90 91 51
102 60 42
43 53 70
9 66 86
24 41 56
30 74 22
32 80 54
61 83 71
45 36 8
61 2
59 15
23 17
46 42
58 30
1 29
45 14
17 43
14 32
52 12
36 59
20 47
3 27
28 22
32 37
7 4
53 36
42 61
13 18
6 52
29 50
16 11
60 51
54 49
51 28
12 16
15 40
2 13
25 19
35 53
40 38
47 54
26 33
57 25
50 41
44 57
31 10
39 60
19 45
37 9
27 56
30 24
9 1
49 34
55 58
5 6
43 39
56 55
22 8
48 20
24 7
18 5
33 21
11 31
4 44
34 3
41 2
38 26
21 46
10 35
61 23
8 48
70 5
10 86 148 76 113
107 31 139 119 128
131 13 126 167 75
51 74 17 11 168
135 108 150 65 172
49 83 77 118 21
16 59 2 26 70
96 173 163 117 53
32 109 159 106 99
40 116 61 7 132
100 121 66 138 6
12 154 122 28 129
155 56 80 42 114
55 43 79 39 9
34 142 164 125 160
23 22 60 91 165
51 74 17 11 168
135 108 150 65 172
152 20 33 69 136
78 133 97 3 72
104 95 120 105 145
78 133 97 3 72
32 109 159 106 99
34 142 164 125 160
16 59 2 26 70
89 93 147 41 85
157 87 170 82 57
4 44 68 130 63
12 154 122 28 129
40 116 61 7 132
127 38 166 156 50
48 88 149 19 58
45 36 35 52 123
45 36 35 52 123
5 144 81 158 1
141 161 140 101 47
89 93 147 41 85
111 162 67 25 103
152 20 33 69 136
96 173 163 117 53
4 44 68 130 63
104 95 120 105 145
155 56 80 42 114
73 62 18 84 143
23 22 60 91 165
131 13 126 167 75
94 27 110 98 153
157 87 170 82 57
48 88 149 19 58
49 83 77 118 21
127 38 166 156 50
124 115 151 169 112
134 46 102 15 171
94 27 110 98 153
73 62 18 84 143
134 46 102 15 171
107 31 139 119 128
124 115 151 169 112
141 161 140 101 47
64 8 175 54 90
10 86 148 76 113
29 71 92 24 146
55 43 79 39 9
64 8 175 54 90
5 144 81 158 1
37 30 174 14 137
111 162 67 25 103
37 30 174 14 137
29 71 92 24 146
100 121 66 138 6
66 5
72 63 54 1 23
94 30 145 108 43
146 92 6 155 135
44 131 114 102 133
162 64 68 14 160
100 138 65 87 10
52 40 140 161 93
142 13 90 24 104
112 47 118 28 33
18 109 154 62 147
46 103 134 29 156
94 30 145 108 43
101 12 159 113 136
75 42 84 96 49
126 164 5 124 21
77 125 45 17 144
121 7 128 80 56
115 22 111 129 99
143 70 36 107 122
130 149 50 117 35
132 106 127 78 15
123 31 91 41 25
75 42 84 96 49
142 13 90 24 104
146 92 6 155 135
72 63 54 1 23
157 69 82 16 74
130 149 50 117 35
58 48 20 57 151
139 38 51 59 26
88 81 119 116 89
46 103 134 29 156
2 60 3 86 85
58 48 20 57 151
163 76 53 148 152
34 73 141 27 4
9 158 150 165 32
9 158 150 165 32
34 73 141 27 4
162 64 68 14 160
18 109 154 62 147
126 164 5 124 21
157 69 82 16 74
139 38 51 59 26
44 131 114 102 133
137 8 11 98 61
52 40 140 161 93
101 12 159 113 136
120 153 79 71 110
115 22 111 129 99
2 60 3 86 85
137 8 11 98 61
55 97 19 95 37
88 81 119 116 89
112 47 118 28 33
39 66 105 67 83
143 70 36 107 122
55 97 19 95 37
163 76 53 148 152
77 125 45 17 144
39 66 105 67 83
100 138 65 87 10
132 106 127 78 15
121 7 128 80 56
120 153 79 71 110
123 31 91 41 25
70 2
45 43
18 35
34 16
40 3
36 4
25 22
48 60
40 3
1 2
38 63
58 59
8 24
51 13
20 21
70 41
15 14
26 23
58 59
42 57
9 55
32 11
49 47
45 43
12 66
38 63
53 30
18 35
49 47
70 41
64 6
69 17
1 2
8 24
54 44
56 33
42 57
31 62
27 52
25 22
48 60
36 4
9 55
51 13
61 7
19 67
50 29
5 28
64 6
39 37
53 30
12 66
27 52
39 37
50 29
15 14
46 10
65 68
69 17
34 16
54 44
46 10
5 28
26 23
19 67
32 11
56 33
65 68
61 7
31 62
20 21
67 2
58 50
3 56
62 15
29 28
42 38
15 52
43 26
63 3
44 36
45 37
8 67
18 7
37 47
50 62
4 54
36 25
46 40
55 29
26 21
27 64
14 65
5 23
22 32
51 5
32 44
20 4
31 18
52 1
7 51
21 33
48 31
2 58
40 19
19 55
28 63
12 11
67 16
59 61
17 12
16 45
25 41
35 59
34 10
54 57
57 14
9 2
41 24
61 13
66 22
56 49
39 20
49 8
24 35
65 34
64 66
13 30
10 43
33 53
6 46
1 48
11 27
30 60
38 9
60 42
53 6
23 39
47 17
66 4
90 27 24 108
20 28 129 85
93 34 87 11
106 14 71 122
13 9 115 82
74 49 30 31
111 124 89 22
113 51 3 44
104 50 96 102
93 34 87 11
106 14 71 122
7 110 72 79
74 49 30 31
70 68 42 92
126 15 101 69
12 65 62 19
111 124 89 22
100 103 61 86
46 5 76 25
98 64 112 131
81 117 2 45
52 97 116 120
4 6 121 38
77 57 54 48
36 59 39 91
47 18 55 53
46 5 76 25
104 50 96 102
67 95 32 10
98 64 112 131
40 21 33 58
35 29 109 16
20 28 129 85
81 117 2 45
35 29 109 16
84 118 26 56
70 68 42 92
113 51 3 44
127 88 132 23
125 128 8 37
12 65 62 19
94 80 60 41
43 63 66 73
90 27 24 108
1 114 75 83
47 18 55 53
105 123 78 99
125 128 8 37
67 95 32 10
7 110 72 79
126 15 101 69
100 103 61 86
52 97 116 120
105 123 78 99
4 6 121 38
43 63 66 73
13 9 115 82
127 88 132 23
17 107 130 119
1 114 75 83
17 107 130 119
36 59 39 91
94 80 60 41
84 118 26 56
40 21 33 58
77 57 54 48
61 4
95 35 2 34
106 51 95 35
55 49 3 88
53 102 115 57
104 54 76 56
26 77 109 27
85 11 72 82
21 114 47 59
41 98 38 25
94 22 21 114
60 13 73 8
31 70 55 49
110 111 122 86
118 113 99 42
83 16 117 91
46 23 29 87
117 91 106 51
18 32 50 80
24 74 60 13
7 89 107 108
121 66 37 64
62 96 94 22
30 43 41 98
115 57 85 11
65 36 83 16
103 40 14 1
29 87 118 113
73 8 31 70
92 97 9 48
71 68 10 17
6 44 18 32
81 93 53 102
99 42 90 15
72 82 20 39
100 52 105 63
10 17 5 58
84 69 103 40
107 108 104 54
14 1 112 101
79 119 6 44
76 56 84 69
90 15 121 66
112 101 28 19
122 86 71 68
38 25 4 120
50 80 30 43
109 27 81 93
33 67 62 96
4 120 61 78
3 88 26 77
45 75 7 89
20 39 46 23
28 19 33 67
2 34 110 111
105 63 116 12
37 64 92 97
61 78 65 36
47 59 100 52
9 48 79 119
5 58 45 75
116 12 24 74
70 2
51 31
18 66
63 25
53 26
6 40
21 35
49 30
14 13
63 25
34 69
33 50
9 61
18 66
16 59
41 24
64 19
47 37
32 7
55 58
39 43
9 61
12 3
56 1
27 57
2 38
36 15
60 54
62 22
6 40
4 67
60 54
23 29
16 59
23 29
33 50
70 52
47 37
14 13
41 24
64 19
21 35
12 3
65 46
34 69
56 1
11 68
11 68
32 7
28 20
2 38
39 43
42 48
10 8
45 17
53 26
28 20
51 31
65 46
5 44
49 30
62 22
4 67
5 44
27 57
36 15
42 48
10 8
70 52
55 58
45 17
63 4
89 105 67 31
11 64 90 25
18 81 111 56
23 109 26 113
39 4 108 2
73 15 71 63
74 119 86 94
30 79 97 21
103 61 18 81
125 114 11 64
50 76 59 49
8 42 41 120
104 82 19 29
90 25 99 126
19 29 83 36
45 72 51 57
88 7 44 100
66 12 27 124
27 124 98 13
98 13 60 53
47 84 22 80
111 56 106 93
41 120 34 62
52 48 104 82
22 80 66 12
59 49 123 112
51 57 110 40
123 112 35 58
3 77 50 76
108 2 73 15
37 117 75 24
95 92 88 7
110 40 102 69
97 21 16 122
60 53 74 119
35 58 95 92
34 62 32 78
121 101 10 115
75 24 33 54
99 126 52 48
71 63 89 105
86 94 17 87
67 31 3 77
55 5 103 61
10 115 28 107
68 38 118 46
28 107 14 43
9 96 116 70
83 36 121 101
106 93 65 6
33 54 8 42
20 1 47 84
26 113 125 114
32 78 39 4
16 122 20 1
44 100 55 5
116 70 30 79
85 91 23 109
118 46 9 96
65 6 68 38
14 43 37 117
17 87 45 72
102 69 85 91
70 5
29 174 173 132 122
25 128 167 150 94
85 15 171 97 84
120 5 22 112 143
74 33 28 147 7
111 135 44 12 67
113 88 163 175 59
27 43 37 119 90
41 57 162 100 118
38 65 157 110 4
151 107 64 53 134
91 56 102 70 3
48 61 1 73 87
85 15 171 97 84
126 159 161 109 139
27 43 37 119 90
76 47 35 19 144
120 5 22 112 143
6 72 92 36 145
46 26 149 10 154
80 23 89 78 42
21 9 170 101 45
158 24 40 105 58
91 56 102 70 3
34 86 129 155 138
99 83 127 31 51
41 57 162 100 118
29 174 173 132 122
142 164 133 146 39
60 55 117 123 2
124 54 79 69 136
75 98 82 165 169
142 164 133 146 39
80 23 89 78 42
140 62 32 153 114
121 137 103 20 166
99 83 127 31 51
63 11 125 116 66
126 159 161 109 139
14 16 18 93 148
108 131 172 68 71
63 11 125 116 66
158 24 40 105 58
121 137 103 20 166
113 88 163 175 59
74 33 28 147 7
46 26 149 10 154
108 131 172 68 71
111 135 44 12 67
14 16 18 93 148
124 54 79 69 136
38 65 157 110 4
81 104 30 141 17
25 128 167 150 94
48 61 1 73 87
21 9 170 101 45
140 62 32 153 114
81 104 30 141 17
151 107 64 53 134
95 50 106 8 156
115 77 130 13 49
115 77 130 13 49
152 168 52 96 160
60 55 117 123 2
152 168 52 96 160
95 50 106 8 156
34 86 129 155 138
75 98 82 165 169
76 47 35 19 144
6 72 92 36 145
65 4
73 94 9 81
67 12 109 87
42 92 61 35
70 74 116 99
104 50 14 16
48 122 95 23
1 38 102 43
28 18 97 93
96 117 34 86
15 101 105 5
11 78 3 45
120 75 82 106
30 49 126 31
82 106 89 24
129 52 47 65
34 86 55 63
39 108 37 76
20 91 120 75
77 110 48 122
6 90 67 12
111 60 69 64
130 36 129 52
100 17 11 78
55 63 25 21
32 56 33 51
44 27 53 40
95 23 10 2
124 123 104 50
33 51 44 27
26 113 32 56
9 81 127 84
25 21 42 92
105 5 96 117
109 87 88 41
37 76 57 68
88 41 28 18
125 119 70 74
13 107 111 60
98 71 8 114
126 31 121 66
47 65 124 123
85 54 7 22
19 59 130 36
58 112 125 119
53 40 85 54
3 45 26 113
29 80 15 101
7 22 73 94
89 24 39 108
69 64 100 17
128 4 1 38
97 93 72 118
116 99 13 107
46 62 98 71
10 2 115 83
127 84 19 59
61 35 30 49
57 68 128 4
79 103 77 110
8 114 20 91
121 66 6 90
14 16 29 80
115 83 46 62
72 118 79 103
102 43 58 112
66 5
46 26 127 75 101
138 161 160 59 81
133 86 114 93 72
106 117 19 45 44
22 146 87 94 55
149 110 152 83 154
141 56 120 163 29
141 56 120 163 29
89 155 98 84 21
37 4 30 40 23
34 91 112 165 28
136 60 108 66 96
58 132 64 32 48
53 12 6 1 35
142 43 148 11 143
9 95 52 107 124
15 82 164 137 131
31 2 3 54 128
97 158 121 100 7
106 117 19 45 44
105 36 33 115 47
25 20 118 102 16
144 74 65 68 119
90 76 62 39 42
9 95 52 107 124
8 50 71 88 113
46 26 127 75 101
89 155 98 84 21
142 43 148 11 143
156 103 10 61 109
150 63 41 92 70
13 5 49 159 57
22 146 87 94 55
90 76 62 39 42
53 12 6 1 35
111 140 99 125 126
13 5 49 159 57
58 132 64 32 48
105 36 33 115 47
150 63 41 92 70
18 17 14 122 162
144 74 65 68 119
129 153 130 24 147
129 153 130 24 147
156 103 10 61 109
149 110 152 83 154
69 145 67 77 73
136 60 108 66 96
31 2 3 54 128
8 50 71 88 113
104 116 78 80 38
15 82 164 137 131
104 116 78 80 38
18 17 14 122 162
79 85 157 135 51
111 140 99 125 126
133 86 114 93 72
69 145 67 77 73
37 4 30 40 23
97 158 121 100 7
138 161 160 59 81
25 20 118 102 16
79 85 157 135 51
139 123 134 27 151
139 123 134 27 151
34 91 112 165 28
70 4
54 70 93 101
13 96 66 137
2 108 126 83
139 27 118 55
138 56 1 60
11 119 86 50
90 122 131 84
127 129 111 89
73 133 103 114
113 53 6 107
75 35 120 48
95 8 64 102
36 123 46 135
47 31 7 51
16 4 88 140
54 70 93 101
36 123 46 135
127 129 111 89
26 97 33 41
91 63 87 52
68 67 71 80
16 4 88 140
17 43 34 15
68 67 71 80
3 59 10 30
77 29 24 49
9 40 37 58
2 108 126 83
98 42 78 14
128 92 38 76
130 106 117 19
136 121 105 125
20 72 100 134
9 40 37 58
95 8 64 102
18 99 32 61
17 43 34 15
47 31 7 51
116 82 124 57
128 92 38 76
12 104 44 132
12 104 44 132
23 109 69 65
5 110 115 79
11 119 86 50
74 25 45 112
5 110 115 79
20 72 100 134
94 28 85 21
73 133 103 114
75 35 120 48
98 42 78 14
136 121 105 125
139 27 118 55
74 25 45 112
116 82 124 57
113 53 6 107
26 97 33 41
23 109 69 65
130 106 117 19
91 63 87 52
81 62 22 39
18 99 32 61
13 96 66 137
3 59 10 30
90 122 131 84
138 56 1 60
81 62 22 39
94 28 85 21
77 29 24 49
70 5
80 99 87 5 56
91 155 145 153 41
32 127 24 139 29
28 68 131 12 53
16 157 129 49 84
137 104 50 163 45
137 104 50 163 45
90 77 40 26 82
109 159 62 171 115
133 85 81 170 14
92 149 75 44 156
93 135 3 67 101
79 42 64 106 126
22 105 10 116 96
174 18 34 175 169
152 165 51 141 6
43 55 20 130 98
86 11 110 167 118
93 135 3 67 101
95 25 140 58 70
160 54 83 35 132
138 94 150 63 164
133 85 81 170 14
160 54 83 35 132
143 39 73 74 4
57 17 71 151 33
109 159 62 171 115
78 144 65 142 173
152 165 51 141 6
72 113 146 89 128
7 69 100 27 59
174 18 34 175 169
43 55 20 130 98
30 162 120 52 61
30 162 120 52 61
97 46 161 1 47
76 117 147 15 119
80 99 87 5 56
103 88 124 19 168
48 125 23 158 13
121 108 136 111 123
76 117 147 15 119
95 25 140 58 70
2 36 60 66 37
2 36 60 66 37
48 125 23 158 13
107 112 31 172 8
102 154 38 122 148
21 114 166 9 134
79 42 64 106 126
121 108 136 111 123
72 113 146 89 128
92 149 75 44 156
22 105 10 116 96
86 11 110 167 118
78 144 65 142 173
102 154 38 122 148
32 127 24 139 29
143 39 73 74 4
7 69 100 27 59
91 155 145 153 41
57 17 71 151 33
103 88 124 19 168
21 114 166 9 134
28 68 131 12 53
16 157 129 49 84
107 112 31 172 8
97 46 161 1 47
138 94 150 63 164
90 77 40 26 82
62 3
78 51 89
28 26 83
29 7 56
25 43 42
75 85 38
34 63 62
87 13 65
81 88 36
4 49 45
73 11 33
77 20 82
39 70 67
23 8 14
35 66 53
84 50 58
57 47 31
29 7 56
12 55 91
57 47 31
22 54 10
48 71 30
74 3 9
77 20 82
35 66 53
37 44 27
48 71 30
84 50 58
76 59 1
73 11 33
46 80 6
32 15 18
25 43 42
32 15 18
46 80 6
12 55 91
4 49 45
74 3 9
72 21 24
76 59 1
81 88 36
23 8 14
5 86 93
16 92 68
75 85 38
87 13 65
69 40 19
79 41 90
17 61 64
16 92 68
2 60 52
22 54 10
69 40 19
79 41 90
28 26 83
2 60 52
34 63 62
72 21 24
39 70 67
5 86 93
37 44 27
17 61 64
78 51 89
64 4
81 21 10 39
96 105 46 38
23 126 122 70
69 107 47 124
80 92 116 41
68 59 18 83
52 49 118 108
44 32 29 62
60 89 36 95
88 72 53 5
42 115 48 100
97 43 50 117
76 26 6 56
123 8 93 40
104 16 35 85
68 59 18 83
111 102 103 91
14 98 19 30
76 26 6 56
11 12 64 82
78 109 71 127
96 105 46 38
80 92 116 41
55 74 110 120
81 21 10 39
112 87 54 34
9 67 119 77
23 126 122 70
25 114 4 37
104 16 35 85
52 49 118 108
3 94 99 75
24 22 125 90
15 86 51 65
7 17 101 121
69 107 47 124
15 86 51 65
3 94 99 75
79 61 13 27
11 12 64 82
123 8 93 40
128 28 58 66
14 98 19 30
128 28 58 66
7 17 101 121
31 113 63 84
9 67 119 77
2 33 45 57
25 114 4 37
111 102 103 91
73 20 1 106
42 115 48 100
55 74 110 120
31 113 63 84
2 33 45 57
79 61 13 27
73 20 1 106
78 109 71 127
112 87 54 34
24 22 125 90
44 32 29 62
88 72 53 5
97 43 50 117
60 89 36 95
62 3
25 42 38
16 37 5
49 13 27
65 67 85
88 31 51
45 56 83
16 37 5
64 87 17
84 47 20
50 33 93
84 47 20
44 30 35
48 36 6
7 78 86
28 14 89
60 41 15
70 57 91
21 11 53
28 14 89
55 68 74
34 22 39
55 68 74
76 10 32
81 80 46
52 54 19
4 69 77
9 12 2
76 10 32
71 40 8
90 92 1
48 36 6
81 80 46
88 31 51
73 23 63
75 66 82
34 22 39
65 67 85
52 54 19
43 26 72
73 23 63
49 13 27
60 41 15
50 33 93
4 69 77
75 66 82
64 87 17
70 57 91
3 79 61
43 26 72
62 18 24
7 78 86
62 18 24
71 40 8
44 30 35
3 79 61
45 56 83
58 29 59
90 92 1
25 42 38
58 29 59
9 12 2
21 11 53
69 2
24 57
61 1
51 33
38 42
8 54
47 9
62 38
22 65
13 45
50 4
15 48
33 64
26 37
39 30
3 51
28 18
41 6
6 62
45 17
31 23
5 36
34 26
32 11
23 63
49 19
64 68
59 69
4 20
53 41
54 53
46 10
29 66
67 28
7 52
14 49
63 61
20 34
58 7
25 13
35 58
27 12
18 27
55 67
43 40
40 21
57 46
19 3
30 2
1 29
48 56
16 39
42 5
66 8
60 35
12 43
2 24
21 25
44 16
52 47
56 55
68 60
9 22
37 31
10 15
17 14
69 50
11 59
36 44
65 32
63 2
59 34
47 27
52 23
41 39
61 47
7 5
46 24
21 11
18 1
62 32
2 13
13 37
44 8
37 50
50 42
1 59
16 33
22 15
53 38
17 19
57 3
27 21
30 29
56 60
11 16
45 18
24 4
63 44
43 45
58 46
26 53
20 36
29 51
19 52
10 40
39 10
42 49
35 62
14 6
33 28
31 17
8 41
38 12
51 25
60 61
12 58
32 20
54 7
3 22
55 56
25 43
48 57
23 2
15 31
9 55
6 30
40 48
5 14
36 26
34 35
28 54
49 9
4 63
66 4
17 90 40 62
93 33 125 29
99 41 24 121
74 32 111 118
73 13 20 78
58 44 126 70
117 76 129 4
2 45 57 12
63 116 21 130
72 101 50 87
47 84 91 37
23 75 81 112
56 30 36 11
56 30 36 11
46 123 114 51
122 119 7 26
31 10 19 92
103 88 14 3
94 79 127 110
94 79 127 110
99 41 24 121
60 96 69 8
71 80 52 66
65 9 27 104
117 76 129 4
59 34 1 54
58 44 126 70
89 28 105 35
65 9 27 104
86 48 38 42
46 123 114 51
63 116 21 130
108 43 5 131
102 64 109 85
55 53 83 16
95 115 107 25
95 115 107 25
17 90 40 62
2 45 57 12
59 34 1 54
71 80 52 66
68 39 106 61
89 28 105 35
108 43 5 131
60 96 69 8
15 120 18 124
68 39 106 61
15 120 18 124
102 64 109 85
72 101 50 87
93 33 125 29
55 53 83 16
122 119 7 26
103 88 14 3
113 82 98 97
6 128 49 67
31 10 19 92
132 100 22 77
73 13 20 78
23 75 81 112
74 32 111 118
86 48 38 42
6 128 49 67
47 84 91 37
132 100 22 77
113 82 98 97
65 4
78 38 49 124
12 52 108 33
70 79 14 25
108 33 127 8
20 16 90 109
9 130 120 95
5 61 63 111
116 35 65 30
74 89 94 86
104 40 110 10
71 26 121 45
14 25 2 27
87 76 122 83
129 67 43 99
97 4 93 13
88 17 84 37
47 29 11 6
54 73 19 48
123 98 114 34
75 18 129 67
125 119 81 50
105 106 97 4
53 85 28 107
39 31 36 46
91 102 88 17
90 109 21 60
1 24 47 29
66 57 53 85
62 96 123 98
19 48 1 24
122 83 62 96
7 56 44 112
41 101 126 42
63 111 15 59
55 118 5 61
93 13 92 103
127 8 87 76
68 51 64 23
28 107 104 40
49 124 68 51
110 10 75 18
77 72 125 119
92 103 128 3
82 69 66 57
128 3 20 16
81 50 80 100
43 99 41 101
114 34 116 35
113 58 55 118
121 45 115 32
84 37 117 22
44 112 91 102
21 60 7 56
65 30 54 73
64 23 82 69
15 59 74 89
120 95 71 26
36 46 78 38
2 27 9 130
117 22 39 31
94 86 77 72
80 100 105 106
11 6 113 58
115 32 12 52
126 42 70 79
65 2
15 9
33 36
17 61
63 47
28 8
44 49
10 22
53 17
32 63
40 21
61 3
14 55
51 24
42 62
12 6
55 48
16 25
54 1
26 57
23 15
24 23
5 33
56 43
41 51
27 32
43 13
22 38
60 44
31 56
38 27
58 7
62 29
48 5
36 64
64 45
3 18
35 11
13 10
59 31
50 35
9 26
45 12
8 54
19 46
65 4
21 60
11 53
29 40
49 14
34 28
7 59
37 41
4 39
25 52
20 2
52 58
2 42
46 34
47 37
6 19
57 30
18 65
39 20
30 50
1 16
69 4
51 88 129 59
1 86 3 104
55 13 118 138
16 95 42 23
9 15 125 89
71 14 1 86
17 134 51 88
126 98 137 75
33 20 71 14
38 45 73 112
113 101 46 122
19 67 36 81
69 11 16 95
46 122 117 106
60 18 85 64
108 31 40 37
40 37 56 97
41 25 91 29
4 93 12 130
129 59 84 74
3 104 41 25
85 64 132 47
119 30 110 82
131 24 28 70
39 115 119 30
50 111 19 67
136 100 65 48
12 130 66 116
84 74 60 18
62 52 38 45
125 89 8 2
10 133 113 101
36 81 78 103
137 75 10 133
76 105 131 24
63 5 120 72
118 138 50 111
77 109 35 79
35 79 136 100
120 72 26 121
132 47 108 31
27 90 76 105
124 99 83 123
6 32 62 52
56 97 128 7
42 23 124 99
61 68 80 58
83 123 33 20
114 57 77 109
80 58 6 32
65 48 53 87
26 121 9 15
66 116 63 5
53 87 17 134
28 70 96 94
34 135 55 13
43 102 61 68
8 2 49 92
96 94 43 102
128 7 69 11
73 112 39 115
107 54 34 135
110 82 4 93
91 29 107 54
49 92 21 127
22 44 126 98
117 106 27 90
78 103 22 44
21 127 114 57
70 4
39 86 7 59
99 92 95 123
140 19 48 29
3 116 79 35
30 27 132 111
38 85 93 117
140 19 48 29
16 118 129 2
114 121 82 44
87 45 131 124
136 58 42 10
106 98 68 37
30 27 132 111
90 13 91 81
57 55 28 5
31 23 34 76
115 88 26 104
16 118 129 2
75 32 18 40
138 56 89 97
31 23 34 76
60 102 109 65
43 134 113 67
22 112 107 70
43 134 113 67
114 121 82 44
122 100 78 139
25 64 14 8
3 116 79 35
36 62 33 21
41 15 52 133
9 127 6 126
115 88 26 104
1 80 20 73
41 15 52 133
108 49 84 72
36 62 33 21
38 85 93 117
74 103 53 46
136 58 42 10
128 96 110 135
39 86 7 59
4 119 130 94
75 32 18 40
25 64 14 8
9 127 6 126
4 119 130 94
87 45 131 124
11 47 83 77
138 56 89 97
66 71 105 125
108 49 84 72
1 80 20 73
74 103 53 46
54 50 101 12
60 102 109 65
54 50 101 12
90 13 91 81
120 61 17 63
11 47 83 77
122 100 78 139
69 51 137 24
106 98 68 37
128 96 110 135
22 112 107 70
69 51 137 24
120 61 17 63
66 71 105 125
57 55 28 5
99 92 95 123
62 4
4 121 28 124
77 101 107 106
23 111 76 2
63 110 5 96
57 38 51 79
24 122 53 12
36 82 34 16
93 10 68 90
113 116 108 26
99 67 83 40
85 50 19 45
61 59 17 92
23 111 76 2
46 32 43 37
49 44 48 102
77 101 107 106
21 69 18 64
86 22 120 58
119 9 14 8
86 22 120 58
49 44 48 102
24 122 53 12
99 67 83 40
63 110 5 96
57 38 51 79
25 100 88 105
72 27 117 91
4 121 28 124
65 56 104 6
75 71 60 15
11 80 70 115
84 62 52 87
123 89 97 95
74 33 98 13
72 27 117 91
65 56 104 6
11 80 70 115
42 7 81 1
112 54 20 103
21 69 18 64
29 109 39 55
41 3 78 47
36 82 34 16
25 100 88 105
114 94 118 73
29 109 39 55
42 7 81 1
46 32 43 37
114 94 118 73
61 59 17 92
113 116 108 26
30 35 66 31
93 10 68 90
75 71 60 15
85 50 19 45
74 33 98 13
119 9 14 8
41 3 78 47
112 54 20 103
123 89 97 95
84 62 52 87
30 35 66 31
63 4
69 11 117 88
74 8 29 99
68 109 73 102
22 12 74 8
63 18 15 103
42 77 75 100
98 39 37 114
92 66 19 31
72 44 106 35
29 99 69 11
101 121 116 67
54 105 87 7
50 108 125 6
87 7 124 82
104 24 80 21
17 25 63 18
34 23 89 43
58 13 71 86
10 33 76 5
45 14 50 108
124 82 38 112
61 91 57 32
125 6 104 24
111 9 79 53
80 21 111 9
65 26 68 109
89 43 17 25
76 5 58 13
97 107 42 77
2 62 22 12
70 93 101 121
60 110 45 14
4 47 34 23
94 85 95 46
119 78 60 110
37 114 20 84
20 84 3 52
117 88 10 33
19 31 118 16
95 46 98 39
71 86 122 115
118 16 48 55
51 1 28 126
57 32 83 120
56 40 41 64
3 52 56 40
123 96 51 1
41 64 4 47
48 55 94 85
83 120 119 78
49 30 81 90
113 36 65 26
116 67 54 105
79 53 2 62
59 27 70 93
73 102 49 30
106 35 92 66
15 103 61 91
28 126 113 36
122 115 123 96
75 100 72 44
38 112 97 107
81 90 59 27
63 4
125 106 80 56
48 9 95 13
69 64 33 1
102 62 112 76
107 110 73 81
117 82 21 105
21 105 77 93
54 96 108 14
103 118 27 11
52 60 111 104
3 91 48 9
57 41 79 88
100 51 31 70
75 61 6 90
8 126 123 97
39 120 113 38
80 56 10 47
27 11 57 41
23 63 5 37
72 17 24 89
59 42 3 91
65 43 94 44
111 104 54 96
123 97 36 32
98 119 87 30
31 70 52 60
122 92 75 61
77 93 83 18
67 19 2 15
83 18 74 50
101 86 72 17
112 76 85 114
20 99 125 106
113 38 78 53
6 90 26 29
78 53 59 42
5 37 69 64
26 29 100 51
85 114 8 126
79 88 28 12
36 32 116 84
33 1 20 99
58 121 22 71
35 7 16 115
108 14 34 45
116 84 66 68
22 71 65 43
87 30 103 118
24 89 102 62
25 124 35 7
66 68 49 55
34 45 98 119
2 15 109 40
16 115 101 86
94 44 46 4
28 12 117 82
46 4 122 92
109 40 107 110
10 47 25 124
74 50 23 63
95 13 67 19
49 55 39 120
73 81 58 121
65 2
3 33
37 2
10 23
56 12
59 53
62 46
43 18
1 48
25 39
47 34
49 42
2 5
39 62
7 20
58 16
40 58
51 25
44 56
22 1
17 47
28 7
36 32
24 35
46 27
32 65
33 55
63 15
30 3
8 54
9 8
6 61
12 49
20 38
21 43
13 14
31 21
61 26
41 40
42 37
34 60
50 52
11 45
65 24
53 19
60 44
15 17
23 31
45 50
4 59
19 51
48 64
16 29
5 22
26 63
55 28
18 13
35 4
14 9
38 6
54 36
52 10
57 41
29 11
64 57
27 30
67 2
62 7
8 45
53 63
24 65
14 53
18 30
36 9
34 42
60 37
46 38
23 34
22 33
38 32
15 39
56 51
43 27
42 47
30 14
48 46
57 24
28 21
5 25
10 57
32 35
20 19
67 64
51 12
50 48
33 26
64 36
35 5
11 3
9 61
31 23
26 52
12 4
61 15
59 55
55 40
29 31
13 54
41 56
27 50
4 6
17 67
19 22
7 18
65 60
2 13
47 44
3 1
21 17
16 58
45 16
63 29
49 20
44 66
1 43
37 59
40 49
52 28
25 2
39 11
66 41
6 10
58 62
54 8
66 5
126 41 13 144 53
156 77 16 100 91
57 137 85 51 123
89 110 33 25 70
80 124 31 150 56
14 155 99 43 131
36 162 64 9 30
97 140 125 83 136
147 46 27 10 60
15 94 76 151 108
114 35 7 138 93
82 153 6 132 143
14 155 99 43 131
156 77 16 100 91
4 18 65 58 90
87 52 28 32 1
47 45 115 139 88
107 113 54 24 37
159 158 66 20 130
74 73 48 101 164
157 134 81 69 42
159 158 66 20 130
89 110 33 25 70
129 71 29 149 84
147 46 27 10 60
97 140 125 83 136
165 106 44 49 133
59 68 102 135 141
114 35 7 138 93
105 120 127 19 22
36 162 64 9 30
82 153 6 132 143
142 160 55 11 23
40 26 96 121 72
161 98 103 146 92
126 41 13 144 53
74 73 48 101 164
40 26 96 121 72
4 18 65 58 90
148 79 109 3 104
111 62 116 39 86
152 95 154 61 75
5 34 122 117 21
165 106 44 49 133
47 45 115 139 88
5 34 122 117 21
107 113 54 24 37
157 134 81 69 42
161 98 103 146 92
67 78 118 2 50
112 17 63 119 145
59 68 102 135 141
15 94 76 151 108
112 17 63 119 145
142 160 55 11 23
163 12 8 38 128
111 62 116 39 86
57 137 85 51 123
105 120 127 19 22
87 52 28 32 1
80 124 31 150 56
163 12 8 38 128
129 71 29 149 84
67 78 118 2 50
148 79 109 3 104
152 95 154 61 75
64 5
109 82 144 4 134
20 141 108 119 74
64 30 46 143 23
49 95 29 149 146
87 63 116 84 160
158 24 48 18 36
117 124 41 88 93
20 141 108 119 74
69 111 156 80 5
101 37 65 62 28
75 45 96 26 38
21 33 157 122 50
54 142 138 6 121
101 37 65 62 28
61 126 10 118 81
64 30 46 143 23
99 114 35 31 79
39 72 34 59 113
154 135 67 70 3
137 86 136 1 2
87 63 116 84 160
107 106 53 98 78
16 27 129 90 85
91 47 147 152 42
112 148 131 115 94
7 9 153 12 51
75 45 96 26 38
103 58 83 145 89
55 140 11 8 155
91 47 147 152 42
60 25 130 17 56
110 125 150 133 71
14 102 19 123 57
52 120 68 66 104
158 24 48 18 36
16 27 129 90 85
43 132 76 128 159
55 140 11 8 155
49 95 29 149 146
77 139 127 151 40
39 72 34 59 113
137 86 136 1 2
15 44 100 92 73
105 13 97 32 22
60 25 130 17 56
99 114 35 31 79
109 82 144 4 134
112 148 131 115 94
154 135 67 70 3
52 120 68 66 104
117 124 41 88 93
43 132 76 128 159
103 58 83 145 89
15 44 100 92 73
105 13 97 32 22
54 142 138 6 121
77 139 127 151 40
21 33 157 122 50
7 9 153 12 51
110 125 150 133 71
69 111 156 80 5
107 106 53 98 78
14 102 19 123 57
61 126 10 118 81
64 2
43 26
61 9
63 17
58 6
31 29
20 41
51 13
18 24
12 23
42 40
8 14
21 57
62 56
20 41
11 22
5 30
64 39
42 40
63 17
18 24
4 48
28 53
61 9
2 44
33 27
33 27
4 48
10 49
32 1
2 44
37 34
38 50
7 19
32 1
11 22
55 59
58 6
5 30
28 53
16 54
43 26
46 45
55 59
52 60
62 56
36 25
38 50
47 15
35 3
51 13
12 23
64 39
46 45
35 3
10 49
31 29
52 60
21 57
7 19
16 54
8 14
47 15
36 25
37 34
68 3
58 93 26
80 44 9
73 11 18
57 64 13
1 77 97
7 22 19
88 42 102
29 76 49
56 72 63
24 87 43
29 76 49
23 6 96
7 22 19
51 55 33
54 61 100
5 92 62
54 61 100
84 30 47
56 72 63
94 3 59
70 68 71
32 39 45
74 38 25
89 46 8
5 92 62
85 20 95
66 10 17
51 55 33
101 37 69
4 99 16
83 40 86
80 44 9
34 2 35
94 3 59
24 87 43
36 91 78
58 93 26
70 68 71
53 27 52
12 48 90
85 20 95
1 77 97
12 48 90
32 39 45
73 11 18
67 75 81
21 79 15
57 64 13
28 41 14
84 30 47
83 40 86
21 79 15
67 75 81
82 31 98
89 46 8
74 38 25
50 65 60
88 42 102
53 27 52
101 37 69
50 65 60
23 6 96
36 91 78
82 31 98
28 41 14
4 99 16
66 10 17
34 2 35
66 3
33 51 56
14 26 47
18 45 76
20 37 41
44 11 58
73 97 16
59 79 5
14 26 47
55 9 42
31 63 95
84 87 99
44 11 58
70 57 7
6 43 40
15 22 93
38 3 2
92 69 83
72 71 64
38 3 2
88 28 23
17 49 8
55 9 42
75 62 19
88 28 23
12 32 81
30 52 61
48 67 50
74 66 10
73 97 16
15 22 93
59 79 5
24 36 91
6 43 40
25 68 35
72 71 64
17 49 8
70 57 7
98 65 1
78 85 94
77 39 96
80 53 29
98 65 1
78 85 94
18 45 76
75 62 19
34 90 4
77 39 96
80 53 29
24 36 91
33 51 56
31 63 95
82 21 89
60 46 86
92 69 83
74 66 10
20 37 41
13 54 27
30 52 61
82 21 89
60 46 86
12 32 81
25 68 35
84 87 99
13 54 27
48 67 50
34 90 4
68 5
22 18 43 104 74
78 115 35 41 82
21 34 72 149 80
131 139 168 112 166
138 145 40 103 116
86 134 77 64 73
70 106 63 111 101
71 59 141 4 52
26 99 133 75 137
81 39 114 45 100
9 51 44 49 154
138 145 40 103 116
11 98 68 152 87
66 29 15 36 47
22 18 43 104 74
157 91 27 33 158
24 37 162 109 57
96 32 7 148 3
24 37 162 109 57
10 144 151 160 122
10 144 151 160 122
38 132 161 92 50
16 102 146 61 136
11 98 68 152 87
26 99 133 75 137
83 58 170 25 164
163 123 79 84 31
89 17 30 13 8
66 29 15 36 47
89 17 30 13 8
135 118 90 20 130
97 55 120 62 48
28 67 107 54 143
78 115 35 41 82
5 119 153 117 85
95 23 56 165 125
140 127 12 129 19
81 39 114 45 100
163 123 79 84 31
95 23 56 165 125
93 2 105 60 159
38 132 161 92 50
86 134 77 64 73
14 65 150 147 108
9 51 44 49 154
16 102 146 61 136
169 113 94 69 142
21 34 72 149 80
76 126 6 167 1
14 65 150 147 108
76 126 6 167 1
135 118 90 20 130
53 124 110 46 155
71 59 141 4 52
70 106 63 111 101
140 127 12 129 19
28 67 107 54 143
157 91 27 33 158
5 119 153 117 85
96 32 7 148 3
83 58 170 25 164
88 121 156 42 128
169 113 94 69 142
131 139 168 112 166
97 55 120 62 48
88 121 156 42 128
53 124 110 46 155
93 2 105 60 159
67 4
3 14 34 76
24 25 113 53
73 119 118 108
94 116 117 30
36 102 124 55
1 82 111 77
83 68 4 121
18 8 43 27
51 35 131 48
104 129 28 92
81 42 46 20
131 48 115 107
56 7 74 38
113 53 58 31
120 86 18 8
88 96 15 75
100 39 99 97
124 55 19 72
65 128 66 64
21 78 33 41
62 59 105 87
32 26 40 123
118 108 12 114
106 112 44 130
44 130 70 23
105 87 89 54
34 76 1 82
84 16 120 86
115 107 98 127
12 114 13 2
6 126 134 85
79 109 80 17
50 9 104 129
117 30 36 102
110 29 3 14
4 121 93 125
93 125 10 60
58 31 91 5
49 71 88 96
111 77 103 101
40 123 83 68
80 17 94 116
69 47 84 16
46 20 51 35
103 101 65 128
19 72 133 45
37 61 6 126
11 57 67 95
134 85 63 22
91 5 21 78
89 54 37 61
67 95 56 7
70 23 73 119
63 22 69 47
99 97 79 109
15 75 24 25
43 27 50 9
122 90 52 132
74 38 110 29
98 127 62 59
133 45 11 57
13 2 100 39
66 64 32 26
10 60 81 42
52 132 49 71
28 92 122 90
33 41 106 112
69 2
28 24
58 2
2 20
10 34
37 58
3 12
23 49
62 28
25 53
59 23
40 38
60 16
63 42
16 63
68 55
7 37
45 64
29 8
65 4
50 44
4 36
46 7
13 61
41 31
43 21
18 3
11 68
66 46
1 9
55 54
6 52
33 14
24 19
20 32
8 67
27 60
57 51
48 5
39 50
49 48
53 18
61 56
35 39
47 66
54 62
64 25
30 15
31 27
34 41
44 30
42 57
36 6
32 35
9 65
67 1
26 69
22 45
15 17
17 10
21 47
5 26
56 40
69 33
12 29
38 43
52 13
14 11
51 59
19 22
69 4
79 75 96 101
13 131 50 39
95 38 128 34
74 83 11 46
32 104 68 105
67 82 48 109
100 113 63 73
16 27 53 59
26 61 130 133
124 30 7 99
20 86 71 137
6 8 20 86
55 15 57 135
125 112 23 64
58 87 119 31
49 114 81 110
130 133 116 4
7 99 32 104
1 37 88 24
136 111 127 36
12 52 117 103
57 135 125 112
44 72 107 29
3 25 76 60
98 138 92 97
41 123 6 8
120 94 124 30
40 121 13 131
10 33 12 52
45 93 47 91
23 64 70 2
51 28 44 72
47 91 42 118
85 132 100 113
106 22 89 102
108 21 51 28
18 122 66 77
11 46 1 37
56 9 16 27
17 19 45 93
66 77 126 115
70 2 106 22
84 80 129 78
88 24 49 114
62 43 3 25
116 4 95 38
76 60 134 69
129 78 18 122
68 105 10 33
128 34 67 82
14 35 17 19
90 5 54 65
127 36 98 138
71 137 40 121
134 69 74 83
54 65 108 21
107 29 26 61
53 59 136 111
81 110 79 75
96 101 85 132
89 102 84 80
126 115 120 94
48 109 55 15
92 97 62 43
63 73 58 87
117 103 41 123
119 31 14 35
50 39 56 9
42 118 90 5
66 2
2 16
25 17
66 23
1 22
59 45
14 63
15 20
59 45
50 53
56 54
58 24
5 37
15 20
18 29
10 26
52 35
52 35
50 53
48 31
38 13
11 41
19 4
64 40
18 29
66 23
55 47
56 54
36 44
10 26
34 21
64 40
36 44
39 12
48 31
8 49
34 21
32 65
32 65
8 49
7 28
38 13
61 33
42 57
51 62
11 41
61 33
46 6
27 3
7 28
58 24
39 12
30 43
46 6
9 60
19 4
42 57
55 47
9 60
5 37
51 62
14 63
30 43
25 17
1 22
27 3
2 16
63 2
9 51
42 29
33 48
28 16
26 47
49 10
55 12
4 24
35 38
37 25
10 53
50 56
21 31
62 46
47 42
25 3
39 14
30 35
5 60
34 17
22 43
3 49
32 52
29 32
11 20
46 7
60 34
7 11
13 5
53 54
48 19
1 30
41 2
38 6
59 37
19 57
15 28
58 45
36 40
31 18
20 33
12 41
16 1
44 8
27 62
57 39
17 63
6 4
51 36
52 23
45 61
2 50
18 55
54 15
23 59
40 22
8 9
61 21
24 58
43 26
63 27
14 44
56 13
67 2
7 39
15 22
66 13
24 38
16 60
12 36
54 49
46 5
41 20
11 62
50 33
30 32
10 45
51 16
33 41
55 19
21 14
61 6
31 28
43 65
26 11
49 25
62 56
28 64
52 66
9 2
44 48
57 67
56 37
64 12
53 24
13 8
42 63
22 50
27 51
59 53
63 4
5 17
67 31
37 55
6 54
2 52
3 35
40 42
17 59
18 58
58 29
35 1
65 7
1 61
34 21
39 44
19 3
29 43
20 10
25 27
8 47
47 15
32 9
14 46
48 40
38 30
23 18
45 57
60 23
36 26
4 34
70 4
127 32 103 44
11 98 42 46
55 90 118 2
14 84 106 23
6 63 74 21
110 108 35 121
60 92 58 101
45 135 97 114
94 59 7 19
30 38 8 53
9 128 51 93
67 123 68 120
124 34 107 95
122 17 31 54
111 91 139 36
43 117 47 125
140 61 80 129
94 59 7 19
11 98 42 46
87 119 12 33
27 131 72 16
15 73 69 66
77 86 100 5
112 113 24 62
87 119 12 33
104 76 65 71
43 117 47 125
30 38 8 53
77 86 100 5
9 128 51 93
109 3 133 79
6 63 74 21
20 56 52 29
88 41 40 13
104 76 65 71
57 39 22 1
60 92 58 101
27 131 72 16
124 34 107 95
140 61 80 129
20 56 52 29
25 37 48 83
112 113 24 62
55 90 118 2
109 3 133 79
122 17 31 54
64 132 96 28
130 137 49 85
26 75 99 81
127 32 103 44
134 18 126 89
110 108 35 121
130 137 49 85
64 132 96 28
25 37 48 83
45 135 97 114
26 75 99 81
111 91 139 36
15 73 69 66
4 102 10 70
78 50 138 82
67 123 68 120
78 50 138 82
115 105 116 136
14 84 106 23
4 102 10 70
88 41 40 13
57 39 22 1
134 18 126 89
115 105 116 136
66 5
27 142 156 111 143
88 74 41 129 50
99 150 11 58 44
27 142 156 111 143
65 62 86 165 21
102 72 68 55 45
126 119 54 161 94
159 77 34 92 48
29 42 7 39 125
152 23 113 24 130
88 74 41 129 50
114 31 115 70 4
126 119 54 161 94
133 104 8 87 12
97 51 110 69 149
90 123 100 101 28
20 117 105 14 154
159 77 34 92 48
49 26 71 162 118
98 109 66 151 33
19 67 160 131 56
16 53 57 78 137
63 122 10 37 121
1 35 82 124 89
90 123 100 101 28
152 23 113 24 130
22 2 134 91 64
61 120 140 6 144
99 150 11 58 44
81 147 132 75 36
30 141 80 163 138
43 112 96 145 107
84 157 25 127 76
148 103 9 155 116
139 13 135 108 32
1 35 82 124 89
43 112 96 145 107
81 147 132 75 36
158 79 5 15 83
30 141 80 163 138
29 42 7 39 125
84 157 25 127 76
40 93 52 164 47
49 26 71 162 118
136 60 153 38 128
65 62 86 165 21
148 103 9 155 116
136 60 153 38 128
63 122 10 37 121
114 31 115 70 4
40 93 52 164 47
20 117 105 14 154
139 13 135 108 32
16 53 57 78 137
3 46 95 18 146
22 2 134 91 64
3 46 95 18 146
98 109 66 151 33
133 104 8 87 12
61 120 140 6 144
102 72 68 55 45
106 59 17 85 73
106 59 17 85 73
158 79 5 15 83
19 67 160 131 56
97 51 110 69 149
68 4
37 97 19 108
83 80 111 73
124 70 120 8
58 96 5 38
33 75 43 45
131 128 115 99
92 109 79 86
53 71 88 62
16 26 119 48
112 118 32 85
67 101 133 107
136 102 68 47
65 7 89 130
66 93 30 6
37 97 19 108
22 55 91 4
110 14 63 125
39 95 122 56
112 118 32 85
136 102 68 47
76 134 18 121
76 134 18 121
132 117 49 12
1 72 13 17
116 77 74 34
59 10 52 123
67 101 133 107
69 54 64 35
94 57 87 3
116 77 74 34
131 128 115 99
104 20 24 42
83 80 111 73
103 127 2 60
21 25 15 41
11 82 50 90
31 9 23 114
59 10 52 123
126 135 84 27
44 28 40 113
124 70 120 8
104 20 24 42
1 72 13 17
110 14 63 125
16 26 119 48
33 75 43 45
103 127 2 60
53 71 88 62
92 109 79 86
11 82 50 90
21 25 15 41
132 117 49 12
100 106 81 78
100 106 81 78
22 55 91 4
94 57 87 3
31 9 23 114
29 129 51 46
65 7 89 130
61 105 36 98
126 135 84 27
29 129 51 46
61 105 36 98
69 54 64 35
39 95 122 56
66 93 30 6
44 28 40 113
58 96 5 38
65 2
37 27
44 31
45 33
7 54
32 6
14 2
59 11
21 60
50 42
39 37
52 32
25 55
41 30
35 4
13 9
17 43
2 18
61 39
47 3
53 17
26 35
3 46
36 45
43 44
6 51
11 57
62 34
28 56
33 48
51 21
24 61
15 19
4 62
63 24
30 64
55 5
42 15
60 10
12 38
46 14
57 23
40 58
16 8
9 7
23 50
58 52
34 13
31 63
65 20
5 26
8 36
18 53
49 1
54 41
38 59
1 12
20 22
48 49
64 40
19 28
10 29
27 16
56 25
22 47
29 65
70 4
50 57 116 90
100 5 111 42
75 79 54 103
61 77 38 107
50 57 116 90
75 79 54 103
69 73 44 39
29 110 71 30
32 129 85 86
17 130 25 13
24 136 123 96
49 91 95 53
37 67 84 113
56 23 55 7
106 65 92 125
29 110 71 30
61 77 38 107
78 68 93 21
94 48 4 34
83 22 41 127
83 22 41 127
31 105 70 10
32 129 85 86
69 73 44 39
102 43 19 33
137 139 27 112
94 48 4 34
46 108 82 126
132 3 97 104
138 99 124 62
133 134 15 9
74 87 98 119
51 58 66 101
140 1 40 120
118 64 2 128
56 23 55 7
137 139 27 112
37 67 84 113
47 45 89 18
51 58 66 101
102 43 19 33
8 114 80 59
11 81 115 117
74 87 98 119
78 68 93 21
6 88 122 28
11 81 115 117
100 5 111 42
8 114 80 59
60 16 135 26
140 1 40 120
14 63 35 36
106 65 92 125
49 91 95 53
31 105 70 10
47 45 89 18
6 88 122 28
14 63 35 36
132 3 97 104
24 136 123 96
133 134 15 9
72 52 121 20
72 52 121 20
46 108 82 126
138 99 124 62
60 16 135 26
118 64 2 128
17 130 25 13
131 12 109 76
131 12 109 76
64 5
62 125 24 116 4
8 107 157 150 10
21 41 31 40 77
79 94 76 48 28
79 94 76 48 28
86 111 13 35 102
58 97 39 3 30
43 109 87 127 104
20 93 90 49 17
86 111 13 35 102
62 125 24 116 4
133 2 112 106 114
147 32 23 11 96
26 56 44 120 91
65 37 82 27 159
43 109 87 127 104
50 121 68 126 144
20 93 90 49 17
153 137 143 54 72
132 9 148 59 52
152 99 85 110 154
36 129 29 113 155
80 47 92 81 140
36 129 29 113 155
138 149 22 42 128
136 7 38 142 19
153 137 143 54 72
18 139 69 151 123
65 37 82 27 159
132 9 148 59 52
12 14 51 57 134
33 16 119 46 15
8 107 157 150 10
133 2 112 106 114
156 78 74 53 63
55 64 34 73 100
135 67 101 1 66
98 158 61 6 141
156 78 74 53 63
50 121 68 126 144
45 25 83 130 131
26 56 44 120 91
138 149 22 42 128
33 16 119 46 15
136 7 38 142 19
84 60 105 103 89
117 160 5 145 118
80 47 92 81 140
117 160 5 145 118
152 99 85 110 154
122 71 75 70 88
95 115 146 108 124
98 158 61 6 141
21 41 31 40 77
147 32 23 11 96
55 64 34 73 100
95 115 146 108 124
18 139 69 151 123
12 14 51 57 134
45 25 83 130 131
58 97 39 3 30
122 71 75 70 88
135 67 101 1 66
84 60 105 103 89
68 4
117 13 101 59
38 68 130 89
28 69 34 14
17 120 129 8
7 131 84 9
57 98 109 118
11 12 19 50
127 63 80 103
110 115 42 119
123 91 79 3
48 132 134 92
17 120 129 8
7 131 84 9
29 20 22 99
33 72 122 67
133 73 112 56
78 95 70 31
114 106 113 58
83 94 74 55
16 82 41 23
10 136 100 111
125 104 52 90
43 24 36 25
117 13 101 59
49 39 108 105
102 62 26 47
78 95 70 31
45 6 5 66
135 128 96 51
102 62 26 47
64 60 85 116
121 46 124 44
48 132 134 92
127 63 80 103
2 61 93 65
43 24 36 25
11 12 19 50
40 30 87 81
2 61 93 65
126 77 21 27
125 104 52 90
49 39 108 105
121 46 124 44
83 94 74 55
32 1 37 86
35 53 107 75
32 1 37 86
123 91 79 3
133 73 112 56
110 115 42 119
10 136 100 111
64 60 85 116
57 98 109 118
29 20 22 99
4 88 54 97
76 15 71 18
16 82 41 23
135 128 96 51
28 69 34 14
33 72 122 67
76 15 71 18
35 53 107 75
38 68 130 89
40 30 87 81
45 6 5 66
4 88 54 97
114 106 113 58
126 77 21 27
61 2
25 38
33 30
3 44
32 2
37 19
60 52
52 53
6 60
31 42
47 9
17 11
36 4
42 17
50 28
46 54
29 45
10 31
58 46
45 40
55 59
16 43
51 20
35 24
54 12
18 56
38 7
48 6
61 18
20 8
26 14
30 27
34 5
8 35
9 34
39 48
40 26
43 22
21 61
57 21
24 57
15 36
12 16
11 47
19 39
41 32
5 55
4 41
13 50
28 37
59 13
7 23
56 10
49 33
2 49
14 3
53 15
27 1
1 58
44 25
23 51
22 29
64 3
56 92 94
96 1 22
32 57 25
48 83 78
28 46 53
84 61 27
21 59 11
20 74 60
18 54 64
65 72 38
28 46 53
4 44 6
62 70 39
49 89 91
62 70 39
81 51 9
42 50 66
52 5 67
73 88 34
79 10 15
49 89 91
58 7 43
84 61 27
30 77 2
52 5 67
12 26 63
14 33 82
76 13 24
3 17 40
20 74 60
36 90 23
4 44 6
45 47 41
93 87 69
35 68 85
76 13 24
93 87 69
37 29 95
58 7 43
42 50 66
35 68 85
37 29 95
96 1 22
55 80 75
48 83 78
19 71 16
30 77 2
36 90 23
18 54 64
86 8 31
3 17 40
86 8 31
73 88 34
32 57 25
12 26 63
21 59 11
65 72 38
79 10 15
19 71 16
81 51 9
56 92 94
55 80 75
45 47 41
14 33 82
67 4
103 131 104 27
134 130 22 113
17 54 9 88
1 95 42 81
40 3 98 59
100 127 2 13
34 8 36 112
118 71 58 56
119 84 67 129
63 33 31 117
90 94 82 16
31 117 28 92
128 101 109 48
38 14 89 41
98 59 115 133
55 123 53 12
47 60 120 74
126 62 66 51
82 16 78 49
67 129 47 60
107 73 83 76
61 18 80 106
45 110 4 75
105 116 103 131
36 112 23 114
19 102 100 127
85 96 61 18
2 13 46 122
66 51 19 102
29 99 132 57
52 108 30 93
97 72 40 3
109 48 69 79
4 75 97 72
91 77 26 39
15 111 91 77
53 12 105 116
9 88 29 99
42 81 17 54
24 43 35 87
28 92 125 44
35 87 1 95
69 79 37 65
83 76 134 130
70 121 52 108
68 25 45 110
11 5 68 25
21 10 126 62
23 114 118 71
46 122 11 5
132 57 128 101
30 93 15 111
125 44 55 123
58 56 7 124
37 65 21 10
6 50 32 86
78 49 20 64
104 27 70 121
80 106 90 94
26 39 107 73
22 113 24 43
32 86 63 33
7 124 6 50
20 64 119 84
115 133 85 96
120 74 38 14
89 41 34 8
66 3
83 67 9
41 72 53
62 27 7
38 84 17
65 74 1
51 49 45
38 84 17
40 19 39
6 55 85
20 70 4
94 34 13
37 87 76
22 50 96
73 18 12
37 87 76
58 32 89
8 14 60
51 49 45
10 29 16
88 28 82
63 98 35
22 50 96
93 59 3
97 31 36
25 95 61
64 43 56
73 18 12
20 70 4
64 43 56
86 57 91
88 28 82
79 99 11
25 95 61
52 71 33
10 29 16
15 68 66
48 80 42
40 19 39
2 77 75
23 92 30
94 34 13
26 81 47
63 98 35
44 5 24
23 92 30
83 67 9
2 77 75
86 57 91
46 78 69
97 31 36
41 72 53
79 99 11
58 32 89
44 5 24
15 68 66
62 27 7
6 55 85
93 59 3
90 21 54
46 78 69
8 14 60
52 71 33
26 81 47
90 21 54
65 74 1
48 80 42
65 4
36 79 87 121
96 53 27 129
44 88 25 1
7 71 2 20
120 29 116 10
5 70 11 94
43 4 19 118
72 92 40 86
100 6 55 95
61 90 111 26
106 54 124 59
40 86 108 117
83 31 46 112
15 91 13 99
47 77 42 105
34 128 21 127
23 85 44 88
97 84 72 92
73 35 106 54
16 76 64 30
124 59 61 90
116 10 37 60
22 107 81 122
64 30 83 31
13 99 89 57
87 121 18 49
9 68 47 77
27 129 28 123
69 109 17 98
63 3 16 76
111 26 24 51
19 118 126 82
38 125 63 3
12 74 120 29
2 20 78 65
21 127 33 66
17 98 96 53
37 60 115 67
32 41 50 93
89 57 12 74
81 122 15 91
55 95 73 35
115 67 5 70
78 65 97 84
45 58 8 103
11 94 45 58
28 123 14 56
101 110 23 85
46 112 69 109
130 102 38 125
108 117 114 39
33 66 22 107
113 119 32 41
14 56 34 128
8 103 113 119
52 62 80 48
126 82 100 6
24 51 36 79
80 48 7 71
18 49 9 68
50 93 101 110
104 75 130 102
114 39 104 75
25 1 43 4
42 105 52 62
66 3
67 94 93
10 23 58
1 24 41
53 31 16
13 75 68
67 94 93
53 31 16
9 70 42
18 36 96
85 37 50
14 81 29
97 15 8
65 90 38
44 19 91
89 64 79
34 86 76
9 70 42
77 55 60
84 25 56
71 33 51
2 11 49
1 24 41
13 75 68
39 43 5
21 22 12
48 32 78
85 37 50
52 3 74
48 32 78
69 30 17
62 95 35
2 11 49
46 88 40
89 64 79
87 66 98
26 47 80
71 33 51
6 82 45
83 72 4
34 86 76
62 95 35
46 88 40
99 59 63
14 81 29
28 20 92
18 36 96
84 25 56
10 23 58
87 66 98
6 82 45
52 3 74
44 19 91
77 55 60
57 61 7
26 47 80
97 15 8
39 43 5
69 30 17
54 73 27
57 61 7
28 20 92
54 73 27
65 90 38
83 72 4
21 22 12
99 59 63
66 3
53 94 93
42 79 36
62 49 33
1 25 10
51 82 73
46 87 22
70 81 16
1 25 10
6 86 38
13 95 63
2 66 11
13 95 63
50 41 60
75 67 21
47 23 65
6 86 38
15 5 30
51 82 73
76 56 69
90 40 9
28 18 98
55 37 31
75 67 21
15 5 30
85 64 80
24 83 71
55 37 31
61 77 19
43 96 84
88 54 12
48 89 26
4 99 92
91 29 35
61 77 19
59 32 52
2 66 11
48 89 26
74 20 8
43 96 84
88 54 12
34 57 72
76 56 69
7 44 68
70 81 16
14 17 27
53 94 93
90 40 9
7 44 68
62 49 33
50 41 60
34 57 72
14 17 27
47 23 65
4 99 92
59 32 52
28 18 98
91 29 35
39 3 97
85 64 80
42 79 36
39 3 97
58 45 78
24 83 71
58 45 78
46 87 22
74 20 8
64 5
10 70 54 14 3
68 90 60 150 118
55 57 86 6 62
77 93 94 100 102
133 152 19 76 105
63 115 157 31 160
149 43 89 113 95
121 91 132 4 137
123 40 114 49 44
20 81 26 146 47
45 97 9 122 36
108 107 78 22 46
149 43 89 113 95
72 27 144 80 156
39 138 117 61 64
39 138 117 61 64
7 83 92 101 53
126 33 48 145 141
99 104 23 30 17
79 8 120 74 2
106 116 112 5 51
130 42 25 50 134
136 155 125 59 24
63 115 157 31 160
126 33 48 145 141
133 152 19 76 105
143 158 58 1 73
136 155 125 59 24
148 69 35 85 12
108 107 78 22 46
38 124 127 21 98
68 90 60 150 118
71 153 65 56 140
7 83 92 101 53
142 37 29 66 16
139 84 52 154 15
119 128 32 34 159
106 116 112 5 51
130 42 25 50 134
71 153 65 56 140
123 40 114 49 44
121 91 132 4 137
79 8 120 74 2
109 67 110 129 103
28 96 82 147 75
148 69 35 85 12
109 67 110 129 103
38 124 127 21 98
139 84 52 154 15
88 151 87 41 18
135 131 111 11 13
99 104 23 30 17
143 158 58 1 73
72 27 144 80 156
77 93 94 100 102
135 131 111 11 13
119 128 32 34 159
142 37 29 66 16
45 97 9 122 36
10 70 54 14 3
28 96 82 147 75
20 81 26 146 47
88 151 87 41 18
55 57 86 6 62
68 3
77 38 89
22 52 28
85 29 78
98 55 61
101 63 62
101 63 62
42 40 45
60 100 3
48 30 37
19 59 68
34 93 6
48 30 37
50 57 58
2 4 9
2 4 9
31 54 11
64 16 90
27 24 33
21 18 91
87 88 86
56 96 65
77 38 89
21 18 91
20 5 1
56 96 65
42 40 45
73 80 92
7 49 32
71 79 75
85 29 78
44 74 43
83 95 47
35 46 17
34 93 6
99 25 82
22 52 28
10 67 13
72 14 8
20 5 1
31 54 11
53 23 84
71 79 75
83 95 47
35 46 17
12 51 69
66 15 76
70 39 81
98 55 61
44 74 43
19 59 68
36 94 102
60 100 3
73 80 92
26 41 97
87 88 86
53 23 84
7 49 32
50 57 58
26 41 97
70 39 81
66 15 76
99 25 82
10 67 13
12 51 69
72 14 8
27 24 33
36 94 102
64 16 90
65 2
39 61
22 33
35 10
26 45
40 29
49 34
38 31
11 37
32 50
18 30
64 35
63 24
61 27
1 52
4 64
9 2
53 58
14 57
55 40
59 46
25 3
33 5
16 28
13 25
47 63
27 62
23 59
50 8
29 23
6 32
10 36
44 56
54 1
34 48
15 20
56 54
24 39
2 11
42 21
51 53
58 49
48 15
3 18
46 42
30 6
12 65
45 16
7 60
31 44
21 47
62 7
41 13
37 4
65 51
20 22
17 14
19 26
43 17
57 12
60 38
36 43
52 19
8 55
5 41
28 9
69 2
69 51
17 56
14 67
40 63
44 49
43 62
68 6
3 16
7 60
41 43
67 37
60 10
29 19
38 58
57 59
36 3
32 9
19 4
66 13
46 45
56 21
55 41
50 64
25 33
27 23
8 1
47 66
9 68
65 31
18 26
42 28
10 14
49 52
39 20
6 5
23 30
1 32
54 40
2 15
37 54
20 38
28 50
59 35
64 53
12 17
35 39
33 27
22 46
31 36
4 61
30 11
21 48
15 57
34 12
48 42
61 2
24 18
11 8
51 29
58 34
5 65
16 44
26 69
63 25
52 22
53 7
45 47
62 24
13 55
66 4
20 53 29 48
28 65 18 81
54 72 116 119
78 5 27 102
28 65 18 81
111 74 22 107
122 1 118 56
128 77 90 47
83 50 24 52
32 124 12 70
55 62 108 21
103 61 15 93
38 14 41 16
128 77 90 47
39 42 113 59
83 50 24 52
44 123 43 98
76 13 26 63
120 7 110 131
126 105 51 96
67 49 94 66
11 79 6 117
129 106 19 58
34 101 97 112
75 100 95 33
30 25 35 127
82 36 57 60
44 123 43 98
34 101 97 112
23 86 91 99
54 72 116 119
130 125 68 109
89 85 9 114
122 1 118 56
76 13 26 63
82 36 57 60
78 5 27 102
37 40 80 4
45 73 121 92
10 71 2 8
30 25 35 127
64 3 84 17
45 73 121 92
111 74 22 107
130 125 68 109
55 62 108 21
64 3 84 17
75 100 95 33
89 85 9 114
38 14 41 16
11 79 6 117
132 46 69 31
20 53 29 48
23 86 91 99
37 40 80 4
115 104 88 87
10 71 2 8
115 104 88 87
32 124 12 70
103 61 15 93
132 46 69 31
120 7 110 131
129 106 19 58
126 105 51 96
67 49 94 66
39 42 113 59
66 2
15 49
57 9
62 17
26 11
22 20
51 46
37 65
58 24
7 63
48 13
59 19
37 65
33 18
35 44
6 3
7 63
57 9
48 13
8 4
25 39
5 47
21 28
29 64
35 44
29 64
52 42
54 23
14 55
26 11
43 50
31 10
14 55
43 50
12 45
38 36
53 34
6 3
12 45
27 2
30 16
59 19
33 18
62 17
53 34
40 1
32 56
32 56
25 39
52 42
30 16
27 2
40 1
8 4
31 10
60 41
21 28
5 47
54 23
61 66
51 46
58 24
60 41
22 20
38 36
15 49
61 66
61 4
102 40 42 98
81 103 90 26
5 34 55 94
9 111 62 73
119 25 13 16
35 53 23 121
23 121 22 1
117 6 44 57
90 26 59 100
116 37 29 27
4 75 119 25
99 21 77 82
77 82 46 65
68 71 117 6
46 65 52 80
3 50 85 115
105 39 14 108
14 108 120 36
59 100 104 17
42 98 3 50
33 20 68 71
120 36 15 87
78 31 110 49
110 49 113 72
109 63 2 88
113 72 91 76
104 17 83 19
13 16 35 53
101 74 69 92
69 92 28 79
86 48 114 8
52 80 97 58
84 41 61 64
93 51 84 41
55 94 18 24
29 27 89 54
114 8 11 7
97 58 60 70
112 32 109 63
66 106 93 51
2 88 5 34
60 70 116 37
38 56 81 103
107 12 99 21
11 7 78 31
91 76 107 12
28 79 102 40
15 87 112 32
22 1 118 67
89 54 43 95
10 45 9 111
18 24 30 96
61 64 10 45
43 95 66 106
122 47 4 75
44 57 105 39
62 73 38 56
85 115 122 47
118 67 86 48
83 19 33 20
30 96 101 74
63 4
65 6 102 19
30 20 25 108
120 10 96 82
52 99 79 117
71 101 100 2
96 82 9 13
118 111 44 58
34 38 88 5
39 61 90 16
102 19 39 61
115 55 89 116
77 53 30 20
87 83 77 53
90 16 42 72
7 31 41 123
98 66 11 73
124 45 37 74
37 74 23 70
86 56 26 80
88 5 71 101
104 105 32 113
78 57 106 3
79 117 75 76
35 4 51 50
54 17 121 85
9 13 33 92
91 18 69 67
84 60 8 97
33 92 115 55
64 21 126 22
106 3 124 45
44 58 34 38
107 93 1 119
51 50 95 103
24 15 104 105
42 72 91 18
95 103 54 17
125 28 114 49
100 2 107 93
8 97 52 99
29 36 87 83
26 80 118 111
109 81 125 28
40 63 27 59
1 119 35 4
62 14 120 10
121 85 62 14
69 67 12 112
110 46 78 57
122 68 64 21
126 22 29 36
114 49 86 56
75 76 122 68
32 113 7 31
23 70 47 94
47 94 65 6
25 108 43 48
89 116 98 66
27 59 110 46
43 48 24 15
12 112 109 81
11 73 84 60
41 123 40 63
62 3
39 9 76
72 68 41
12 32 64
16 85 91
77 42 14
77 42 14
17 43 65
16 85 91
26 70 30
3 59 62
6 73 40
80 11 81
12 32 64
56 5 89
58 53 46
50 66 57
22 83 93
74 35 69
84 27 10
80 11 81
15 4 20
23 60 86
13 29 19
75 71 51
17 43 65
79 7 92
13 29 19
45 2 33
79 7 92
48 78 38
6 73 40
61 54 37
8 18 52
3 59 62
56 5 89
87 21 88
61 54 37
31 25 90
48 78 38
87 21 88
15 4 20
75 71 51
34 82 24
39 9 76
72 68 41
23 60 86
1 67 55
1 67 55
44 28 63
26 70 30
8 18 52
34 82 24
74 35 69
47 49 36
44 28 63
31 25 90
45 2 33
50 66 57
58 53 46
47 49 36
22 83 93
84 27 10
62 4
46 48 36 35
54 99 4 38
2 60 24 6
114 83 43 81
14 53 29 59
122 39 65 124
14 53 29 59
25 64 95 21
1 16 40 121
61 42 62 63
72 79 44 123
98 88 85 8
116 11 78 115
18 70 9 67
25 64 95 21
49 76 20 37
55 103 30 66
102 89 104 84
49 76 20 37
47 56 31 94
47 56 31 94
117 3 110 12
102 89 104 84
71 90 22 86
98 88 85 8
5 120 32 105
28 17 119 34
51 69 106 75
57 50 33 73
28 17 119 34
107 68 80 27
26 41 19 87
57 50 33 73
7 101 113 93
26 41 19 87
5 120 32 105
7 101 113 93
117 3 110 12
58 52 96 77
18 70 9 67
92 13 111 82
112 15 23 97
54 99 4 38
51 69 106 75
46 48 36 35
116 11 78 115
61 42 62 63
118 45 10 109
118 45 10 109
72 79 44 123
1 16 40 121
55 103 30 66
114 83 43 81
92 13 111 82
58 52 96 77
2 60 24 6
108 91 100 74
112 15 23 97
107 68 80 27
122 39 65 124
108 91 100 74
71 90 22 86
68 3
95 32 22
6 29 101
87 70 37
75 31 15
96 59 41
1 86 51
13 5 76
64 100 14
30 10 50
3 56 21
93 97 74
7 88 46
66 79 77
6 29 101
30 10 50
36 49 54
19 12 61
83 63 40
96 59 41
52 20 57
68 102 23
1 86 51
99 4 53
81 33 2
80 8 94
85 42 65
60 92 71
47 16 69
36 49 54
35 98 11
81 33 2
19 12 61
44 18 28
75 31 15
72 89 90
84 73 82
95 32 22
64 100 14
45 9 43
44 18 28
87 70 37
24 78 38
7 88 46
62 39 58
93 97 74
83 63 40
60 92 71
66 79 77
3 56 21
27 48 25
17 34 91
62 39 58
13 5 76
27 48 25
68 102 23
99 4 53
84 73 82
47 16 69
85 42 65
45 9 43
52 20 57
72 89 90
67 55 26
35 98 11
67 55 26
24 78 38
80 8 94
17 34 91
63 2
28 47
56 2
30 7
14 45
26 40
3 42
46 55
31 61
45 18
62 28
50 38
43 19
36 63
54 22
55 26
44 5
22 62
17 43
12 39
53 9
59 50
21 46
49 23
33 20
6 17
58 48
61 4
29 12
52 54
63 6
51 35
5 29
16 21
40 8
32 36
13 49
8 31
34 33
4 53
38 56
41 58
2 51
39 34
25 1
24 27
9 44
11 10
15 37
47 3
20 24
42 16
60 52
10 25
19 11
18 57
48 59
35 30
37 41
27 13
1 15
7 60
23 14
57 32
66 5
81 85 122 119 26
90 110 86 58 10
112 83 138 24 134
93 44 142 135 30
62 106 27 36 91
18 124 77 38 148
2 53 32 8 48
157 16 97 105 73
82 52 154 165 9
123 1 151 100 56
11 87 139 164 34
104 45 141 79 98
69 64 60 153 161
78 63 70 115 25
112 83 138 24 134
78 63 70 115 25
69 64 60 153 161
20 127 118 31 54
49 163 40 130 88
43 76 149 4 145
35 17 14 114 66
150 160 109 99 39
95 143 140 108 121
43 76 149 4 145
93 44 142 135 30
152 59 156 74 96
75 61 158 111 37
113 5 33 28 155
90 110 86 58 10
84 19 3 41 102
68 92 55 103 13
123 1 151 100 56
104 45 141 79 98
125 50 129 42 137
117 128 133 51 89
113 5 33 28 155
84 19 3 41 102
11 87 139 164 34
18 124 77 38 148
120 6 7 132 144
152 59 156 74 96
81 85 122 119 26
146 131 147 101 46
21 126 72 67 57
107 12 22 162 29
120 6 7 132 144
2 53 32 8 48
75 61 158 111 37
116 159 15 136 94
116 159 15 136 94
82 52 154 165 9
35 17 14 114 66
107 12 22 162 29
49 163 40 130 88
21 126 72 67 57
62 106 27 36 91
150 160 109 99 39
20 127 118 31 54
146 131 147 101 46
68 92 55 103 13
71 80 23 47 65
71 80 23 47 65
157 16 97 105 73
117 128 133 51 89
125 50 129 42 137
95 143 140 108 121
66 3
96 21 6
98 34 38
70 53 26
67 9 49
84 63 35
52 78 10
19 74 75
90 77 3
81 7 56
42 11 41
13 71 88
30 61 97
64 94 76
66 1 58
4 2 93
27 12 73
62 5 17
32 91 99
59 79 37
90 77 3
13 71 88
89 25 23
45 44 31
81 7 56
96 21 6
95 28 54
32 91 99
30 61 97
51 15 87
86 33 22
68 82 14
18 72 8
95 28 54
36 47 48
84 63 35
46 50 60
59 79 37
89 25 23
67 9 49
57 29 83
52 78 10
4 2 93
19 74 75
51 15 87
40 80 43
46 50 60
70 53 26
86 33 22
42 11 41
64 94 76
69 85 24
40 80 43
45 44 31
69 85 24
68 82 14
62 5 17
98 34 38
20 92 16
27 12 73
55 65 39
36 47 48
66 1 58
57 29 83
18 72 8
20 92 16
55 65 39
68 5
146 71 141 7 9
107 4 63 114 133
42 86 37 140 1
131 132 150 170 95
92 102 79 65 56
13 82 122 59 154
60 119 46 15 159
136 167 108 80 157
112 151 162 81 53
16 54 33 101 36
127 91 20 49 103
52 22 78 155 90
51 160 88 130 40
84 126 72 115 100
92 102 79 65 56
111 158 70 14 124
121 147 163 97 17
110 137 153 117 85
25 105 77 62 143
30 11 75 104 165
66 47 128 106 142
35 134 27 18 24
35 134 27 18 24
161 73 139 169 113
45 138 23 58 98
43 5 6 28 99
19 94 116 152 68
156 69 12 87 38
41 50 3 83 135
57 144 61 93 39
168 26 10 109 145
164 44 118 2 96
57 144 61 93 39
146 71 141 7 9
25 105 77 62 143
51 160 88 130 40
127 91 20 49 103
131 132 150 170 95
164 44 118 2 96
110 137 153 117 85
74 89 125 64 166
55 120 123 76 29
107 4 63 114 133
34 148 21 48 32
52 22 78 155 90
111 158 70 14 124
41 50 3 83 135
156 69 12 87 38
13 82 122 59 154
19 94 116 152 68
16 54 33 101 36
149 67 129 8 31
45 138 23 58 98
112 151 162 81 53
74 89 125 64 166
42 86 37 140 1
121 147 163 97 17
84 126 72 115 100
149 67 129 8 31
60 119 46 15 159
136 167 108 80 157
43 5 6 28 99
34 148 21 48 32
66 47 128 106 142
30 11 75 104 165
161 73 139 169 113
168 26 10 109 145
55 120 123 76 29
64 4
15 102 93 122
76 29 20 71
56 12 94 35
112 128 34 74
24 101 58 43
95 7 89 64
83 98 51 19
22 39 114 110
16 30 69 52
15 102 93 122
123 68 25 11
41 86 113 104
124 127 50 59
77 106 27 118
80 49 48 66
28 6 87 84
81 91 5 40
77 106 27 118
96 54 42 55
76 29 20 71
95 7 89 64
18 115 72 45
37 8 61 47
16 30 69 52
111 117 44 120
22 39 114 110
18 115 72 45
21 53 23 70
38 26 125 97
38 26 125 97
57 116 126 65
9 85 99 62
109 82 60 63
124 127 50 59
103 108 78 121
75 2 3 10
37 8 61 47
83 98 51 19
33 79 32 73
81 91 5 40
21 53 23 70
103 108 78 121
107 13 119 31
112 128 34 74
109 82 60 63
17 105 1 100
57 116 126 65
96 54 42 55
33 79 32 73
17 105 1 100
14 67 36 46
24 101 58 43
56 12 94 35
14 67 36 46
28 6 87 84
41 86 113 104
111 117 44 120
75 2 3 10
90 4 92 88
80 49 48 66
9 85 99 62
107 13 119 31
123 68 25 11
90 4 92 88
70 5
44 174 122 21 86
128 169 132 16 153
109 40 83 134 41
171 136 114 68 2
117 18 73 102 10
54 165 8 33 78
106 126 144 142 123
133 130 37 90 100
171 136 114 68 2
138 164 161 143 71
56 22 12 61 137
44 174 122 21 86
108 15 146 98 66
101 42 121 81 47
67 115 6 107 124
166 60 167 103 64
4 58 175 75 85
101 42 121 81 47
25 11 139 129 105
157 30 36 94 17
89 135 158 97 168
117 18 73 102 10
128 169 132 16 153
133 130 37 90 100
125 159 79 110 76
89 135 158 97 168
91 70 112 43 173
19 156 51 116 53
20 77 14 27 52
149 63 119 120 31
5 23 65 24 150
148 34 74 35 95
29 93 46 45 127
67 115 6 107 124
39 38 162 160 170
49 92 87 69 13
111 1 84 55 7
4 58 175 75 85
157 30 36 94 17
111 1 84 55 7
166 60 167 103 64
138 164 161 143 71
29 93 46 45 127
125 159 79 110 76
5 23 65 24 150
151 147 9 154 155
141 32 88 113 131
108 15 146 98 66
91 70 112 43 173
151 147 9 154 155
39 38 162 160 170
48 80 145 140 50
106 126 144 142 123
49 92 87 69 13
25 11 139 129 105
19 156 51 116 53
109 40 83 134 41
59 152 82 163 62
141 32 88 113 131
59 152 82 163 62
57 26 28 118 99
57 26 28 118 99
149 63 119 120 31
148 34 74 35 95
20 77 14 27 52
54 165 8 33 78
3 104 96 72 172
3 104 96 72 172
48 80 145 140 50
56 22 12 61 137
68 4
136 72 83 5
3 11 44 45
96 79 59 1
115 16 35 132
135 105 20 94
55 127 103 26
42 82 17 70
78 49 134 53
2 91 87 34
104 101 123 92
86 111 27 119
9 98 88 18
12 54 116 124
104 101 123 92
81 47 89 37
109 13 29 112
7 108 129 126
102 51 117 130
77 46 25 50
12 54 116 124
41 58 52 133
4 125 110 66
43 31 95 15
136 72 83 5
80 33 62 131
109 13 29 112
135 105 20 94
76 73 120 24
3 11 44 45
81 47 89 37
115 16 35 132
100 128 38 60
9 98 88 18
69 65 64 114
14 61 10 22
74 21 97 68
76 73 120 24
63 23 28 36
122 90 118 32
63 23 28 36
80 33 62 131
121 40 30 107
85 67 106 48
122 90 118 32
55 127 103 26
99 75 93 6
102 51 117 130
42 82 17 70
7 108 129 126
74 21 97 68
100 128 38 60
84 8 56 113
39 71 57 19
86 111 27 119
2 91 87 34
39 71 57 19
84 8 56 113
4 125 110 66
99 75 93 6
43 31 95 15
77 46 25 50
14 61 10 22
69 65 64 114
121 40 30 107
41 58 52 133
85 67 106 48
96 79 59 1
78 49 134 53
64 2
26 36
9 54
40 5
56 23
53 38
39 18
24 47
55 62
7 2
55 62
37 22
63 43
32 14
24 47
7 2
56 23
64 13
30 49
35 1
29 8
34 61
25 12
46 21
44 3
16 4
28 59
45 27
51 31
51 31
28 59
63 43
41 19
45 27
58 6
20 52
58 6
42 33
9 54
26 36
40 5
41 19
25 12
53 38
20 52
32 14
16 4
44 3
60 57
10 11
60 57
46 21
30 49
42 33
10 11
15 17
39 18
37 22
48 50
35 1
64 13
34 61
48 50
29 8
15 17
63 4
49 69 48 113
36 122 11 9
116 114 38 86
76 108 100 28
96 57 30 1
90 27 50 37
18 117 52 4
103 110 6 10
22 78 105 111
16 120 75 23
104 64 16 120
59 102 21 106
26 115 19 67
19 67 96 57
92 112 36 122
54 88 18 117
123 25 85 94
2 33 92 112
65 125 104 64
45 97 107 66
52 4 84 68
30 1 3 74
11 9 24 32
121 5 54 88
43 56 82 95
91 72 45 97
100 28 89 31
47 99 98 12
15 126 35 51
85 94 101 14
48 113 29 8
73 41 93 63
42 58 15 126
82 95 116 114
38 86 65 125
81 71 59 102
89 31 22 78
80 34 91 72
61 70 103 110
40 87 77 109
35 51 43 56
60 17 42 58
84 68 26 115
101 14 76 108
44 124 13 53
118 7 119 83
77 109 60 17
29 8 90 27
6 10 49 69
105 111 2 33
93 63 118 7
24 32 80 34
20 55 47 99
119 83 79 62
107 66 121 5
13 53 40 87
3 74 20 55
50 37 81 71
39 46 44 124
98 12 73 41
21 106 123 25
75 23 61 70
79 62 39 46
61 2
8 44
40 1
48 52
60 11
45 51
9 8
38 17
29 12
28 42
22 60
50 16
25 4
54 47
41 22
3 33
59 45
36 18
12 26
51 40
30 41
18 61
23 31
32 55
39 15
43 57
49 39
16 10
2 38
6 48
37 27
35 5
42 7
14 28
24 2
1 56
15 46
57 3
11 58
4 34
46 37
19 13
7 9
10 32
33 49
47 36
27 20
34 29
17 43
21 30
44 24
56 6
55 54
31 25
26 50
61 21
53 23
20 35
13 53
5 59
52 19
58 14
62 2
2 60
49 21
12 35
33 7
34 19
29 36
44 24
48 43
32 26
53 38
11 58
30 40
49 21
5 20
6 17
28 61
33 7
32 26
50 47
13 10
54 45
16 62
4 51
11 58
8 46
59 22
27 15
59 22
55 18
12 35
2 60
1 9
1 9
6 17
42 3
48 43
27 15
4 51
41 52
30 40
57 31
54 45
14 37
55 18
53 38
44 24
25 39
25 39
5 20
42 3
56 23
29 36
56 23
14 37
57 31
50 47
41 52
13 10
28 61
16 62
34 19
8 46
