2126200080
31441759915
18578251819
39696580706
43118758394
9315061984
11004105077
16167117545
35727237688
20189338116
22765892241
23193398605
3355354514
20783324683
12633826117
2474337942
32318139251
22491895315
26464565443
45745624387
3807088376
5072355846
19590329870
17228402317
18302369084
5851976340
1063699247
15271815142
717421097
26383062686
33436308265
11051929269
4566264997
17280065869
15466088074
47610440886
6189211854
37020136826
4499564154
6004064592
20459214774
31779963062
35246846683
21840977938
18967307738
2251737964
23143592239
36412411584
7952786732
43083293400
822235411
30375604081
16351642720
31485051089
10524837997
20686259088
10669504148
18847222033
6574633135
7006546993
3401438267
26293581377
1591611210
39779461656
7064185104
41558562626
28105662691
21655580495
28267476127
19706429411
39322095537
9904614673
12231824850
22626354845
13802072263
2641860190
13492306675
20765895606
15044233760
31068717154
4747221106
23413012510
32424334320
38681810711
44540256479
36712410483
7205463489
23570110605
39033706666
66375740
6599286037
10537878162
12860360923
28155066654
21420679866
8869813048
37056414224
10552281223
8622206821
38695126795
27141976599
26500233218
16412230129
6179176657
19755373215
3841659365
24825482975
28654196208
7083157523
15265831914
16764335010
23196138391
3481257365
4673380585
20371199013
12127382983
11599278176
27917335186
9902661014
11389248051
18088536556
27313752464
21710857669
34777277164
7504535539
29490226081
18246566036
8085986843
14489177755
28941096317
39554735067
10178137794
40502670
9647048065
19643431826
10423889113
5802040805
24836364716
10286902780
5080030887
20931070567
3370439443
37048982667
32980136396
8047836897
21518368332
18157021160
20865514355
6856708469
36293880289
5840300838
29645111200
30796318851
19727046635
20956146159
16521556569
3933912855
18940219824
11743761817
23963206140
37706726131
8900454098
4528311585
4976284839
278401787
11484611941
17052365478
2045210944
37116756269
9596268925
35936887802
16857131813
1120783640
1172728380
40775460293
26278742050
30314036706
32497654969
27036530131
17722379323
5904894355
5710541784
1273564756
15021882417
42719894085
4717986123
13015381017
6134207077
17644807019
21256089849
5140214857
25925959220
18316438420
19612870441
26141638783
859067245
26469828088
10530094044
29380399057
24473498302
1967070379
40786201668
63958841560
669117407
6962159373
5027463713
14854594415
16962379252
21656735610
47401522104
41338705106
6809016959
7649372319
8293716190
1100937684
40597392077
32542515166
34482503318
7448003812
8621057911
923323777
38172040905
19891528466
51619533456
3076869409
11366314527
20731913927
22342850253
1289049628
20274747181
21808128633
7948147385
764450689
11058704533
29919790332
21518978457
7009257637
6922792723
32045867282
15797648838
21738267525
32714769735
24209127278
32811494856
794923965
24508148185
14285408971
52559404139
19272253256
43833446344
27703862864
5353664121
6714343986
17064413338
62482201694
11137437488
1879982379
1129545183
25020464226
34225027354
1851065207
17781085000
29804978671
771473441
11758033762
24857587822
5589109473
20613997222
6282735391
17629821884
54161915157
34194400709
9375148494
55234617107
1280697623
40260949475
41276426655
27225055846
21394261336
3620781684
213662974
3282053222
16977009812
10630455015
14754824976
6896069188
2344103549
1612738288
21026942072
12255183181
16465342588
16176508836
19781721176
2623785453
5801218155
8531118586
20100345897
262524828
15174887406
26017710645
32372691547
44476527556
17083243230
11517711456
27277591899
78172835372
30621150818
27424705673
316679652
16544450932
948699181
5437192112
31147441486
31636743614
28745453130
24273027639
42047037446
1102273003
39546418563
3494280715
17280104965
16927844482
2682159094
61679864
1900004806
17238044147
11134087977
5727057333
25713943762
3481127226
11552827558
9681717473
8886001849
10508355285
1646965842
29976741158
22541750775
26939221612
25518905497
2183958248
32410006764
20595067419
15286469365
15037163904
22566289484
633673255
33836597373
35371310533
25935661237
39514670494
1441714144
3986481077
9913966779
12263867278
21343749129
14964097018
8327091956
24835906018
15689319995
8763323079
3924935174
43200493242
37147652016
2934822811
13869030983
14345110730
15760732904
37447523164
7936857571
16642218462
30691706749
23011615367
11136772762
4102996059
48033673907
1830668157
10376351417
5582561652
25006956501
1085978897
51813374203
37029794700
56101046690
4409883461
43573124064
12960221451
31090942208
13298408472
18842255287
6223889365
19843250841
33867929878
4793746692
33231226077
1743211517
2776957703
25658365248
7216826749
865339350
18686920811
7179326472
10960155546
14803779789
28850247454
30011204563
52901846910
12199959233
10424094947
18454079926
27438528158
5863356839
32542072670
35846204264
36977192445
35587563589
7778904330
8586189384
33240680141
1002706565
24160843568
36860167118
16967615992
8327875720
20043652564
8806810231
35019679952
18973475503
13688927425
13862017952
8813367583
17483551632
19360434972
1286732650
936839167
21632968026
20832091864
15340314295
8171363190
6390935896
13066722783
14327196153
21578578650
11341074239
13321164433
34964259826
4375328619
5499066208
19416584261
7947426748
31505681353
24747606458
38518328440
12205243133
3290164233
1575845898
48105865677
508810960
27210686860
19880613316
27361037079
12637801311
5614886539
3972832910
7013466028
1636296650
21257202040
1387390580
605753698
18402533285
19422770770
12513265180
1249467572
34671267948
7748374343
2792283329
39698549043
5589398685
33963836418
8942111196
34119467081
60020919168
4098640420
28996887130
20668103300
32557090381
1649370025
11085889186
28769213834
5478649327
10522093082
27663188173
13711984274
17959352293
7618919878
7576552646
38032859037
21872865345
13214234422
22533033715
22146829993
9378675332
6963282778
11335508944
23341133903
12696998457
7846096887
22935432614
31315009583
11922717502
19147129903
24151584866
19635306793
5517139164
18410071774
18238496209
36505256953
21380069925
16225462398
29569267483
15518317275
27378856178
24680575846
5227950216
24579928966
15664756327
1126310058
6036440141
3788994364
7515914370
7187510891
749128312
8223715010
25916045952
3543466250
5098344081
683451853
21642170492
2656238270
26327684928
33684737771
31900003448
13926354835
33133139607
25775844371
33954434775
17895702407
27895934146
12745295491
33157468369
4255582248
25303731781
52525830789
1975727459
22784082489
30172175317
10860966321
3542597703
4786141354
9398549601
8157142657
2610820289
13273382525
814602236
14722722880
21833170591
39358250044
1482444472
50674274924
28901467189
3788200731
19418121010
15723322643
13090582218
21768033238
5452288411
19880191585
28447086437
2605851950
22258934238
11381116724
20174719023
498674992
31732896478
1882921524
41497848224
14646684143
19964899003
5383917103
3719517137
15699066512
817661592
20844378744
18628041253
8581525404
31570873779
20856666958
20438020225
31698515209
34903481304
13459409157
4549517512
2217611145
964139762
24853553858
3962601351
16856312934
6308763640
1664624494
31399853903
2461850411
11771423268
5816677521
10207471943
7045014118
38466737570
6258006833
19134249600
21872243694
25210488506
24893623890
15362232
593842121
1696714737
21470859360
43628148647
11117613595
3739192186
2901942628
10763421401
22984598964
21285802622
31625809707
45588864325
20284386984
5045401507
17957367848
5990337976
1245475509
9522323704
6722850421
3305092593
22788335898
1673756986
12147179881
12281883627
2590096709
5970786748
2570369587
47664891262
36177178323
2328315623
141362928
38634153766
34510360824
17725748660
13946667737
536697570
37356832815
18302981349
5233139690
60683157345
53829744589
2137758955
43469185817
25631530686
57170110200
13128821481
22164375892
9570841441
1171835807
21816723998
8730839853
4920360606
29055955682
40118798136
1864992432
27871803643
15158786181
18541669650
28555630951
800906216
8819830613
20726440771
8320336341
2938873513
19598075493
5380643679
22576915217
25364915407
15426873502
26789230450
3909337617
7673077540
15213027925
23087992806
5381385789
13609533395
10869773130
4763771609
23611173648
1737012539
36816169329
4203679136
24244664419
29668016199
37989334389
26489760261
5436365624
5826246354
4102638473
7661469808
14116440569
34505495365
321944062
30192810697
6328807626
21433165388
4084253895
28786713729
5065843577
160150305
5890312630
19912564350
13324955641
19156501154
3276569814
4959638030
5742524561
40327193204
40056650945
13557195476
8863212220
17726249934
884381400
21947972556
18540461903
10546652764
16079212882
5036614913
33393622210
14959026487
465170273
2884414836
15367392702
47655684203
10802610186
26000233963
20370092938
7717787408
3321802309
787721935
18751508968
23646613787
12116002124
18703915097
16070608813
8726331614
5856709175
22264781907
15740757982
4485099343
39874605187
7822717713
24842566326
15316842073
11006814512
12820119421
8295912986
4702892796
23342298060
12554415402
13403169484
30026769719
6590699266
31115441366
16564452232
35194359203
31124411300
12018777420
3416717560
1618577009
2323770018
6008739638
6939430697
31895871691
17344939274
8441325490
11031535992
2023844764
12530148003
14008295440
4599452430
35360111625
24448121506
24669534883
19725253931
10072729712
20461338771
13666660646
33695254129
30707711323
29504414326
1723058002
26273819351
16539829873
31195485303
30089099560
23566622465
12447413421
3116759034
42348085685
22952309088
32673420843
39311984906
37022975666
26535701914
20990064090
32815194118
49535146003
24443612616
47488345995
18132833274
23474854927
10404474210
18055893437
4670075685
16138104966
14563081624
15261971610
22846848767
25321882799
37388789074
19884927562
1616656588
34800687932
2910958180
48984836178
15296423207
4539096787
9883844271
37162556631
21181630749
12828619621
27174770090
14610899189
11922719054
21832551250
23327602808
45174309954
1832916720
24727167634
18941633879
35097619186
37547191706
6136320941
38888346239
21503175208
16372319830
33741475359
35778893179
10647993436
12097104404
30068797163
5056301000
5857897331
27545315239
22453563397
25369694422
24555288139
142790519
35878532048
9550937210
24525853520
21187758254
65707419509
4855575735
40695561548
36164923096
28633173362
11273002835
1937319657
28303029164
18466823792
34111292931
4868043106
31396648506
9092616731
18675842817
21420554449
964490408
35427588821
8062852914
11440124726
10885487978
24338544909
1848781155
22746168932
12418693403
18602959700
1135615852
26930993472
47772118340
10569381964
4179533852
11553933847
8695774853
28931366004
41963712465
24236050246
37374878996
1467643017
23274299936
32314357326
25286047841
30923986781
24585089504
39089425382
27421921967
20157469289
18654659149
1084028928
4292746858
4337203512
13507528340
8754938546
38348547832
35023635795
21352542746
12323384467
5768343288
26349903814
23009429629
20014652608
24001842955
30637689636
9152730597
9229250750
8254681997
19913716147
15047145616
1785871738
29580841291
2014051435
32244934689
25702429244
8167867347
1124315785
7020468229
19433238848
36040256463
21590120064
8692408081
26083438798
3798396209
4111920484
10116178540
16212839276
15444699258
15189029829
1791298108
4644660151
4148693626
25553662183
22934634424
21721466325
3112558654
14776790511
24056184645
5764292907
24575321180
1579066890
5228499809
4244263965
23432701549
1615829372
34464102782
2777525389
26095947813
34134582225
27764945749
31373810615
7942510000
8012515395
8743497102
11699565392
22653166814
23311323637
32358087243
25356353051
16789818035
17352856107
9085181514
32842340038
19950558038
4812851655
32006310209
4983871986
28293938131
4939166796
2670551476
