4596429083
305380600969
251410108534
138937504818
14342871262
208500334039
141263877891
108872981229
167620025415
20078580328
397172730928
31172149293
239305114869
339230367246
442892781805
284306654487
312276963926
367723482165
35772993820
13276635788
256906621697
74624246332
20316749112
76744802513
29662699861
297767883234
350179093416
185124581930
37332792282
430211451989
313378272550
196598862574
29499029812
182349608493
238488677446
105403924515
383115108688
217234842212
229950732317
1468060414
198103138742
27680608937
118995107460
35609173735
165491331579
585639069324
322459932425
221786845740
147345499347
1849540560
171932880476
53642862743
212603461890
340327673798
403461881369
44513179138
55600539803
114145835702
101509662036
77968422226
89052497520
140876060259
274219029701
148920157370
44780752986
75949939710
15086132578
144035404900
255134784450
39649555148
307370044741
151471927425
63856326791
41197130170
286373596670
9282826602
84374823685
106027164737
86149433865
198409471121
215916193418
130988112113
65267639028
50385423048
457115313038
106182982965
228053238858
42998466191
261891934010
19444153666
47872930750
165107820808
185091885830
70058630115
92295094283
189727796427
346420103508
223856001180
158256802696
426677718768
