10
400 304
9 11 2 7 23 2 1 1 16 1 4 4 3 10 1 1 2 8 4 1 5 1 3 11 2 18 2 3 11 1 7 3 14 12 2 15 1 5 24 2 5 16 13 2 1 8 2 2 34 3 9 11 5 3 11 1 7 1 15 2 13 20 5 3 9 2 6 19 11 5 3 6 13 8 2 9 14 2 12 3 5 8 4 2 16 1 45 18 2 5 16 11 6 14 16 5 9 15 31 8 2 1 8 7 22 8 20 2 5 15 2 2 19 15 9 13 5 29 7 7 8 7 1 9 7 3 9 9 2 11 8 6 1 7 2 2 1 2 10 10 17 13 5 3 10 15 4 1 14 7 8 13 5 4 12 8 10 1 6 18 9 13 6 2 6 1 25 7 7 7 9 18 2 8 17 2 5 40 1 5 5 17 5 1 30 1 5 6 3 4 12 19 15 5 43 18 10 22 1 7 4 30 3 11 5 21 2 14 12 2 11 5 8 1 20 8 6 9 6 3 1 6 5 8 18 4 15 13 6 2 32 23 13 11 19 8 4 3 7 1 9 2 14 9 2 1 9 9 6 1 6 13 9 23 14 1 18 6 9 20 24 9 6 22 21 2 15 8 15 3 2 15 3 12 2 12 7 13 2 2 2 5 12 6 1 13 7 2 8 1 9 8 6 8 2 4 6 8 13 10 18 14 3 13 16 7 4 2 3 2 6 3 5 1 15 7 2 7 7 4 3 7 15 8 32 34 6 11 10 12 38 27 1 10 6 6 2 3 10 8 10 21 2 19 5 25 10 1 8 1 6 2 10 1 6 9 10 9 3 8 15 13 2 15 6 1 4 20 8 13 2 4 6 33 8 24 3 11 46 20 16 7 9 35 11 1 6 10 15 2 3 4 3 6 10 2 2 18 15 17
9 11 2 6 4 1 10 1 1 2 1 4 2 1 1 11 2 18 2 1 11 1 7 3 1 12 2 15 1 5 24 2 1 16 1 2 1 2 34 3 1 3 11 1 3 2 1 20 5 1 9 1 6 1 3 1 8 1 9 1 2 12 3 1 8 2 16 1 45 2 5 16 1 6 1 16 2 8 1 1 8 7 22 8 5 2 2 13 5 29 7 7 8 1 1 9 2 9 1 2 11 1 6 1 7 3 10 3 5 3 10 15 1 1 14 7 3 4 2 10 2 18 2 6 1 25 1 7 1 8 2 5 2 17 1 30 1 5 6 2 12 2 5 2 22 2 4 30 1 11 5 1 2 1 12 1 11 1 1 1 8 2 6 2 6 1 18 4 1 13 6 2 32 2 19 2 4 1 7 1 9 2 14 9 2 1 1 9 1 1 6 3 6 1 20 1 6 1 21 1 15 1 15 3 2 1 3 1 12 3 2 2 1 2 2 4 6 2 10 18 14 2 16 2 3 1 3 1 15 7 2 7 7 4 3 7 1 8 1 34 1 11 10 12 38 27 1 10 6 1 2 3 3 21 2 1 5 25 1 8 1 6 2 10 1 6 9 1 9 3 8 1 13 1 6 1 4 20 8 13 1 6 2 24 3 11 46 20 16 2 35 11 1 6 10 1 3 2 6 10 1 18 1 17
400 284
5 2 2 10 13 11 4 1 20 4 2 11 15 2 7 9 12 18 6 10 14 1 7 3 1 5 13 36 6 6 1 1 20 7 2 3 17 16 9 2 14 11 5 12 2 3 14 8 17 5 11 8 5 3 23 6 19 5 4 30 5 4 12 2 5 2 26 5 5 5 3 7 11 1 1 20 20 6 7 8 14 13 26 5 4 6 5 14 12 43 23 15 5 3 5 9 3 3 6 1 4 5 11 32 2 15 2 25 7 2 1 6 12 2 6 2 6 3 5 3 35 8 3 21 21 20 20 1 3 5 4 3 10 3 1 13 20 2 9 3 6 2 7 17 21 2 7 3 1 1 2 3 36 3 5 16 12 5 11 2 21 27 21 25 3 1 22 12 5 5 25 18 3 2 4 25 7 12 11 12 7 2 22 2 20 3 7 26 10 1 12 16 3 1 15 11 1 5 10 8 20 5 8 9 16 28 9 13 1 1 6 24 14 4 3 1 12 8 5 3 6 5 23 13 42 9 8 3 7 3 3 5 2 8 7 4 9 16 1 24 5 2 5 12 2 4 1 10 13 9 11 3 4 4 12 1 7 17 15 10 5 9 13 8 20 6 13 1 6 22 3 1 6 1 6 3 4 4 5 10 7 3 27 17 17 1 1 1 5 1 12 3 13 6 7 4 3 14 19 2 7 16 11 5 4 19 5 6 17 9 1 20 27 6 2 3 14 6 16 17 1 21 2 1 22 6 12 3 10 12 1 28 18 13 10 6 5 2 4 3 14 17 8 26 11 12 7 18 1 4 3 5 1 9 4 8 13 12 24 5 17 4 11 2 1 4 5 4 7 1 7 3 1 5 20 10 15 16 9 17 9 16 8 29 11 23 10 8 3 19 12 12 7 25 5 1 5 6 19 4
3 11 4 1 20 4 2 11 15 2 2 12 18 1 14 3 1 5 13 1 6 1 1 20 7 2 2 9 2 14 11 1 3 1 8 17 5 2 5 3 23 1 19 1 4 30 5 1 12 2 2 5 5 5 3 2 8 2 5 1 6 1 12 43 1 15 5 2 9 1 3 6 1 4 1 11 32 2 2 25 1 2 1 6 2 6 2 6 3 3 21 21 20 1 1 3 5 4 1 1 2 9 3 11 36 3 1 20 3 2 1 27 1 22 1 5 2 18 3 7 12 1 12 2 22 2 20 3 2 10 1 12 16 1 1 1 11 1 5 3 5 1 16 28 1 1 6 24 1 4 3 1 12 1 5 2 5 2 42 1 3 1 3 3 3 7 2 1 2 2 5 1 2 1 10 2 4 2 7 3 9 13 3 13 1 22 3 1 6 1 4 4 1 10 7 3 1 17 17 1 1 1 12 1 13 6 1 4 3 14 1 2 7 16 1 19 5 1 9 3 14 1 17 1 21 1 1 22 6 1 10 1 1 28 1 13 1 6 1 2 4 3 1 7 18 1 1 3 5 1 2 8 2 24 5 17 1 11 2 1 1 5 2 1 3 1 5 20 1 15 2 8 2 23 10 8 1 12 7 1 1 2 19 4
400 301
21 13 7 20 2 1 6 4 10 30 1 4 4 3 5 3 14 2 1 49 10 4 11 2 5 3 4 2 4 8 5 5 8 2 9 10 1 4 17 2 2 6 9 5 8 4 5 11 6 1 3 3 7 7 3 2 12 3 3 17 13 1 14 7 13 6 5 4 8 8 5 18 4 10 30 3 45 1 2 20 1 24 3 5 40 2 3 9 9 2 3 22 4 11 14 3 1 5 33 8 18 24 10 4 2 5 2 7 10 8 10 5 6 20 21 21 1 12 14 10 7 4 1 16 6 5 15 2 27 2 4 6 2 5 9 3 2 19 37 10 2 38 1 5 6 3 7 2 5 19 5 1 5 14 24 8 4 35 12 19 20 13 6 4 14 2 6 5 1 16 5 6 20 20 12 8 8 7 10 2 5 10 29 9 16 12 2 14 3 3 5 2 7 2 15 3 4 2 2 13 4 5 15 14 2 15 10 3 11 10 5 2 13 10 12 8 2 4 15 1 17 2 15 1 4 4 2 3 7 4 9 5 6 3 3 1 2 2 8 7 11 20 1 3 9 1 19 8 2 28 10 1 5 24 13 1 17 30 11 3 1 6 10 12 2 1 10 2 3 21 6 6 7 7 35 2 11 7 10 10 30 2 16 22 4 1 3 1 26 14 6 6 4 11 1 4 25 3 22 11 13 12 11 4 7 18 5 21 6 13 5 7 23 8 5 24 18 6 13 4 1 19 3 2 2 5 5 2 6 3 4 28 8 7 14 4 3 17 13 7 17 7 6 5 5 1 23 7 1 8 16 9 33 10 9 8 1 9 1 4 15 9 13 13 9 5 9 12 7 8 35 14 1 4 10 13 1 15 1 2 8 15 9 25 24 9 7 6 16 8 4 27 12 4 2 3 4 5 5 11
1 7 20 2 1 6 2 30 1 4 4 2 14 2 1 49 1 4 1 2 5 3 1 4 8 4 10 1 1 17 2 1 6 9 1 6 1 3 3 1 3 1 12 3 3 17 13 1 1 7 13 6 1 4 8 8 2 4 10 30 3 4 1 24 2 40 1 3 9 9 2 3 22 1 11 1 3 1 1 33 1 18 1 2 1 2 1 10 8 1 6 20 21 21 1 1 14 10 7 1 1 2 5 1 2 27 1 6 1 9 3 1 19 3 38 1 6 3 5 19 5 1 5 14 2 4 35 4 6 4 1 2 2 1 16 4 12 1 7 10 2 5 10 1 9 16 1 14 3 7 4 2 2 1 4 2 14 2 1 10 2 5 2 1 8 1 4 15 1 17 1 15 1 4 1 2 3 7 4 9 1 6 3 3 1 2 3 11 20 1 1 9 2 3 2 1 10 1 24 1 1 1 30 1 6 10 12 1 1 3 21 6 6 7 7 2 11 7 1 10 30 1 16 22 2 3 1 26 14 1 6 4 11 1 4 1 3 22 11 3 4 1 6 1 5 7 23 1 24 1 6 13 4 1 19 1 2 2 1 5 2 6 3 2 14 2 17 13 7 1 23 7 1 1 16 9 3 8 1 9 4 13 3 12 7 8 1 14 1 2 1 2 2 1 15 7 8 4 2 2 1
400 303
14 1 2 9 18 3 1 3 1 27 15 14 1 7 11 14 15 8 25 9 3 8 6 25 13 5 19 1 26 5 9 13 2 3 17 2 13 1 11 4 4 3 18 6 9 11 9 19 7 4 3 8 14 10 3 6 7 5 11 3 2 8 1 5 3 1 1 6 2 9 3 4 1 17 5 5 1 6 10 9 4 12 6 2 8 10 9 27 1 2 10 1 14 5 5 7 7 11 9 2 4 4 8 8 3 3 17 8 2 11 6 4 2 2 8 2 13 3 16 9 22 4 11 4 4 15 9 3 13 2 9 1 20 17 1 12 1 1 7 8 6 15 5 4 19 24 4 15 5 2 30 13 10 4 28 2 6 1 1 7 14 2 5 3 2 7 9 5 12 7 8 4 8 11 2 1 4 30 12 7 10 22 21 10 38 12 8 5 8 4 3 1 2 12 3 3 4 3 6 1 4 1 15 24 15 32 4 5 1 8 9 5 48 8 11 8 12 2 16 16 3 1 16 3 12 4 5 19 1 6 12 22 5 1 4 8 6 3 26 8 13 4 1 10 7 1 4 9 5 6 1 8 20 1 29 11 8 7 7 3 23 7 24 6 2 10 1 14 2 2 1 4 2 5 10 29 15 1 2 3 1 27 4 1 26 11 4 4 6 7 9 11 14 2 9 11 31 8 5 2 7 1 8 7 8 3 12 14 1 3 4 2 4 11 9 13 1 8 7 2 6 7 11 5 3 17 1 2 7 14 18 1 2 2 19 2 3 10 5 4 7 22 6 24 2 1 13 16 2 2 4 22 3 7 16 21 7 1 6 1 5 1 19 9 8 4 11 5 13 7 9 14 2 7 6 3 3 2 3 12 4 9 7 13 4 4 7 13 7 13 8 17 27 4 2 5 7 8 6 8
1 1 2 9 18 3 2 1 27 15 14 1 3 25 9 1 6 1 13 5 1 1 26 5 1 13 2 1 17 2 1 1 1 4 1 18 6 9 1 9 3 8 14 10 3 6 4 8 1 1 3 1 1 1 2 9 3 1 1 1 5 5 1 1 10 5 8 10 1 27 2 10 1 14 3 7 1 4 3 3 3 17 1 2 1 4 2 1 8 2 13 3 22 4 2 9 1 13 2 9 1 2 1 12 1 7 8 6 15 5 3 5 3 10 4 28 2 1 1 3 2 5 3 2 2 5 12 7 1 4 8 11 2 1 30 12 1 10 22 21 10 1 12 2 8 5 3 3 1 3 1 1 4 1 15 1 32 4 5 1 5 48 1 11 1 2 1 16 1 12 1 6 12 1 5 1 6 3 1 8 13 2 10 1 1 1 5 6 1 4 11 3 3 1 24 6 2 1 1 1 2 2 1 2 1 1 2 1 1 4 1 26 5 7 1 11 14 2 9 1 31 1 7 1 7 8 3 12 1 3 4 2 4 2 1 1 8 2 2 11 5 1 17 1 2 7 1 18 1 2 2 1 3 2 7 1 6 24 2 1 13 16 1 2 4 2 7 16 21 1 1 1 5 1 9 8 1 11 5 13 1 9 1 2 7 4 3 3 13 4 4 7 13 1 8 1 27 4 2 1 7 8 1
400 291
1 11 5 10 4 8 12 5 11 12 13 4 1 5 6 8 4 13 23 7 27 4 14 7 1 2 27 4 28 4 6 12 12 21 4 7 1 10 8 2 19 1 21 4 7 6 7 18 6 8 15 13 13 6 7 9 9 9 17 3 9 2 1 12 8 7 19 2 17 4 15 17 2 5 11 1 24 42 15 5 5 4 3 8 1 6 1 4 3 18 17 29 4 17 15 11 3 6 8 5 21 11 2 12 28 24 16 2 8 2 16 9 10 2 9 13 20 4 33 11 5 4 6 7 42 10 6 8 9 1 4 1 5 6 14 41 2 10 6 3 13 4 18 17 21 2 4 6 17 8 39 11 13 5 6 1 2 2 2 4 3 9 8 3 11 7 6 15 3 3 7 8 11 25 10 7 6 3 10 4 7 2 3 1 4 5 4 8 42 1 3 14 15 26 5 1 5 3 4 14 6 13 5 4 19 9 6 9 2 2 3 25 7 8 8 3 6 4 2 13 17 4 19 3 15 12 10 9 6 7 5 1 7 10 23 6 2 4 3 2 6 8 5 9 39 4 5 22 9 21 13 5 5 4 3 1 14 3 5 1 13 21 15 9 5 5 2 3 2 4 4 10 6 1 14 12 7 15 1 2 16 5 6 4 5 14 29 15 19 34 2 6 6 14 13 21 7 4 3 1 6 3 8 5 13 21 10 11 7 1 12 20 12 8 10 5 2 29 4 5 9 2 7 3 2 1 6 23 11 25 20 17 20 5 5 15 4 1 8 12 8 4 14 6 5 1 8 1 8 7 4 2 11 16 16 7 7 3 5 14 6 8 14 12 25 1 2 1 1 18 9 5 11 1 2 18 3 5 2 16 1 2 3 15 4 1 1 8 3 9 20 6 7 2 1 16 19 21 9 31
1 11 2 4 8 1 5 11 3 5 1 8 4 13 1 7 1 14 7 1 1 27 2 21 4 2 10 8 1 19 1 4 7 1 7 1 6 8 15 1 13 2 9 9 9 1 3 2 1 1 19 1 17 4 15 1 5 11 1 24 42 15 3 8 1 4 3 18 17 1 17 15 11 1 8 2 11 2 12 1 24 16 2 8 3 9 1 20 4 33 4 7 42 10 6 8 9 1 4 1 3 1 4 18 1 21 2 6 1 39 3 1 2 2 2 1 3 3 11 7 2 8 11 25 10 7 6 3 10 4 1 2 2 4 3 3 14 15 26 5 1 5 2 6 13 5 4 1 9 6 2 2 3 1 7 8 1 6 4 2 17 1 19 3 15 1 10 9 6 7 1 1 7 1 23 1 2 1 3 1 6 1 5 1 39 4 5 4 5 2 3 1 5 1 1 15 4 2 1 4 10 6 1 7 15 1 2 2 6 4 15 1 34 7 1 6 1 21 1 4 1 3 5 7 1 12 20 2 10 5 2 29 1 5 9 5 25 1 17 2 5 15 4 4 4 14 3 8 1 8 1 2 1 16 7 7 1 5 1 6 8 1 12 25 1 2 1 1 18 9 5 11 1 3 4 2 1 15 4 1 1 4 6 1 2 1 16 19 1 9 31
400 316
16 2 6 2 4 9 15 6 2 25 2 9 18 1 3 29 4 12 2 4 10 13 3 10 1 20 2 11 6 11 12 26 17 4 11 5 1 2 2 16 5 17 12 7 11 7 4 14 3 26 4 4 3 5 19 7 2 3 16 18 1 15 6 11 3 3 2 28 8 10 1 11 1 4 8 5 1 14 3 20 11 7 12 1 19 13 3 14 3 2 6 25 6 5 5 12 3 3 2 8 1 10 18 4 1 13 3 6 4 2 4 4 32 49 11 4 3 9 2 7 18 1 17 12 14 3 8 4 10 18 5 3 3 3 2 14 14 14 4 3 9 5 5 2 1 9 2 1 4 4 10 9 1 8 2 2 3 4 1 11 2 9 5 3 2 12 7 10 10 34 19 5 15 2 11 8 3 22 2 5 26 5 22 12 1 1 2 11 5 2 1 20 5 6 2 4 12 7 3 28 6 10 10 14 2 7 3 7 1 7 6 16 6 10 11 19 10 38 14 3 6 19 12 10 4 12 17 12 5 7 9 12 21 4 5 7 11 16 1 31 6 3 9 17 9 13 2 11 1 9 24 2 6 2 6 8 7 27 9 24 6 7 11 1 19 4 4 3 10 24 3 9 19 7 1 7 2 15 8 34 14 4 2 1 17 4 16 15 5 5 19 10 13 4 12 14 13 3 38 18 3 9 12 3 6 2 4 5 4 1 1 1 2 10 30 7 2 10 24 2 1 6 9 8 11 10 17 4 6 11 5 6 4 3 5 8 2 3 1 14 2 5 10 10 12 1 5 1 11 12 2 7 3 6 1 3 2 7 9 9 8 3 3 2 4 2 15 15 3 3 4 3 3 7 2 26 6 3 14 24 1 8 3 17 1 3 5 24 3 3 1 12 22 1 5 10 3 3 14 10
5 9 15 2 25 1 18 1 29 4 12 2 10 13 3 10 1 1 11 6 11 1 26 1 5 1 2 3 12 1 7 1 3 1 4 4 2 19 7 2 1 18 1 15 6 11 2 2 28 8 1 1 11 1 1 8 5 2 20 11 7 12 1 19 1 3 2 2 1 25 2 5 1 3 1 2 1 1 10 18 4 2 2 4 1 49 11 1 3 1 2 1 18 1 1 14 3 8 4 1 18 5 3 1 3 2 2 14 4 3 9 3 9 2 1 4 1 9 1 8 2 1 3 4 1 11 5 3 2 7 10 10 34 1 5 1 2 11 1 22 2 1 26 1 22 12 1 1 1 1 20 1 6 2 2 7 3 28 6 10 10 14 1 7 1 1 6 16 2 19 1 14 3 6 19 12 10 3 12 5 2 12 21 1 5 1 11 16 1 31 2 9 1 9 2 11 1 9 24 2 6 2 6 1 7 27 1 24 1 7 11 1 2 4 3 10 4 1 7 2 15 1 34 2 1 17 1 15 1 5 19 2 12 1 13 3 38 18 3 9 12 3 6 2 4 2 1 1 2 10 30 2 10 24 2 1 6 9 1 10 3 11 5 6 2 8 2 1 2 5 1 10 12 1 1 12 2 1 1 2 7 1 9 8 1 2 4 2 15 15 3 1 4 1 7 1 26 6 3 14 1 1 2 17 1 5 1 3 3 3 1 5 10 1 14 10
400 293
5 4 5 10 1 4 3 8 12 17 5 6 2 17 3 6 1 9 12 41 7 21 17 6 9 3 3 2 35 1 2 8 20 20 1 18 7 1 14 16 3 8 19 17 1 11 8 4 4 14 7 1 6 5 19 9 8 18 6 7 4 16 5 9 6 8 1 5 3 13 25 8 18 9 2 4 7 4 4 7 8 12 12 9 1 5 7 11 11 4 6 1 20 17 11 11 7 10 7 6 7 16 5 2 25 1 6 13 10 6 3 12 15 27 3 16 13 19 15 14 11 4 8 3 3 3 3 2 2 4 4 23 1 8 7 5 1 2 10 36 7 6 13 1 2 6 10 9 2 17 3 7 5 1 15 31 12 8 17 4 4 1 7 8 7 16 3 3 33 21 7 12 3 17 18 4 17 5 4 10 3 7 22 2 7 2 3 7 19 1 11 18 16 21 6 5 2 13 27 21 2 6 14 5 3 17 17 7 8 8 3 1 5 12 10 1 12 12 6 10 3 2 1 1 3 5 10 5 4 20 2 11 7 16 3 1 4 3 13 5 15 1 9 11 7 22 2 3 5 12 5 10 10 19 17 11 2 15 37 8 1 17 10 25 10 4 3 3 9 3 4 6 3 10 21 6 8 13 7 2 11 10 1 25 1 10 2 3 16 1 11 1 7 10 2 6 30 1 9 18 8 5 5 1 1 2 19 10 16 1 7 3 3 7 7 14 12 1 6 20 3 1 2 6 9 3 10 1 15 1 1 6 11 6 4 1 5 20 5 15 10 3 6 7 5 9 4 3 3 1 25 6 39 9 9 12 4 8 11 1 12 11 6 4 7 9 10 1 2 22 2 15 3 8 10 12 3 24 6 2 17 2 4 15 4 16 6 2 7 10 17 14 5 6 2 2 3 3 2 21
5 4 1 8 1 17 5 6 1 17 2 1 2 7 21 17 6 9 3 3 2 35 1 20 1 1 7 1 1 16 3 1 19 1 11 1 4 2 1 6 5 1 9 1 7 1 16 5 1 6 1 1 1 3 13 1 8 1 9 2 3 4 1 8 4 7 4 1 1 11 11 7 1 7 2 2 1 1 6 13 10 1 3 2 27 3 16 13 19 1 11 4 8 3 3 3 3 2 1 4 4 23 1 8 7 5 1 36 1 6 1 6 10 1 3 2 1 1 8 1 4 2 7 1 7 16 3 3 3 17 18 4 1 4 1 3 7 22 1 19 1 11 1 16 21 1 27 21 1 6 1 3 4 1 1 12 10 1 1 12 6 10 1 2 1 1 3 2 4 1 11 7 16 3 1 4 1 13 5 2 9 2 2 3 5 1 5 10 10 1 17 11 2 15 37 8 1 17 1 10 1 3 1 9 1 4 6 3 1 21 3 7 2 11 1 25 1 10 2 3 1 11 1 7 2 6 30 1 9 18 8 5 5 1 1 2 4 3 3 7 1 14 3 1 1 6 1 3 10 3 1 1 6 2 5 3 10 2 4 3 1 39 1 9 1 4 4 7 2 1 1 22 1 15 3 8 1 12 3 1 2 17 2 1 15 4 16 2 2 2 1 3 2
400 303
1 34 2 2 42 6 5 1 3 1 15 3 8 22 5 1 12 12 17 2 16 3 17 42 11 8 7 9 14 3 5 1 1 12 25 4 3 1 5 20 4 22 17 1 7 11 6 19 10 2 25 3 4 2 6 6 6 3 1 5 1 2 2 7 5 1 10 3 42 15 2 8 3 1 1 12 1 9 16 3 20 1 4 5 1 1 1 1 7 12 8 19 17 11 2 1 13 12 10 2 19 6 5 10 6 6 4 1 1 7 1 23 2 2 2 42 1 6 9 3 17 1 6 7 10 6 1 22 17 8 7 23 9 9 6 12 7 17 26 56 4 2 13 4 17 12 8 1 2 15 15 2 23 5 3 10 18 4 15 8 5 2 11 3 9 2 4 20 3 4 15 5 8 7 14 21 27 9 19 15 1 4 13 1 5 1 21 16 2 2 2 8 11 2 3 1 2 8 6 5 13 7 18 7 5 4 26 19 4 14 11 10 1 21 10 11 19 6 2 4 12 5 27 2 1 1 12 2 2 2 3 2 17 1 13 8 19 17 10 22 18 11 2 1 20 27 7 5 27 9 21 7 32 6 10 22 8 7 6 3 9 1 3 1 2 6 3 2 9 7 7 2 13 13 3 15 11 2 1 16 14 8 6 2 6 8 20 3 11 8 20 3 14 7 5 11 45 13 35 18 9 4 12 4 2 1 10 17 19 5 10 5 31 7 15 14 7 2 8 4 18 1 4 2 12 25 4 11 6 4 2 10 6 4 3 10 22 2 4 10 3 2 11 11 29 3 4 11 18 11 3 6 2 7 11 1 6 2 5 10 4 15 1 2 3 3 9 4 13 7 17 6 5 4 11 23 2 19 12 9 3 12 12 1 13 13 5 7 22 5 3 1 2 1 12 5 7 34 14 2
1 34 1 2 42 6 1 1 3 1 2 8 4 17 2 1 42 11 8 7 1 14 3 3 12 25 1 3 1 1 20 4 1 17 1 7 1 19 10 2 25 3 4 2 6 6 6 3 1 5 1 2 2 7 5 1 10 2 2 1 1 12 2 20 1 1 1 2 1 1 12 8 19 17 1 2 1 1 10 2 19 6 2 6 6 1 1 1 42 1 4 6 1 6 1 22 1 8 1 23 2 12 1 26 56 4 1 4 1 1 6 3 1 4 15 8 5 1 11 3 1 2 4 2 5 8 7 1 21 27 1 19 15 3 1 5 1 1 16 2 2 1 11 1 3 1 2 2 5 13 1 18 1 5 1 26 1 4 1 11 10 1 19 6 2 1 12 5 27 1 1 1 12 3 3 1 17 1 13 8 1 17 10 1 11 4 9 1 7 1 8 1 6 1 9 1 2 3 2 9 7 1 13 1 3 4 16 1 6 2 6 8 1 3 1 8 1 14 7 5 1 45 13 1 18 1 4 1 4 2 1 3 10 1 7 1 14 1 4 18 1 4 2 12 25 1 11 1 2 2 4 1 22 1 10 2 11 1 3 1 11 1 11 3 4 1 6 2 2 1 2 9 4 1 7 17 6 1 4 1 23 2 2 9 1 12 12 1 13 1 5 7 2 3 1 2 1 12 1 7 34 14 1
400 310
33 7 24 6 20 1 4 12 11 7 1 11 2 1 5 1 4 29 3 5 9 2 2 1 5 4 10 16 24 3 11 9 13 5 14 7 2 12 10 5 8 1 5 23 24 1 6 10 12 2 21 16 1 13 3 3 23 1 9 6 2 24 30 8 2 3 8 8 7 2 1 6 20 5 7 7 2 1 8 22 26 12 3 2 9 8 9 4 36 3 18 17 7 4 1 2 6 6 9 26 11 6 8 10 5 6 4 2 3 43 5 15 29 8 2 10 2 2 11 20 7 1 9 6 9 4 9 1 6 10 3 1 10 3 3 2 2 3 17 11 4 5 13 7 4 10 32 10 25 1 11 1 8 1 21 1 6 3 16 11 8 1 5 12 14 6 9 5 7 1 5 20 4 4 20 7 5 4 24 7 9 16 12 3 14 4 5 4 10 14 11 13 16 4 1 15 37 5 1 2 11 13 1 28 30 4 2 5 4 5 1 3 8 10 9 7 2 7 9 19 24 5 7 22 15 1 17 16 4 5 2 17 3 6 2 2 4 23 1 9 5 1 7 12 19 3 15 16 29 14 10 2 5 5 15 8 4 11 19 33 1 9 3 10 7 1 12 10 6 5 1 6 6 2 8 13 13 21 2 6 8 3 10 3 15 4 7 2 12 27 18 13 8 11 21 17 2 4 18 6 6 3 4 13 10 11 17 13 3 12 27 27 1 13 16 32 1 2 4 6 21 4 11 10 4 7 10 8 23 1 25 3 11 14 7 14 7 6 2 12 1 12 5 4 13 25 14 13 2 11 12 10 3 29 9 10 3 3 8 4 6 6 6 20 2 1 1 1 12 3 18 6 3 1 8 3 24 9 5 13 2 3 13 9 26 14 6 16 11 2 17 4 3 2 6 14 4 2 18 1
33 6 12 9 29 3 5 9 3 5 1 10 1 24 1 11 1 13 5 1 7 2 12 10 1 8 1 5 23 24 1 6 1 12 1 21 16 1 13 3 1 23 1 9 6 2 1 30 2 3 1 8 7 2 1 6 2 7 7 2 1 22 12 12 3 2 1 8 9 1 3 1 17 2 2 1 6 9 1 6 1 10 1 4 1 3 43 5 1 29 8 1 10 2 1 11 20 7 1 2 9 1 9 1 1 10 1 1 10 3 3 1 2 3 1 11 4 1 13 8 4 10 32 1 11 1 8 1 21 3 16 1 1 5 12 14 6 3 5 3 20 7 1 4 1 7 9 16 1 14 1 5 2 14 11 1 16 2 15 2 1 2 1 13 1 28 30 3 4 1 1 1 8 1 9 1 2 7 1 24 5 7 22 15 1 16 2 17 3 6 2 1 4 23 1 9 1 19 1 15 16 29 2 2 5 1 15 2 11 3 3 1 7 3 5 2 2 1 13 1 2 6 8 7 12 27 18 4 17 2 4 18 1 6 3 4 1 11 17 13 1 12 1 27 4 1 1 4 6 21 1 10 4 7 10 2 1 1 3 2 7 14 1 6 1 12 1 12 5 1 13 2 13 2 1 12 2 29 9 10 6 6 1 2 1 2 12 1 18 6 1 1 4 13 2 1 13 1 26 1 6 16 1 2 1 4 3 1 6 4
400 318
9 7 2 15 7 6 8 7 8 27 2 4 9 9 2 22 9 21 4 4 3 5 8 3 5 9 11 14 1 15 2 7 23 12 4 5 30 3 5 16 15 1 31 4 2 2 9 2 10 8 1 8 22 14 12 2 32 6 3 21 13 14 2 2 8 6 16 46 2 11 4 1 1 17 5 2 7 5 2 13 1 10 7 4 1 3 9 27 25 31 8 1 22 13 9 6 8 6 4 8 10 5 15 5 7 2 21 8 13 8 13 12 10 10 3 39 2 5 2 3 4 1 16 12 1 2 5 9 2 24 15 21 21 1 8 9 37 15 8 3 1 9 1 3 11 13 11 29 6 11 10 6 17 16 27 1 3 2 19 4 1 3 20 21 9 9 5 24 14 1 13 32 12 7 7 5 6 3 1 40 16 1 4 12 16 28 24 1 14 5 7 3 23 17 15 3 7 1 2 17 21 2 5 18 1 40 9 8 11 1 11 2 3 1 6 7 13 3 2 2 13 11 1 19 1 3 14 2 15 8 14 5 3 9 4 9 3 4 7 1 2 5 21 3 10 13 7 9 2 2 28 1 34 2 6 12 2 2 16 4 7 12 1 2 12 10 5 26 24 5 25 28 10 3 3 11 4 20 13 16 4 9 12 3 18 15 23 3 3 13 5 6 3 4 10 7 2 3 4 4 2 1 2 1 3 4 9 17 2 12 8 2 5 5 6 3 1 10 6 3 1 3 4 12 6 8 2 10 16 1 8 13 5 3 16 4 2 8 21 6 4 6 6 25 16 2 1 1 16 23 14 1 5 15 2 14 2 6 15 8 3 15 13 8 4 6 1 23 10 7 21 28 17 11 2 4 8 13 24 15 1 14 4 11 2 1 6 1 3 4 8 3 5 11 10 28 6 11 12 9
1 7 2 15 2 8 1 8 27 1 4 1 2 1 9 21 1 4 3 5 1 3 3 1 1 2 4 30 1 16 15 1 31 4 3 2 1 8 1 8 22 1 12 2 3 1 13 14 2 1 6 16 46 2 1 4 1 1 17 1 2 1 10 5 27 1 31 8 1 22 1 9 6 8 6 4 1 10 1 15 1 7 2 21 1 13 2 10 10 1 39 3 16 1 1 2 1 9 2 1 21 21 1 8 9 1 15 1 1 9 1 1 11 2 11 10 6 17 2 3 1 19 4 1 1 8 21 9 9 5 24 14 1 13 1 12 1 7 5 1 3 1 4 12 16 28 1 1 14 5 1 3 2 3 1 1 1 21 1 18 2 11 1 11 2 3 1 6 7 1 2 1 13 11 1 19 1 14 2 15 8 14 5 3 9 1 9 2 1 2 10 2 9 2 28 1 34 2 6 1 2 2 1 4 7 1 1 2 12 10 1 26 24 5 25 3 3 1 4 2 16 4 9 3 15 23 3 3 2 3 4 10 7 2 3 4 4 2 1 2 2 12 1 2 5 1 3 1 10 6 3 1 3 4 12 6 8 1 1 1 5 2 4 2 1 6 4 6 6 25 16 2 1 1 16 1 14 2 15 1 14 2 15 1 3 15 13 1 4 6 1 23 10 7 21 1 17 11 1 4 8 13 2 1 2 1 6 1 3 1 8 1 5 3 6 1 12 1
