10
400 11
19 8 5 6 7 9 4 4 11 15 19 1 3 1 31 17 4 2 4 2 8 15 6 3 6 24 12 4 1 15 15 3 4 8 10 15 8 1 11 2 3 3 7 15 11 3 15 1 14 5 2 20 29 46 1 3 22 1 3 6 9 11 1 1 6 4 8 6 2 25 2 6 2 6 6 2 4 6 5 11 11 11 1 14 4 10 21 2 3 5 9 2 19 7 7 3 5 25 9 14 10 7 11 1 2 6 8 3 4 5 2 13 9 7 3 2 17 1 6 1 12 7 6 22 23 28 4 21 3 3 7 3 2 3 18 1 21 6 12 32 6 3 6 9 2 2 3 13 10 1 1 34 7 10 3 2 3 16 12 4 3 4 8 2 2 9 7 11 8 3 10 8 8 9 5 22 3 1 22 3 2 2 16 2 7 5 3 8 2 10 1 14 2 27 2 3 2 10 1 5 1 5 6 4 7 3 1 30 16 3 16 5 27 11 20 10 2 19 10 7 14 16 3 1 3 5 4 13 3 4 1 4 3 4 5 13 4 4 1 2 2 16 1 13 19 1 4 8 1 6 10 1 9 5 11 6 3 3 12 55 4 2 5 5 15 12 32 25 2 3 2 11 16 4 8 15 18 7 14 5 15 10 28 8 13 3 22 7 10 4 6 2 7 6 7 11 24 29 1 10 3 1 19 16 6 7 1 8 14 1 16 2 9 12 8 12 11 13 1 6 7 7 23 21 5 8 1 10 2 2 2 3 14 3 14 3 5 8 13 12 14 10 11 13 6 2 1 2 7 21 9 2 5 5 8 3 18 1 2 4 1 6 1 1 28 18 9 2 12 3 1 1 2 10 2 7 9 2 4 6 16 5 16 4 15 12 1 3 2 1 4 1 16 8 3 7 1 3 13 19
85 14 10 187 2 9 12 37 7 9 10
400 20
8 4 22 4 7 20 18 15 6 9 8 3 9 7 13 1 1 11 4 10 12 9 6 9 34 5 29 11 12 6 1 2 1 13 17 1 1 3 10 2 8 3 1 5 16 2 3 11 2 5 7 11 1 8 16 13 17 13 4 20 8 21 6 38 5 11 17 18 3 2 1 1 10 7 7 4 10 9 3 13 4 5 3 2 31 8 3 9 9 16 9 35 1 13 5 5 1 9 4 21 5 15 8 14 5 10 3 2 33 18 10 10 7 8 2 10 5 11 1 2 6 21 2 3 7 5 11 3 8 5 5 3 25 9 7 15 11 4 13 3 4 11 4 1 2 21 32 12 59 16 8 1 1 46 35 1 7 3 2 8 7 6 5 8 18 6 12 10 2 3 7 1 12 3 11 31 10 2 5 5 7 30 10 15 7 9 4 4 1 3 3 14 3 13 14 56 6 3 2 18 29 1 3 5 8 14 25 25 10 2 1 2 20 8 1 3 3 30 14 18 2 11 5 5 5 16 2 11 2 15 7 2 4 3 10 4 31 2 8 2 5 22 3 1 4 31 4 10 5 2 12 7 2 17 8 2 6 4 2 2 4 5 4 17 10 4 7 3 4 2 7 17 3 13 21 5 6 2 6 6 10 15 4 7 17 5 7 24 15 15 2 4 15 25 4 12 4 5 20 3 14 2 4 14 15 13 2 3 24 7 6 4 1 11 29 13 10 12 29 2 12 4 6 22 24 4 4 2 11 8 9 11 11 1 5 24 2 16 22 15 30 2 22 3 1 1 15 8 1 9 2 4 1 8 21 7 8 13 15 2 10 4 5 1 5 12 4 14 10 21 2 12 2 2 8 18 2 1 30 13 3 5 15 8 15 4 5 5 2 4 12 9 7 4 1 1 2 32 11 9
60 17 10 31 8 8 10 53 3 12 20 7 7 6 3 6 13 20 22 15
400 18
6 6 13 2 2 1 16 22 14 9 5 29 3 8 1 7 3 27 1 1 21 11 17 14 9 3 3 5 9 12 1 5 6 19 31 23 8 3 1 3 3 5 19 4 10 12 32 5 3 9 6 2 3 2 3 8 35 6 5 18 6 10 12 6 14 15 5 1 5 5 3 8 10 13 15 16 2 4 8 9 6 13 5 6 9 4 11 8 19 5 2 38 23 1 22 11 3 9 4 5 1 13 15 11 8 12 15 1 7 5 1 20 3 8 7 7 8 1 2 19 16 1 9 5 7 10 12 17 1 7 27 10 16 6 8 7 23 6 9 4 19 6 13 12 12 5 9 16 11 14 21 17 2 10 16 18 30 20 4 8 2 1 14 22 24 27 2 9 14 14 10 10 4 3 21 6 14 9 13 19 5 2 14 10 10 3 2 1 1 3 3 4 7 7 5 3 15 12 8 22 4 27 4 19 15 7 15 3 2 2 2 5 10 2 7 10 23 22 11 1 10 18 7 4 3 3 32 8 5 7 16 6 19 16 3 7 2 2 24 7 9 3 10 8 1 22 23 21 1 17 8 6 22 17 11 32 9 5 6 1 10 25 4 9 3 6 4 17 2 4 6 3 7 1 1 2 16 3 1 4 4 1 8 29 1 8 7 3 2 36 31 10 1 1 1 3 19 14 15 3 16 1 9 4 2 13 13 4 3 1 1 3 13 3 4 2 5 10 11 8 12 11 1 2 14 35 1 12 7 19 6 30 1 10 9 2 10 1 3 8 4 3 3 3 17 13 5 11 3 7 2 19 4 24 6 2 12 12 5 2 6 12 2 8 9 12 8 26 1 8 20 15 6 10 5 19 19 10 6 1 2 3 11 3 10 2 19 28 2 5 9 2 10 5 3 2 15 5 4 8
8 7 3 27 1 1 35 6 15 13 15 11 8 12 43 11 8 19
400 14
4 7 13 17 3 21 3 9 16 16 12 10 5 1 4 20 9 6 17 8 1 12 9 9 8 2 1 2 7 17 8 28 8 5 9 13 2 1 8 4 11 4 5 1 4 10 1 10 1 7 9 2 13 9 3 1 1 21 14 6 2 13 10 3 2 23 11 6 9 19 15 6 31 2 5 8 6 4 20 2 3 4 2 5 3 2 25 10 6 1 7 1 5 3 1 6 11 10 4 2 12 33 8 1 4 2 4 3 1 24 3 11 7 5 1 5 2 2 3 2 16 3 25 2 15 4 1 7 7 2 7 7 6 4 7 5 6 33 14 10 19 14 1 3 19 14 16 4 6 5 34 8 29 14 4 1 15 19 5 4 3 22 16 7 8 5 1 14 13 5 7 1 1 4 2 8 29 2 3 6 4 4 2 18 2 16 6 2 3 2 1 2 15 19 4 1 6 8 9 16 3 21 6 11 1 12 8 2 13 2 11 10 3 12 18 28 1 6 6 17 16 2 9 23 2 4 1 15 6 8 6 12 21 3 8 11 9 6 3 14 6 6 4 6 1 2 2 11 10 8 2 24 6 5 4 32 11 22 16 2 19 9 2 1 15 1 10 5 9 6 16 2 6 28 1 5 15 8 9 10 16 7 8 6 10 5 3 6 15 18 2 8 2 1 1 2 6 2 6 6 11 3 1 4 18 24 31 1 11 7 10 9 26 21 36 8 10 7 15 20 10 6 15 8 1 6 7 2 1 3 11 23 27 15 13 17 11 15 4 8 18 3 1 6 12 1 4 7 6 20 2 15 2 11 2 1 23 7 17 3 4 17 21 13 9 17 3 4 5 4 10 7 15 25 3 3 22 11 2 2 19 2 17 22 10 6 19 2 1 11 36 16 5 3 20 38 4 3 21 1
1 24 3 2 1 3 6 5 40 13 8 10 16 54
400 32
2 13 4 22 2 10 16 2 2 14 5 2 1 14 9 10 7 1 12 13 2 7 1 2 13 2 1 1 12 1 47 1 4 4 5 3 11 8 8 1 2 24 19 5 3 9 7 17 2 10 3 16 5 22 4 13 10 3 9 12 2 10 22 6 24 2 11 2 4 7 9 6 16 17 7 9 2 4 3 5 6 29 1 18 3 5 7 26 10 5 3 3 6 10 37 23 15 5 7 4 5 4 13 10 3 1 9 12 7 17 6 2 3 4 10 2 8 4 17 2 16 2 21 4 2 1 10 12 1 12 2 4 6 1 21 5 5 1 33 34 2 18 11 7 8 3 10 15 3 2 1 3 13 3 14 19 4 9 2 7 13 16 7 23 7 2 2 10 4 15 14 13 1 36 1 6 4 3 9 7 7 3 9 1 1 5 1 2 6 5 6 19 7 10 1 7 6 10 11 4 1 35 7 5 2 17 1 5 5 2 8 12 3 18 6 5 1 14 3 12 3 24 3 11 8 13 3 7 19 5 18 5 6 1 14 6 1 6 4 5 5 2 9 10 17 4 1 1 22 2 5 7 2 14 10 15 15 20 1 15 2 6 4 1 1 2 17 25 14 6 1 3 5 5 4 4 21 1 7 25 14 4 2 7 15 4 16 12 1 2 9 26 8 10 27 1 8 1 2 7 8 4 9 10 2 6 8 1 16 6 1 9 18 6 17 5 2 2 1 25 6 3 1 18 3 12 3 13 8 16 2 3 5 12 5 19 1 8 3 19 1 3 8 5 8 14 9 15 9 4 9 6 6 8 15 1 31 4 1 19 4 9 8 1 4 6 4 3 2 13 2 6 6 5 11 20 3 1 22 5 8 12 2 6 7 12 2 21 1 18 5 18 8 6 2 7 25 25 3 3
2 13 4 10 2 7 1 4 5 1 3 1 10 3 8 50 5 13 2 6 79 4 2 11 9 8 6 6 5 11 20 23
400 39
4 4 6 2 12 1 11 16 3 1 18 18 3 27 5 7 12 1 10 1 2 14 2 13 12 1 15 9 2 2 5 2 4 3 7 4 10 6 15 18 2 2 2 3 16 20 3 3 5 4 2 12 16 8 32 5 4 18 10 21 10 21 10 2 9 11 25 5 3 1 9 13 13 11 5 1 16 20 30 6 38 4 18 2 1 2 3 8 4 6 22 3 2 18 38 18 2 2 4 1 14 5 2 4 3 9 20 5 7 2 1 4 14 1 13 1 7 2 6 3 13 9 10 2 20 17 29 7 3 19 4 20 5 8 2 1 7 9 1 3 11 1 9 4 3 1 2 4 9 2 1 6 3 1 1 2 5 19 1 8 6 2 7 22 2 9 11 14 24 15 3 16 2 7 22 8 5 2 7 5 1 2 8 9 16 8 2 13 1 2 6 3 12 13 2 2 21 9 13 2 8 8 1 11 9 7 7 3 14 5 3 4 9 7 3 1 6 10 8 5 6 4 1 31 16 7 7 14 5 11 7 9 4 5 4 6 21 2 14 18 5 30 25 10 14 11 27 6 2 11 6 12 2 17 3 17 11 31 5 15 8 6 1 11 5 4 16 2 22 6 5 4 10 9 5 1 8 3 11 3 3 4 25 14 14 12 10 4 3 3 8 21 20 19 4 20 4 4 19 2 7 7 1 17 1 1 19 8 4 1 6 3 10 4 2 4 4 2 1 9 20 10 7 5 2 5 17 13 1 23 2 13 1 1 12 2 5 1 10 9 2 2 5 2 4 3 8 17 1 4 6 15 1 14 24 1 2 11 16 15 11 12 23 1 8 2 7 11 5 17 1 5 3 19 7 4 11 30 22 4 2 21 2 1 32 15 6 6 14 1 14 5 13 2 2 8 12 17 2 14
4 4 6 28 7 4 21 5 3 28 1 93 3 17 11 7 16 2 22 13 4 8 1 22 1 10 9 2 2 5 9 5 3 19 7 4 11 30 8
400 27
7 9 4 5 12 18 24 20 1 12 18 13 1 8 10 4 9 8 4 2 3 2 6 2 3 12 30 8 14 6 3 5 1 6 5 3 19 3 23 15 14 9 1 5 3 4 4 16 2 12 6 15 7 12 2 5 14 14 10 12 1 3 23 2 5 1 1 15 9 6 29 1 5 3 2 5 6 6 4 14 8 11 23 10 17 14 18 4 5 26 18 7 2 8 32 9 1 14 16 4 4 16 2 16 1 8 1 21 7 2 3 29 4 7 13 17 39 21 11 1 7 5 7 11 2 13 2 17 5 1 1 8 22 17 7 19 12 15 16 14 13 16 8 3 1 1 3 3 6 3 7 5 4 1 5 4 27 4 11 7 19 6 8 3 7 3 2 4 12 1 9 4 1 1 4 4 10 2 7 1 19 1 8 7 7 14 10 8 1 14 15 12 15 5 17 25 3 12 7 3 2 12 6 3 5 17 25 14 2 1 8 9 16 5 3 21 11 1 3 5 1 3 17 2 1 8 13 4 6 2 28 4 12 14 5 11 16 11 10 3 4 2 25 4 12 2 3 11 11 6 3 38 2 1 9 5 25 1 5 3 5 15 17 6 14 11 7 2 25 23 14 10 5 15 2 6 2 11 2 7 1 12 12 14 7 10 8 1 3 10 6 11 7 2 2 2 5 10 9 10 3 12 24 10 2 13 1 10 8 3 28 17 2 31 6 9 17 5 2 12 4 18 12 5 3 2 4 3 4 9 3 17 15 6 6 11 6 7 2 1 21 4 10 1 3 2 1 8 3 18 14 16 3 18 6 10 6 9 11 11 10 2 10 3 10 16 8 18 1 2 7 6 1 1 10 10 6 21 13 8 29 7 2 12 2 29 5 10 5 14 1 5 1 6 5 23 8 4 19 7
7 9 4 5 12 18 16 18 11 1 5 13 17 39 21 3 17 16 17 25 14 1 21 4 10 14 5
400 23
2 4 15 2 6 3 5 11 12 3 1 2 9 6 5 19 10 9 2 4 7 1 2 21 6 25 15 1 5 20 1 4 6 4 1 9 21 1 6 11 4 24 4 3 12 29 5 3 22 3 4 4 7 2 12 8 16 6 2 17 10 9 10 1 10 12 6 16 1 12 20 1 13 3 3 11 2 15 17 5 2 19 1 2 12 1 24 5 26 11 9 7 6 15 6 5 3 9 20 12 7 35 3 12 2 5 1 5 5 9 8 1 2 1 18 8 9 5 17 6 11 6 2 14 15 3 4 6 12 1 5 5 34 8 16 3 10 7 13 7 5 1 20 13 18 6 16 21 36 13 4 9 10 6 1 4 1 20 10 2 8 11 7 2 7 1 4 11 5 1 1 1 13 13 7 15 10 4 4 2 1 18 35 25 8 4 20 19 1 3 20 10 3 16 4 1 38 17 13 16 16 19 1 4 1 11 2 15 10 15 27 4 28 5 21 2 9 2 13 1 1 3 15 6 19 10 20 23 9 5 3 15 1 3 9 14 1 3 7 2 11 15 4 10 1 2 25 2 8 13 4 8 3 17 13 24 4 9 14 2 16 6 10 6 10 17 4 5 19 20 1 6 8 9 3 32 8 13 14 8 4 3 9 10 7 7 4 6 6 11 5 1 5 15 1 8 1 2 3 27 7 10 9 7 2 7 8 3 25 5 1 6 18 9 12 15 5 2 21 13 5 11 5 18 4 2 5 1 2 2 15 19 21 16 10 4 4 13 3 6 39 8 1 7 10 4 8 1 5 11 1 15 5 40 1 5 1 12 11 20 5 11 11 9 4 4 9 2 2 18 2 3 10 13 5 1 12 13 20 7 5 1 13 11 26 3 7 4 21 3 20 3 2 9 3 1 24 1 7 13
16 3 163 5 1 1 13 10 1 6 2 19 10 45 8 4 3 9 20 2 19 3 6
400 20
13 5 17 2 13 31 15 1 10 13 1 6 4 2 19 7 15 17 6 14 2 15 5 1 2 1 5 8 15 3 1 11 34 5 12 3 25 1 5 1 1 1 2 7 15 11 2 2 10 22 1 9 9 5 5 22 5 12 14 5 9 12 4 5 8 4 4 6 11 10 2 10 7 3 4 12 3 2 5 20 10 3 16 4 22 1 7 2 7 18 21 9 2 8 12 23 2 31 1 5 8 10 16 14 11 15 3 11 1 31 13 1 8 3 9 13 5 2 7 3 3 3 4 4 13 1 3 17 3 8 1 5 17 5 3 3 14 8 11 2 16 2 1 10 17 3 23 26 3 4 8 6 8 15 14 2 6 2 2 8 28 10 9 7 19 8 3 1 14 25 18 8 3 2 6 6 6 16 2 8 8 2 4 11 12 14 3 6 11 8 9 4 7 2 4 11 2 12 2 9 18 1 3 2 18 8 3 9 21 2 1 4 4 9 1 13 9 6 27 13 5 5 17 10 29 10 2 11 13 1 6 10 17 6 8 20 1 8 4 2 9 12 10 3 1 25 10 25 3 15 2 11 1 10 5 1 3 6 1 12 6 4 8 11 28 3 8 6 2 3 8 24 11 6 6 3 11 2 2 18 18 4 14 3 27 22 16 15 5 28 1 17 2 7 8 1 6 2 18 3 5 12 13 5 8 15 7 7 4 4 5 1 2 2 2 9 3 4 8 9 5 9 1 12 7 4 15 5 19 11 12 6 14 9 10 9 10 1 5 3 5 7 2 14 3 2 4 7 9 23 19 12 7 2 10 9 22 9 23 9 29 9 11 4 1 6 10 8 15 1 16 7 10 14 11 2 1 4 14 11 12 3 5 32 1 6 15 16 5 1 9 3 9 12 3 13 3 24 7 16
16 1 5 2 34 5 12 5 1 6 1 5 1 16 2 11 13 1 2 280
400 41
3 6 4 4 5 13 3 1 2 5 15 13 14 26 11 2 4 3 3 4 1 2 1 15 10 5 1 1 2 11 7 2 6 3 2 4 12 1 9 18 4 5 22 16 6 7 2 4 3 7 5 17 13 11 1 5 9 1 2 4 14 3 1 3 1 37 4 14 7 2 13 1 3 10 8 1 12 9 6 1 16 1 4 13 12 11 6 2 9 4 7 3 5 13 11 4 26 13 5 2 22 1 6 13 2 16 3 27 7 12 10 15 11 22 1 4 3 7 1 2 1 10 6 17 1 16 10 6 6 18 22 16 13 9 9 7 3 3 14 4 2 7 4 12 21 22 1 4 24 15 8 6 2 1 4 6 2 5 7 3 6 1 5 15 6 2 18 19 19 19 2 25 11 1 1 15 15 7 18 12 9 6 1 2 8 21 6 5 4 2 34 3 3 30 4 7 5 5 10 2 3 19 1 7 18 5 18 3 16 2 17 8 22 10 4 1 5 3 12 2 7 9 3 28 1 1 16 3 2 11 2 9 5 10 9 5 23 8 15 1 15 13 14 11 2 4 14 2 10 12 2 11 15 4 22 1 4 1 2 12 1 4 5 12 1 4 4 14 4 3 21 10 3 4 2 2 15 10 12 5 10 2 4 8 7 6 5 23 6 2 2 1 2 8 7 20 13 15 4 28 11 20 5 5 3 1 6 4 3 6 7 20 8 1 10 13 6 8 10 6 1 2 1 12 23 24 9 3 27 8 2 2 24 11 7 18 7 14 3 9 10 2 6 12 4 2 12 3 11 5 6 2 2 5 1 6 11 2 4 11 13 1 15 20 6 3 7 4 5 3 6 3 16 5 3 6 1 7 23 1 24 8 13 7 2 7 9 12 7 6 3 9 6 16 6 3 27 20 2 4
3 27 4 5 22 16 1 5 7 4 9 1 10 10 4 6 2 4 1 5 15 6 11 3 3 5 31 8 2 15 1 4 4 2 2 5 15 4 8 2 18
