500
1 1
860667798
860667798
1 1
308433614
2
3 2
522503076 758287878 518711645
518711645 1
2 2
290301471 19524200
2 290301471
1 1
122516769
1
3 2
182757882 860366285 823104648
1 860366285
1 1
147904676
147904676
4 4
106892003 310125925 424854380 122572907
106892003 310125925 424854380 122572907
3 3
642953398 63249703 693048047
642953398 1 693048047
2 2
731899112 500880698
731899112 1
4 4
305719413 947359064 373049312 81651629
305719413 947359064 81651629 81651629
4 3
903871441 273077314 664983996 444748294
903871441 2 444748294
3 3
40147280 23290438 937061129
40147280 1 937061129
3 2
928098129 170323421 666206024
170323421 170323421
3 2
392733165 731987242 267854721
1 267854721
2 2
218072189 618571612
618571612 218072189
4 3
585827392 408724359 834795570 164916229
2 834795570 2
3 3
947816653 457121357 19517793
1 457121357 1
4 2
221923043 168865618 700819782 924217333
221923043 3
4 4
91187208 589418517 509647667 380881935
1 380881935 509647667 1
2 2
829075734 193775643
829075734 2
2 1
116402975 456305495
2
2 2
179962025 577640746
179962025 2
3 2
380390388 865101767 17125738
2 17125738
2 2
900373241 642543422
900373241 642543422
2 2
444783447 940228341
444783447 940228341
2 2
30279190 842117967
30279190 1
4 3
895659755 476238060 180445652 874108376
895659755 476238060 2
2 2
111074008 615251432
111074008 615251432
1 1
877585742
1
2 2
277327424 902423162
1 902423162
3 3
283697243 529133665 269801434
269801434 529133665 283697243
3 3
60675928 631096139 723814454
1 631096139 1
4 2
905696962 701952840 48564655 298327804
3 48564655
3 3
47250715 632902079 836279415
632902079 632902079 1
2 2
300883677 723773112
300883677 723773112
2 2
61419752 912987412
61419752 912987412
3 3
999406577 732958472 977412082
999406577 732958472 977412082
2 1
959029128 647699616
3
2 1
749676456 643367710
2
4 3
675798831 311451051 615441597 963465226
675798831 311451051 2
2 1
713890191 797512421
1
4 3
644255115 757374013 272437985 310967809
644255115 757374013 1
2 2
357495247 805858690
1 805858690
1 1
106116807
106116807
3 1
629299701 390070831 588158063
6
2 1
948444381 347285705
3
1 1
67752096
67752096
3 3
35553972 477063385 709470391
35553972 1 709470391
3 3
769974014 685084067 774036393
769974014 769974014 774036393
4 4
342990955 107341582 120944713 419712731
1 107341582 120944713 1
2 2
464923213 39243953
39243953 39243953
2 2
305654592 164787825
1 164787825
2 1
693659392 712651006
4
1 1
569893485
569893485
3 3
93721468 604560687 417532303
1 604560687 1
2 2
516995204 511324591
2 516995204
3 2
106870896 90381861 850992559
2 850992559
4 4
247064543 918788595 955837032 629681768
2 955837032 2 629681768
2 2
642530624 586117664
642530624 586117664
2 2
985705659 739945471
739945471 739945471
1 1
740180541
740180541
4 2
17804637 716024553 836378117 160524525
4 160524525
2 2
776784754 496573292
776784754 2
3 2
72853953 659998405 198385694
1 198385694
3 3
666470132 355123594 331653790
666470132 2 331653790
3 2
783466835 887404316 622764957
783466835 4
4 2
595364875 620425319 577823142 737656683
595364875 5
4 1
771938197 204411506 778972074 964253470
771938197
1 1
31744413
31744413
1 1
385553823
1
4 3
747734298 786585078 202605206 717444523
747734298 3 717444523
2 2
641339557 848026375
641339557 1
2 2
876199602 334800137
876199602 1
2 2
744832588 760722982
744832588 760722982
2 2
963296997 391427736
963296997 391427736
2 2
240817122 407390109
240817122 1
3 3
122829249 314726188 332864141
1 314726188 332864141
2 2
795313691 364500462
1 364500462
1 1
265319038
265319038
2 2
472381621 834275252
1 834275252
3 3
61162283 839377860 780575186
61162283 1 780575186
1 1
213850438
213850438
2 2
614732839 358062636
614732839 1
1 1
152816203
152816203
3 2
83347846 748086737 219425096
83347846 1
4 4
27059360 499319595 237528283 634052708
1 499319595 237528283 1
2 2
361767372 851401695
361767372 361767372
4 4
498863355 131710483 29403653 67959193
498863355 131710483 1 67959193
4 3
549523013 243879078 833753716 697151234
1 243879078 2
3 3
563245172 868408503 733589161
563245172 868408503 2
3 2
199408710 267676172 845959068
845959068 3
2 1
795303131 532711517
2
4 3
209977512 865761281 534944866 859948084
859948084 865761281 865761281
4 1
132540709 382791135 786689300 800264107
800264107
2 1
666106522 874712599
1
3 2
761860517 355203509 207943950
2 207943950
3 2
700307087 239397129 8921824
2 8921824
3 1
740977454 579180460 402243300
1
3 2
945037134 508885109 204277494
1 945037134
3 1
831220810 459926938 190194076
3
1 1
285634404
285634404
3 3
160174922 648600075 270985562
160174922 270985562 1
2 1
326863118 844886526
326863118
2 2
609729104 566573828
609729104 1
1 1
33125023
33125023
4 2
664645382 96128984 307394618 992384780
96128984 992384780
4 4
28453312 725823024 190029518 256283238
1 725823024 190029518 1
2 2
617146148 57818469
617146148 57818469
2 2
574642430 371827205
574642430 2
3 3
821759188 752638458 609014912
821759188 2 609014912
1 1
430398736
2
1 1
320214251
320214251
4 4
684640063 618082974 922582234 660594558
1 618082974 922582234 660594558
3 3
102984340 385438959 477220358
102984340 1 477220358
1 1
752508812
752508812
4 4
683357911 844691694 872028978 293980905
683357911 844691694 872028978 293980905
2 2
206093294 848925247
206093294 848925247
3 3
561565997 31165122 262493965
561565997 2 262493965
3 1
2992559 488147171 1184595
5
4 4
147094995 743588801 109656193 849843210
1 849843210 1 849843210
2 2
989938247 348987848
989938247 348987848
1 1
410646650
2
1 1
609741715
1
3 1
173294621 374889429 655072581
2
4 1
375322749 690444616 62886303 759071355
2
4 4
699962364 562987002 749837280 307944355
749837280 699962364 1 307944355
1 1
672681545
1
1 1
250114932
1
4 3
464102990 325378107 465986874 327476809
464102990 325378107 2
2 1
930549106 900705234
2
4 2
762435382 740633852 266069687 182335478
2 266069687
3 2
503090730 541512811 195708911
1 503090730
3 3
112204247 574509120 188829236
1 574509120 1
2 2
847727623 776083774
1 776083774
1 1
401344594
401344594
4 4
448467265 419684790 199140974 842354354
448467265 419684790 448467265 2
3 3
709829362 804687535 712610368
709829362 804687535 2
3 2
322143636 837170621 627472453
322143636 3
4 3
47954459 76642410 950152613 176482010
2 950152613 1
2 2
681872788 287122496
287122496 287122496
2 1
576490987 703069810
1
2 1
594549840 476487263
2
3 3
238105125 968001295 227092729
1 968001295 1
3 3
200239459 850234360 151035835
2 200239459 1
4 1
700725831 869195384 780543535 361374750
1
2 2
734194658 409306467
409306467 2
2 2
773820417 229376280
229376280 229376280
4 3
124687236 896369409 441533854 920581305
124687236 896369409 1
2 2
718639172 974029655
718639172 1
2 2
184430791 851523208
1 184430791
1 1
679672171
679672171
2 2
811926573 956543972
811926573 956543972
2 1
22751598 10632301
4
2 1
115371177 748429226
3
1 1
183217402
183217402
1 1
644510884
1
1 1
355464216
355464216
4 4
593751246 884792705 33972639 330402369
593751246 330402369 330402369 1
3 2
739543229 790801961 680800864
739543229 1
1 1
179875088
179875088
1 1
412569234
1
1 1
279403887
2
3 3
798784376 813371280 725503843
798784376 2 798784376
4 3
9088800 268104765 32339916 870020991
32339916 268104765 1
4 4
359228656 808067152 836055559 743734442
359228656 2 836055559 1
3 2
342703530 423025284 17758026
1 17758026
3 1
250234376 567337156 950231034
6
1 1
651268669
1
3 1
528278408 759777294 822837772
3
2 1
343554634 5921622
343554634
4 4
627548878 945427400 611247137 462905453
1 945427400 1 462905453
3 2
344741345 52915291 464564474
344741345 3
3 1
258116784 614740438 405926017
1
3 3
534597968 552028838 366023589
534597968 1 366023589
3 3
973938737 285326165 145602992
1 973938737 2
4 3
723663472 572750912 758205905 382652783
723663472 1 382652783
2 2
666284556 622937545
1 622937545
1 1
859704665
2
1 1
220801933
220801933
2 2
658302980 474052799
658302980 658302980
4 4
772252702 146788230 514099465 220580380
772252702 146788230 1 220580380
4 4
704605435 788810986 906123411 997303476
704605435 788810986 997303476 1
4 1
360148320 309090825 723505569 632877320
632877320
4 3
155317822 317747606 4883569 855085317
855085317 317747606 1
1 1
571033632
1
4 4
263423128 335088043 840637324 27452945
263423128 1 840637324 1
4 2
553431127 982052425 172900622 302511720
553431127 2
1 1
901185668
901185668
2 2
33614584 414323486
414323486 33614584
4 2
62049992 758391759 565369855 476906330
3 565369855
3 3
729148276 819045493 489216752
729148276 2 489216752
4 3
675347220 811332939 573259083 499386507
2 573259083 499386507
3 2
92507149 727802075 641715754
2 641715754
3 3
438245873 171677800 894160410
1 171677800 894160410
4 4
400198676 717914524 11065807 998843886
1 998843886 1 11065807
3 3
258774163 973286691 348050442
258774163 973286691 1
2 2
716573841 655145335
716573841 2
2 2
767920785 712377506
767920785 1
1 1
332783232
332783232
1 1
216225782
216225782
3 3
509196023 856567288 412038311
1 856567288 412038311
4 2
715397681 141226325 606033776 76814922
5 76814922
4 1
235399943 577828391 817914501 475130628
5
2 2
443382398 535294899
535294899 535294899
2 2
730346169 275346071
730346169 1
3 3
673487480 902361980 882473558
1 902361980 2
3 2
413972403 201378350 188652307
2 188652307
2 2
604113399 631877973
2 631877973
3 2
970523960 41378853 167691553
1 167691553
4 3
445502045 55566141 526891544 808106348
2 55566141 2
1 1
564595093
564595093
1 1
636120233
636120233
2 2
598307084 624924315
598307084 1
1 1
137838850
2
3 3
835455502 784779962 555794624
1 784779962 555794624
3 3
72920089 818583368 198820620
72920089 1 198820620
3 3
649256595 433031098 637186580
649256595 649256595 637186580
2 1
43220040 964594750
1
2 2
952627066 621803580
2 621803580
1 1
113093424
113093424
2 2
674483804 149792681
674483804 149792681
1 1
823621269
823621269
3 2
680584525 334136338 521520092
521520092 3
3 3
512250466 713365407 841573275
512250466 512250466 713365407
4 1
816376436 12993694 722855705 597460867
1
1 1
875721352
1
2 2
139910064 947822611
1 947822611
2 2
402065144 184514629
184514629 2
1 1
184773218
1
2 1
248455390 49786066
2
4 4
333995230 7256921 36684633 814111496
1 7256921 36684633 814111496
4 4
42664771 575681601 160234002 925278781
42664771 42664771 2 925278781
4 2
708043201 676301862 501671257 800449559
3 708043201
1 1
137340793
137340793
2 2
476597746 505059097
505059097 505059097
4 4
233694112 181208776 14264451 591921009
181208776 181208776 181208776 2
3 3
23950266 435651834 192471245
435651834 23950266 23950266
3 2
90223316 705516990 846044711
705516990 846044711
2 1
945680672 227231148
4
3 2
311685146 641822750 570000693
570000693 570000693
3 3
363696673 203490625 377499601
363696673 203490625 377499601
2 2
128346852 610583684
128346852 1
4 4
647829995 48691961 445691856 108624630
647829995 48691961 445691856 108624630
2 2
909615391 767883461
909615391 1
4 4
416175218 376501574 4249234 868813138
416175218 376501574 4249234 868813138
3 3
763478262 5451067 76581306
763478262 5451067 76581306
4 4
31047594 56400091 475073390 212992162
2 56400091 56400091 2
1 1
114521500
114521500
2 2
681840966 282058735
681840966 282058735
1 1
320496927
320496927
2 2
631257605 457015286
631257605 457015286
2 1
355744172 747619958
3
1 1
897376155
897376155
2 2
649950506 461891357
1 461891357
1 1
871858719
1
4 3
173697883 504577555 813306012 199183437
2 504577555 2
2 2
520646745 171738865
1 171738865
4 2
692863754 477738919 6182484 315224982
692863754 315224982
3 3
327792468 751951865 295316695
327792468 1 295316695
2 2
235462944 829459904
235462944 829459904
4 4
991015851 621399021 381910807 865027887
1 991015851 381910807 865027887
4 4
260311365 613675883 367234640 636630677
1 613675883 1 636630677
4 4
389653206 939372983 643994872 172697314
1 939372983 643994872 172697314
4 4
462012911 158679002 380033267 291752909
1 158679002 380033267 291752909
1 1
511869918
511869918
1 1
610320666
1
1 1
333570117
333570117
4 4
408409679 547702290 387276276 254323512
408409679 1 387276276 1
2 1
901097660 658425097
3
2 2
218741549 506429643
1 506429643
1 1
895032977
1
1 1
621242421
2
2 2
860305843 489252822
1 489252822
4 4
756100997 381159643 942098194 642538589
756100997 381159643 1 381159643
4 4
619491333 464870031 380398202 1304040
1 464870031 380398202 1304040
2 2
347008635 765546020
347008635 765546020
2 1
266361648 730491963
730491963
2 2
579824248 29878393
579824248 29878393
3 3
788021634 195782448 268751500
788021634 195782448 1
2 2
978287333 918939263
978287333 978287333
2 2
105644466 23566981
2 23566981
3 2
804360381 196552145 519608992
1 519608992
3 2
999522781 868863853 659860839
2 659860839
4 4
310393807 82001060 570782493 169222385
310393807 1 570782493 2
2 2
663354876 920882350
663354876 920882350
1 1
923567796
923567796
4 3
508003524 46552562 390862710 380555010
1 46552562 4
4 4
877480822 669792676 948619163 1477601
877480822 669792676 948619163 1
4 3
832789501 502796665 20964632 106495084
832789501 502796665 2
2 2
632277643 673223801
632277643 632277643
3 3
738589141 795711836 671434012
738589141 795711836 671434012
3 3
946669982 66062490 744501325
946669982 66062490 744501325
2 2
624314935 49180227
624314935 49180227
1 1
465125271
2
4 2
368949681 412442925 865275815 145495638
865275815 145495638
1 1
587371921
587371921
3 3
294528282 546815162 670676372
294528282 1 670676372
1 1
730332289
730332289
2 2
297207057 526356339
297207057 2
1 1
866189323
1
2 2
195834348 648000883
1 648000883
3 3
691673942 16384527 249069436
1 16384527 1
1 1
14590588
2
2 2
886327702 588639569
886327702 886327702
2 2
958862112 23126273
958862112 23126273
2 2
728710793 627223938
627223938 1
3 3
949064792 519730913 868873995
949064792 1 868873995
1 1
773712685
1
3 3
84943901 839675304 150408125
150408125 1 150408125
4 3
285810543 985916176 751722955 84868878
2 751722955 84868878
4 4
292686711 388698199 275421360 27906343
292686711 388698199 275421360 27906343
2 1
831364596 404796399
1
3 2
315881128 830464748 502596415
315881128 1
2 2
797910840 671467085
797910840 671467085
1 1
60904270
60904270
2 1
672572648 662895842
1
3 1
150627101 98714566 646952961
646952961
4 4
359569448 911147411 480252565 69359012
359569448 1 480252565 69359012
4 4
60843610 719989908 699309431 547497953
60843610 719989908 699309431 547497953
1 1
980146833
980146833
3 3
23995648 98521048 75876497
1 98521048 75876497
1 1
921009100
921009100
4 4
501536292 766686143 41149029 213757596
501536292 766686143 41149029 41149029
1 1
757291494
2
1 1
360198796
360198796
4 4
734642879 917638480 542236603 26565351
1 917638480 542236603 26565351
2 2
434685008 869095180
1 869095180
4 1
474673915 818118593 625877034 248218119
7
1 1
435966426
435966426
4 1
670613237 609030977 961946797 975068715
6
4 3
56744786 30083455 195242386 109392289
195242386 195242386 2
1 1
253322370
1
4 3
786478379 160936738 494997063 979377906
2 494997063 1
2 2
818490821 677523546
677523546 677523546
3 3
881966953 185620150 90838084
881966953 185620150 1
3 3
126218319 786928036 660336476
126218319 786928036 660336476
2 2
398317538 599749597
599749597 1
1 1
112102093
2
2 2
80208997 467803484
1 467803484
2 1
252162405 605731804
3
4 4
224728309 268790569 300310234 367346179
224728309 1 300310234 1
4 3
991495833 827033343 309149998 617080076
2 827033343 4
4 4
548640460 494297861 483149139 672561625
548640460 494297861 672561625 1
2 2
398436334 548438349
398436334 2
2 1
164450929 169689141
2
2 2
942105000 803034446
1 803034446
3 2
474901481 128540765 81136174
81136174 4
2 2
275533725 928558390
1 928558390
2 2
660603240 521002219
660603240 1
1 1
531317800
531317800
4 4
371707137 499371254 244774211 464761482
1 499371254 244774211 1
3 3
505236204 375925013 799826397
799826397 375925013 375925013
1 1
260657123
260657123
3 3
490137762 870023127 939136245
490137762 1 939136245
3 1
186411513 779872407 925111447
2
4 4
828308549 266080466 697899349 787275856
1 266080466 697899349 2
2 2
882425963 653442081
882425963 653442081
4 4
722485459 193081652 807968250 975456599
1 193081652 807968250 1
1 1
920343056
2
2 2
147574185 814718862
147574185 1
1 1
756730754
756730754
1 1
855102129
855102129
1 1
521840853
521840853
1 1
584148816
1
4 4
440116034 701433919 649637993 277021375
440116034 1 649637993 1
1 1
791392741
791392741
3 2
91165752 812123773 709456996
2 709456996
4 4
757518477 53044433 45758185 66534418
1 53044433 1 66534418
4 4
261176360 983625326 644599751 430822624
261176360 983625326 644599751 430822624
3 2
167205108 647507445 688108807
167205108 3
1 1
993424379
1
2 2
77808575 325547873
325547873 325547873
2 2
1187003 59214487
1 1187003
4 3
426912706 796208518 660443053 24671001
426912706 796208518 1
3 2
822867668 65638006 979615880
4 979615880
1 1
821186725
821186725
1 1
241132435
241132435
4 4
311072396 37011335 641015670 353033998
1 37011335 1 353033998
3 3
492844836 490597001 19887671
492844836 1 19887671
2 2
191183672 285426050
285426050 1
4 4
4149375 762610040 776360295 299416446
1 762610040 776360295 1
1 1
115817124
1
2 2
562930226 669798828
562930226 669798828
1 1
816844978
2
4 4
30588072 442255643 782248602 84885299
30588072 1 782248602 1
1 1
451859438
451859438
4 3
2593702 395737822 693169549 209828714
1 693169549 209828714
2 2
134589257 457077997
134589257 1
4 3
188851145 895137588 571216650 382544174
188851145 2 895137588
3 3
220871180 729427045 676763265
676763265 1 676763265
3 3
698761761 51760811 221586171
2 51760811 51760811
1 1
832600666
1
1 1
347790484
347790484
1 1
822992405
2
3 3
240222411 240492750 656894983
240222411 240492750 656894983
1 1
769193348
769193348
3 2
9050436 567318784 887427100
4 567318784
4 4
429154311 92475325 636426278 684437374
429154311 92475325 636426278 684437374
1 1
943858733
943858733
3 3
164311238 552970847 596837471
1 164311238 596837471
4 3
624260299 761049470 761082261 531554457
1 761049470 1
1 1
573398729
573398729
3 3
537960794 774505900 336167818
537960794 336167818 774505900
1 1
866932277
1
1 1
225440604
2
1 1
727244142
1
3 2
843793135 524618546 565934623
1 565934623
2 2
254164611 868472430
1 868472430
2 2
130572555 658705702
130572555 1
1 1
948943696
2
4 4
647664778 189536258 96164902 539913587
647664778 1 96164902 1
1 1
900630715
900630715
4 2
753633138 13073266 967304746 552451465
3 552451465
4 2
591792015 470989936 354265392 260250810
354265392 591792015
4 4
946428317 545451792 345707456 49744205
946428317 545451792 345707456 1
2 1
811408990 114855736
2
2 2
626024932 924064770
1 924064770
2 1
111078567 396128144
111078567
3 3
338421894 499333002 203221349
1 499333002 1
2 2
699452739 271736148
699452739 271736148
4 4
831694354 563381959 457039791 15960060
1 563381959 457039791 15960060
2 2
835801151 171915620
171915620 835801151
2 2
444483099 560129674
2 560129674
2 2
596471853 105257776
596471853 596471853
2 1
833580611 953120210
2
2 2
286555954 894059841
894059841 1
1 1
835486467
835486467
4 2
713702469 278297716 259359603 732559039
2 732559039
4 4
629818336 171327140 868427192 263307121
1 171327140 868427192 263307121
4 4
802888825 451645574 437059129 38973344
2 451645574 1 38973344
3 3
924374058 192172260 517222152
517222152 517222152 2
3 3
338633212 755121590 438194806
1 755121590 2
1 1
418374144
418374144
4 4
414740775 810275751 19846968 528166721
810275751 810275751 528166721 2
1 1
275457736
275457736
3 1
863242232 553056217 367213357
863242232
4 4
8263689 483611669 444376671 18279034
18279034 483611669 2 18279034
4 3
698162717 382096089 71614377 68760707
698162717 2 68760707
2 2
31689399 987128464
31689399 1
1 1
64797143
1
4 4
396309535 706935727 373726331 915816879
1 706935727 1 396309535
2 2
62904759 67702847
62904759 67702847
2 2
866635139 231529690
231529690 231529690
3 3
884270178 823116996 663084765
1 823116996 663084765
4 4
839472034 355562034 971428709 849625788
839472034 839472034 971428709 971428709
2 2
518197192 725826513
518197192 1
4 4
540358446 917851451 9795495 719888044
540358446 1 9795495 1
1 1
118318693
1
3 3
816995510 758684190 116184277
816995510 758684190 1
1 1
199888923
199888923
2 2
815674745 524737856
1 815674745
2 2
316740575 727423092
316740575 1
3 3
875491861 264152496 408764020
2 264152496 264152496
4 3
761161073 209986871 964500901 239764363
2 964500901 2
3 1
197299883 396722085 815937078
6
1 1
669454720
669454720
1 1
134292980
134292980
1 1
139200194
139200194
1 1
833322364
833322364
1 1
931753618
931753618
1 1
511335127
1
4 4
54515632 916887274 579322650 431274864
1 916887274 1 431274864
1 1
277091419
1
2 2
639448864 482346455
482346455 2
4 3
360722049 985519989 121661467 280536565
1 121661467 280536565
1 1
436727307
436727307
4 3
510189662 658335440 111454751 281945703
510189662 1 281945703
1 1
726438644
726438644
3 1
710430517 388388869 485656964
2
4 4
622608645 593828186 845667254 408739746
1 593828186 1 408739746
4 3
832970658 347363898 378254058 387473653
832970658 2 387473653
4 1
18762126 746517973 986015662 474027304
986015662
4 4
255864815 510894792 856034933 990262699
255864815 510894792 1 510894792
4 1
174687493 496306538 720774147 102365586
2
1 1
624302891
624302891
2 2
912382861 966094146
912382861 912382861
3 2
30460154 665080844 52117391
30460154 2
4 4
312366005 816990710 619234039 199509639
1 816990710 1 199509639
4 4
505772976 988549804 985768486 219026807
219026807 988549804 1 219026807
4 3
121496648 910862906 937817511 697013823
1 937817511 697013823
4 3
416068606 574920602 262811310 207276480
1 416068606 1
4 4
996977671 62147513 974041069 283679523
996977671 62147513 974041069 1
3 1
370816524 658393595 944649037
5
2 2
514042443 780770378
514042443 780770378
2 2
183106474 689979891
183106474 183106474
4 4
274234543 467152626 900115871 232997246
274234543 467152626 900115871 1
1 1
877224898
1
2 1
840633954 768059186
3
1 1
720586680
720586680
3 3
875303105 394420303 220643188
875303105 875303105 2
2 2
738774303 547103708
1 738774303
1 1
800841119
800841119
3 3
53939165 636045399 432010631
2 636045399 636045399
3 3
952867676 177222766 623410211
1 177222766 1
2 2
509858715 677146806
509858715 1
1 1
79132818
79132818
3 3
460232192 307648848 650370796
1 307648848 650370796
4 4
941933470 359549713 875516521 139528333
941933470 359549713 1 139528333
2 2
43674421 903072651
43674421 1
