50
7 6
3 4 1 1 3 1 2
3 4 1 2 1 2
13 13
1 1 1 2 2 5 5 4 3 2 1 1 1
1 1 1 2 2 5 5 1 3 2 1 1 1
37 24
1 5 1 2 4 5 4 1 5 1 2 1 1 2 4 3 3 4 2 3 1 2 1 2 2 5 2 2 4 3 1 1 2 3 4 4 2
1 5 1 1 5 1 2 3 3 1 4 1 1 2 5 2 4 1 1 1 2 1 4 2
10 7
2 1 5 2 1 1 2 4 1 3
3 2 1 4 1 1 2
19 13
1 1 4 4 4 1 5 4 1 5 5 5 4 2 4 5 2 1 2
1 5 5 4 1 5 1 4 2 5 1 1 1
34 28
1 5 3 4 1 2 1 3 1 2 1 3 2 1 2 3 3 3 2 2 3 4 2 4 2 3 4 1 4 1 4 3 5 1
1 5 3 4 1 2 1 3 1 2 1 3 2 3 3 1 2 2 4 2 4 3 1 4 1 3 5 1
28 22
2 3 1 4 5 3 1 3 1 1 1 5 3 4 5 1 4 3 3 1 1 1 2 1 5 1 4 4
2 2 1 1 5 3 1 3 1 5 3 1 5 1 4 3 1 1 2 1 4 1
14 12
4 1 2 5 4 3 5 1 4 4 2 3 4 1
3 1 2 5 4 3 1 1 2 2 2 1
40 29
5 4 2 2 1 1 3 4 1 2 1 3 1 1 5 3 1 4 4 2 1 5 4 2 5 4 1 2 5 5 1 2 1 1 2 2 4 5 3 5
1 4 2 2 3 1 3 5 3 1 2 2 1 5 4 1 5 4 1 2 1 5 1 2 4 4 5 1 5
34 27
2 5 5 5 1 3 4 4 5 2 3 4 3 3 1 2 4 3 4 1 5 2 3 2 3 5 4 5 1 2 3 3 4 3
1 5 5 3 1 4 1 2 3 4 1 4 3 4 1 5 2 2 3 5 4 5 2 3 3 4 1
19 17
3 2 1 5 1 1 1 3 3 4 3 4 2 4 5 1 5 3 1
3 1 1 5 1 1 1 5 1 3 4 1 4 2 5 1 4
19 12
5 2 5 3 3 4 4 1 2 4 2 2 1 3 4 1 1 2 1
3 5 1 4 4 2 4 2 3 4 4 1
8 8
4 4 4 4 5 3 2 1
4 4 4 4 1 3 2 1
28 22
5 4 5 5 2 4 5 5 1 1 5 4 5 1 2 1 3 2 3 1 4 4 5 1 4 5 1 5
4 2 4 1 5 1 1 5 4 5 1 1 3 2 1 1 1 4 1 5 1 5
35 25
1 4 2 3 2 1 1 3 2 2 4 3 5 5 5 1 3 1 1 1 1 5 4 5 3 1 3 4 3 3 2 2 2 4 1
1 1 2 3 1 1 3 1 2 1 4 1 1 1 5 4 6 3 1 3 3 1 2 4 1
37 25
2 1 5 2 5 2 2 3 5 5 1 4 4 5 1 1 4 2 3 4 3 4 4 1 3 3 5 1 5 1 4 1 4 5 1 2 3
2 1 2 1 5 2 4 5 1 1 4 2 1 4 3 1 3 1 5 1 4 1 4 5 1
5 3
5 5 4 2 5
3 2 5
32 25
2 2 4 3 5 3 1 2 3 2 4 3 1 3 4 4 1 4 4 5 1 5 5 5 3 2 2 1 5 2 1 5
1 2 4 3 5 3 1 3 4 3 1 4 1 1 2 5 1 5 3 2 1 5 1 1 5
17 14
5 4 1 1 4 3 3 5 5 2 2 5 3 2 5 4 5
3 4 1 1 4 3 3 4 5 1 5 5 5 5
10 6
3 2 1 4 2 4 5 2 1 5
1 2 1 4 4 5
29 17
3 5 2 1 5 1 4 2 3 3 4 3 2 5 5 5 4 4 3 4 1 1 4 5 4 5 4 1 5
4 1 5 4 1 1 1 5 4 4 1 1 2 5 4 1 1
29 25
2 2 4 3 2 5 5 2 4 5 5 3 1 3 4 2 1 2 4 5 4 3 3 5 1 5 4 3 1
1 4 3 1 5 1 2 2 5 2 3 1 2 2 4 1 4 3 1 5 1 5 4 3 1
37 28
1 1 1 3 1 3 4 4 1 3 5 4 1 4 2 5 5 2 4 5 3 2 4 5 4 5 3 5 1 4 4 5 5 2 4 1 3
1 1 1 1 1 1 4 1 3 4 4 2 5 2 3 2 4 4 5 3 5 1 4 2 2 4 1 1
21 16
4 3 2 1 4 2 1 4 5 4 4 3 3 1 3 5 2 3 3 1 1
1 3 2 1 4 1 1 3 3 1 3 3 1 1 3 2
24 19
5 3 3 5 3 4 2 3 4 5 3 5 3 4 4 1 2 2 4 5 5 3 1 1
5 3 3 5 3 1 2 3 4 5 3 2 3 1 2 1 3 1 1
19 17
5 4 2 1 2 4 2 5 3 4 1 5 2 3 1 1 3 5 4
5 4 2 1 2 4 2 1 1 5 2 1 1 1 3 1 4
7 4
3 1 1 3 1 5 5
1 1 1 5
40 29
5 1 2 5 3 4 1 2 3 5 5 3 1 5 5 2 4 5 3 1 1 3 3 5 3 4 1 3 5 3 3 2 5 3 3 5 1 5 3 2
1 2 5 1 4 1 2 1 5 2 5 2 3 5 3 4 1 3 5 1 3 2 5 3 3 1 1 1 2
19 18
1 4 3 3 4 1 4 5 1 1 2 3 2 5 2 5 3 2 1
4 4 3 1 1 1 5 1 1 2 3 2 1 2 5 3 2 1
26 18
2 5 5 4 3 5 4 1 3 4 1 4 1 4 1 2 5 2 4 2 2 5 4 3 4 1
2 5 2 4 3 1 5 2 4 3 4 1 2 5 2 5 3 2
29 19
5 1 5 2 2 5 2 3 3 2 3 1 4 1 4 4 5 1 5 1 1 2 2 5 2 4 2 1 1
3 2 1 5 1 3 2 3 1 1 1 2 2 5 2 1 2 1 1
31 29
3 5 2 4 3 2 2 2 3 1 3 2 1 5 1 1 5 1 2 1 4 4 2 2 2 1 1 2 4 1 5
1 5 2 4 3 2 1 2 3 1 3 2 1 5 1 1 5 1 2 1 2 2 2 2 1 1 1 4 1
39 29
1 3 3 2 5 5 1 2 1 3 1 2 3 2 3 5 5 3 3 2 1 1 5 5 1 3 3 4 5 1 1 1 3 2 3 4 1 2 5
1 3 3 2 1 5 2 3 1 1 2 3 5 5 3 1 2 2 5 5 1 1 1 1 1 4 1 2 1
7 6
1 1 5 1 1 1 4
1 5 1 1 1 4
24 21
2 5 4 5 4 4 4 1 2 5 4 1 2 2 2 2 4 4 3 2 2 4 2 5
2 2 5 4 4 4 1 2 5 4 1 2 2 2 1 4 1 3 1 4 1
16 10
5 1 3 2 2 3 1 5 4 1 4 4 5 1 3 4
5 6 3 1 2 4 1 1 1 4
30 22
5 4 2 4 4 2 5 4 2 3 5 2 4 2 3 4 1 4 5 1 3 3 1 4 4 1 2 5 4 5
1 2 2 4 1 2 1 2 5 4 2 5 1 2 1 4 4 2 2 1 4 5
10 5
2 1 5 1 2 1 1 3 1 3
1 1 10 5 3
9 7
5 1 5 2 5 4 3 2 4
5 2 2 2 3 2 4
12 7
2 1 3 4 5 4 4 2 1 2 5 3
5 1 5 8 1 1 3
20 16
1 4 3 5 4 5 5 5 3 5 4 4 1 5 1 1 1 3 3 5
1 1 3 5 1 5 3 5 4 4 1 5 1 1 1 3
17 17
4 5 3 4 5 5 1 2 5 5 1 2 2 2 2 4 1
4 5 3 4 1 5 1 2 5 5 1 1 2 2 2 4 1
13 10
5 3 2 5 3 3 5 3 4 2 5 2 5
5 3 1 5 1 3 4 1 5 2
34 32
2 3 3 2 3 3 5 1 2 3 1 3 5 2 3 2 4 1 4 1 2 1 2 5 4 3 1 5 1 3 3 4 5 1
2 1 3 2 3 3 2 2 3 1 3 3 3 1 4 3 4 1 1 1 1 5 4 3 1 5 1 1 5 1 3 1
21 15
5 2 3 3 3 5 1 1 1 4 4 1 2 4 2 2 1 2 5 1 1
5 2 3 5 1 1 1 2 1 1 4 2 2 4 1
13 9
1 1 4 3 2 4 5 5 4 3 1 4 2
1 3 4 1 4 3 1 4 3
34 29
1 5 3 1 1 4 1 5 1 1 4 5 5 1 5 1 4 5 5 5 5 3 4 5 5 1 2 5 3 3 2 2 2 3
1 5 1 1 1 4 1 1 1 4 5 1 1 2 4 1 5 1 3 4 3 2 5 1 3 2 2 2 1
18 15
5 5 3 5 2 3 2 5 3 4 5 2 1 5 3 5 2 1
5 3 5 1 3 2 5 3 4 1 5 3 5 2 1
12 9
3 1 4 5 1 4 3 4 2 5 4 5
3 1 1 5 1 4 1 4 1
40 30
3 5 5 3 5 5 5 3 1 1 1 5 3 4 5 1 1 1 1 1 5 1 1 3 2 3 3 4 5 5 2 5 4 2 2 5 3 3 3 2
1 5 1 5 2 1 1 1 5 1 4 1 1 1 1 2 5 1 1 3 2 1 3 4 5 2 5 1 3 1
