50
14 11
3 6 1 10 8 11 1 4 1 1 2 2 5 6
3 6 2 11 1 6 2 1 2 11 2
40 35
4 5 3 1 3 13 3 10 5 4 2 4 1 2 7 1 9 5 2 1 4 4 5 10 3 1 9 7 5 9 7 7 7 10 1 1 1 6 2 6
1 5 1 3 1 3 10 5 4 2 4 1 2 7 1 1 1 4 5 1 3 1 9 1 5 2 7 7 10 1 1 1 1 2 1
14 9
1 1 5 5 1 4 12 1 5 7 4 9 10 2
1 1 4 12 5 2 4 2 2
22 12
1 6 5 11 6 6 4 13 2 10 2 3 3 2 2 5 1 2 1 8 7 3
1 2 4 13 1 2 2 2 1 1 7 1
28 24
4 2 7 15 10 6 10 1 1 2 10 2 1 4 2 3 8 8 1 1 1 16 3 10 2 5 10 2
1 15 10 6 1 1 2 1 10 1 1 1 2 3 1 8 1 1 2 10 2 5 10 2
31 22
3 11 7 1 2 3 3 6 4 1 3 3 2 11 1 1 3 4 4 5 4 1 12 5 1 4 4 9 4 5 3
3 2 2 2 6 4 1 3 3 2 11 2 3 1 4 2 12 2 4 9 1 3
9 5
3 3 1 2 11 1 6 4 3
3 3 1 1 3
36 27
7 3 5 12 1 2 3 9 7 3 5 3 6 5 5 2 6 3 2 4 6 3 6 3 7 13 4 2 2 2 1 1 1 10 5 2
7 3 1 12 1 2 3 1 7 1 5 3 2 5 2 1 3 2 4 1 2 1 1 1 10 1 2
39 33
2 10 3 2 12 7 7 3 4 2 4 8 8 3 8 13 4 6 1 4 7 3 8 10 7 4 1 3 4 1 2 4 12 1 1 2 4 3 4
1 10 3 2 1 7 7 3 1 2 2 8 3 8 13 4 6 3 3 1 7 1 1 3 4 1 2 2 1 2 4 3 4
37 25
10 5 3 3 7 2 1 6 10 3 2 1 3 3 1 13 5 1 2 11 3 2 6 12 7 3 8 6 2 2 3 2 4 4 1 3 2
10 5 3 1 2 1 1 3 1 13 1 1 2 1 3 2 7 1 8 1 2 2 4 1 1
29 20
5 1 9 3 1 12 2 1 5 4 4 1 9 5 4 2 2 3 3 5 4 14 1 3 1 2 3 2 1
1 9 1 1 1 1 2 4 1 9 1 2 1 3 1 1 3 3 2 1
31 26
3 1 3 5 2 3 3 10 2 2 4 6 1 2 4 5 5 8 4 1 8 3 2 4 10 3 7 25 3 1 5
3 1 1 5 1 3 10 2 2 1 6 1 1 4 1 5 1 1 8 3 2 1 25 1 1 1
25 18
1 2 1 6 6 1 7 6 10 2 9 16 2 2 2 4 3 3 4 4 1 1 3 1 8
1 2 2 6 6 1 2 2 4 2 1 3 1 4 4 2 3 1
22 17
6 3 4 4 2 4 7 1 1 2 7 5 17 1 7 1 4 6 1 12 9 17
2 4 2 1 7 2 2 7 5 17 1 7 2 6 2 9 1
19 17
18 2 2 6 1 1 5 8 4 8 11 1 2 13 2 4 2 1 5
18 2 2 1 1 5 1 8 11 1 2 1 2 4 2 1 5
32 21
1 7 3 4 9 9 3 9 7 11 18 8 3 7 4 7 6 5 7 6 12 1 1 1 5 1 6 3 6 3 2 8
1 7 2 9 1 9 7 1 8 3 6 2 12 1 1 9 1 6 3 1 8
31 27
3 3 7 1 7 9 10 2 2 5 10 10 3 6 6 2 4 1 6 5 9 10 5 8 4 2 4 3 2 2 9
1 7 9 1 2 2 5 1 10 3 1 6 2 4 1 1 5 9 10 1 8 4 1 3 2 2 9
22 14
12 10 2 2 2 3 3 11 10 6 2 5 8 2 3 12 10 2 2 3 8 4
1 10 1 2 1 2 1 12 10 2 2 1 8 1
26 24
1 3 4 5 9 6 9 4 2 11 3 15 5 1 1 6 3 10 4 3 6 4 12 1 1 1
1 3 4 5 3 4 2 11 3 15 5 3 1 6 3 10 4 3 1 4 12 1 1 1
38 34
4 3 4 2 3 1 6 2 2 2 8 6 2 9 1 2 1 2 3 3 8 1 5 9 1 2 3 1 9 2 1 4 1 6 5 4 12 6
1 3 4 1 1 1 2 2 2 1 6 2 1 1 2 3 1 8 1 5 9 1 2 3 1 9 1 1 1 1 1 5 4 1
33 23
2 5 3 1 9 5 7 1 1 4 3 4 1 4 3 4 1 3 7 11 2 4 9 5 1 3 2 4 4 8 5 10 9
2 1 3 3 4 1 1 4 3 4 1 3 1 11 1 4 9 5 1 5 5 10 9
7 7
2 7 4 2 2 5 7
2 2 4 2 7 5 7
32 24
2 1 1 3 1 3 5 4 6 10 2 3 10 3 6 4 4 14 4 2 1 10 3 4 4 4 3 2 1 9 1 6
2 2 3 1 1 5 1 9 3 3 3 3 2 10 3 4 4 1 3 1 1 9 1 2
21 20
2 4 2 4 6 5 1 1 1 5 2 12 3 6 2 2 13 17 3 1 8
1 4 1 4 6 5 1 1 1 1 2 12 3 6 2 2 13 1 3 1
34 25
5 10 7 9 1 10 2 6 2 2 2 2 10 4 1 2 2 1 3 4 3 5 2 4 6 5 5 1 2 1 1 2 1 2
2 10 7 1 10 2 6 2 1 4 2 4 1 2 2 1 2 5 2 4 1 5 1 1 1
19 13
10 3 1 1 11 8 6 2 2 5 12 5 9 11 5 1 12 3 3
1 3 2 11 1 2 5 5 5 3 12 3 1
31 24
19 1 4 20 1 3 6 3 1 6 2 1 5 1 1 1 9 3 6 2 1 5 9 5 4 19 4 5 16 7 4
1 4 20 3 6 1 1 1 1 5 1 1 1 9 5 9 5 4 1 4 5 16 1 4
18 18
9 6 3 3 6 7 17 7 2 3 3 2 8 6 5 1 2 1
9 6 3 1 6 7 1 7 2 3 3 1 8 1 5 1 2 1
7 7
2 2 7 1 7 1 5
2 2 2 1 7 1 1
15 12
9 3 7 1 15 6 2 7 5 2 1 4 10 2 2
9 3 1 15 1 7 1 2 1 4 10 1
19 11
12 3 4 5 8 3 5 3 7 7 2 8 13 1 9 3 10 5 7
3 4 5 4 7 1 8 13 1 5 7
38 33
2 11 4 1 3 2 1 2 3 4 2 6 10 10 3 4 7 11 1 8 1 12 3 2 3 1 6 6 1 4 10 5 11 2 8 1 4 4
2 4 1 3 2 1 2 4 2 6 2 10 3 4 7 1 1 1 1 12 4 3 1 2 6 3 5 11 2 8 1 4 1
15 9
13 6 8 2 5 3 3 6 10 4 1 1 1 5 2
13 3 5 1 3 1 10 5 2
13 12
10 9 1 3 1 11 3 1 3 4 2 7 1
1 1 3 2 11 3 1 3 1 2 7 1
34 18
1 1 3 7 1 5 9 3 1 1 1 1 1 2 3 4 12 2 5 6 2 3 3 3 9 4 4 3 4 9 9 5 3 1
2 1 1 9 3 5 2 4 3 3 9 2 3 4 1 9 5 2
34 27
1 6 4 7 5 3 5 3 9 2 1 5 1 1 2 7 6 7 9 4 5 2 8 1 6 2 8 1 3 7 6 10 1 3
1 6 1 7 5 1 5 2 5 1 1 2 7 6 3 5 2 2 2 8 1 3 1 6 1 1 3
35 29
2 5 13 2 3 3 9 3 5 4 8 2 1 2 1 5 1 13 3 2 3 5 3 6 1 3 7 1 2 10 6 11 1 5 5
2 1 13 2 3 3 9 3 5 4 8 2 1 2 1 5 1 3 2 3 1 1 2 1 2 10 1 5 1
40 27
4 1 3 10 4 1 7 15 3 3 2 6 1 5 5 9 2 1 5 6 1 5 4 8 2 1 1 1 1 4 2 7 9 19 2 8 14 7 6 5
1 1 3 1 4 1 2 3 1 6 2 9 1 1 3 5 3 1 1 1 1 2 7 9 19 2 2
8 1
1 6 6 10 2 2 4 12
1
31 19
1 5 2 3 8 1 3 3 11 1 1 1 1 4 1 2 8 8 2 3 1 18 4 6 2 3 7 4 7 3 2
4 8 1 2 11 2 1 1 4 1 1 8 8 4 6 1 3 3 2
24 15
5 2 7 21 3 4 7 12 2 2 12 3 6 4 2 1 3 2 7 8 8 4 1 2
1 2 7 2 4 4 12 1 2 12 3 2 6 4 1
22 16
2 5 3 2 4 5 7 3 2 3 3 8 4 5 1 7 5 7 1 18 16 11
2 3 4 1 7 1 2 1 5 1 5 7 1 18 16 1
10 7
1 15 6 4 1 1 5 1 1 3
1 1 1 2 1 3 3
14 10
3 4 5 3 6 6 2 4 13 3 3 1 9 1
2 6 6 1 4 13 2 1 9 1
39 34
4 7 1 2 3 6 3 5 7 4 2 3 2 1 1 8 3 12 3 10 5 1 2 5 3 1 1 21 3 14 2 3 3 7 2 21 5 2 3
4 2 2 3 2 3 2 2 6 1 1 3 12 5 1 5 1 2 5 3 1 3 21 1 14 2 3 1 7 2 1 5 2 3
35 28
9 19 7 2 1 13 3 5 1 2 2 1 1 5 6 1 4 5 4 4 5 2 6 8 2 2 12 4 1 3 1 3 6 7 4
1 7 1 1 3 5 1 2 2 1 5 1 1 4 5 4 4 1 6 8 2 1 4 3 3 7 1 4
33 27
8 3 3 5 1 1 5 1 8 2 1 3 1 2 10 5 2 1 1 15 9 5 1 5 14 3 16 4 8 8 5 3 2
1 3 3 5 1 8 2 3 1 2 10 1 2 1 9 1 1 1 14 1 16 4 8 1 5 3 1
15 13
2 5 1 3 1 1 3 7 2 1 1 2 8 9 1
1 3 1 1 3 7 2 1 1 2 8 9 1
20 20
2 12 1 4 4 3 3 2 4 1 3 2 10 1 12 2 1 2 8 9
4 12 1 1 4 1 3 2 4 1 1 2 10 1 12 2 1 2 8 9
25 18
1 2 4 6 2 10 3 3 8 1 6 5 11 6 1 1 1 1 7 1 6 7 2 9 2
1 2 1 6 2 10 3 1 8 1 6 5 11 2 7 1 9 1
